Time	ax	ay	az	gx	gy	gz
0.014	0.10298583984375001	-0.0814306640625	9.74533447265625	-0.335693359375	0.213623046875	0.52642822265625
0.022	0.11017089843750001	-0.05987548828125	9.702224121093751	-0.16021728515625	0.1068115234375	0.54168701171875
0.031	0.08861572265625	-0.06466552734375	9.702224121093751	-0.31280517578125	-0.02288818359375	0.48828125
0.04	0.047900390625000004	-0.124541015625	9.62558349609375	-0.1220703125	0.18310546875	0.51116943359375
0.049	0.09340576171875001	-0.06466552734375	9.776469726562501	-0.2593994140625	0.17547607421875	0.457763671875
0.058	0.009580078125	-0.07424560546875	9.769284667968751	-0.2593994140625	0.1373291015625	0.52642822265625
0.066	0.0622705078125	-0.10538085937500001	9.79802490234375	-0.43487548828125	0.08392333984375	0.58746337890625
0.075	0.01916015625	-0.05987548828125	9.666298828125	-0.3662109375	0.28228759765625	0.4119873046875
0.083	0.0718505859375	0.00718505859375	9.6710888671875	-0.2288818359375	-0.030517578125	0.38909912109375
0.092	0.076640625	-0.086220703125	9.7860498046875	-0.23651123046875	0.03814697265625	0.6256103515625
0.101	0.0622705078125	-0.09101074218750001	9.72617431640625	-0.28228759765625	0.55694580078125	0.41961669921875
0.109	0.143701171875	-0.07903564453125	9.702224121093751	-0.06866455078125	0.11444091796875	0.55694580078125
0.118	0.03592529296875	-0.050295410156250005	9.79083984375	-0.16021728515625	-0.0457763671875	0.4119873046875
0.126	0.03113525390625	0.0047900390625	9.754914550781251	-0.11444091796875	0.00762939453125	0.457763671875
0.135	0.03113525390625	0.009580078125	9.70701416015625	-0.244140625	0.18310546875	0.78582763671875
0.143	0.07424560546875	-0.05748046875	9.70701416015625	-0.06103515625	-0.030517578125	0.51116943359375
0.152	0.04071533203125	-0.07424560546875	9.75970458984375	-0.1068115234375	-0.1220703125	0.5645751953125
0.161	0.0814306640625	-0.01916015625	9.73096435546875	-0.06866455078125	-0.1983642578125	0.54168701171875
0.169	0.09101074218750001	-0.055085449218750006	9.695039062500001	-0.19073486328125	-0.05340576171875	0.37384033203125
0.179	0.03592529296875	-0.067060546875	9.77886474609375	0.03814697265625	-0.0457763671875	0.38909912109375
0.187	0.04071533203125	-0.052690429687500005	9.71180419921875	-0.1068115234375	0.00762939453125	0.457763671875
0.195	0.067060546875	-0.00239501953125	9.71419921875	0.0	-0.030517578125	0.41961669921875
0.203	0.023950195312500002	-0.0718505859375	9.6519287109375	-0.09918212890625	0.0	0.5340576171875
0.211	0.0431103515625	-0.06945556640625	9.687854003906251	-0.2899169921875	-0.030517578125	0.64849853515625
0.221	0.052690429687500005	-0.05987548828125	9.7573095703125	-0.1678466796875	0.06866455078125	0.518798828125
0.229	0.0431103515625	-0.10059082031250001	9.69264404296875	-0.06866455078125	-0.0152587890625	0.49591064453125
0.238	0.07424560546875	-0.05748046875	9.73096435546875	-0.32806396484375	0.03814697265625	0.75531005859375
0.246	-0.01916015625	-0.03592529296875	9.67587890625	-0.17547607421875	-0.28228759765625	0.61798095703125
0.256	0.05748046875	-0.0431103515625	9.6615087890625	-0.28228759765625	-0.0152587890625	0.64849853515625
0.264	0.0	-0.10059082031250001	9.680668945312501	-0.1983642578125	-0.1678466796875	0.48828125
0.273	0.05987548828125	-0.05748046875	9.647138671875	-0.335693359375	-0.0152587890625	0.4425048828125
0.282	0.09819580078125001	-0.0814306640625	9.7189892578125	-0.30517578125	-0.0152587890625	0.457763671875
0.291	0.076640625	-0.01916015625	9.73096435546875	-0.19073486328125	-0.03814697265625	0.29754638671875
0.3	0.023950195312500002	-0.028740234375	9.7381494140625	-0.335693359375	-0.0152587890625	0.55694580078125
0.309	0.0718505859375	-0.12214599609375	9.6998291015625	-0.0762939453125	0.09918212890625	0.579833984375
0.318	0.06945556640625	-0.0431103515625	9.75012451171875	-0.2899169921875	0.00762939453125	0.35858154296875
0.326	0.06466552734375	-0.047900390625000004	9.73575439453125	-0.26702880859375	0.20599365234375	0.37384033203125
0.334	0.01676513671875	-0.055085449218750006	9.71419921875	-0.2899169921875	0.02288818359375	0.40435791015625
0.344	0.047900390625000004	-0.05748046875	9.793234863281251	-0.4425048828125	0.4425048828125	0.55694580078125
0.352	0.07424560546875	-0.047900390625000004	9.66869384765625	-0.32806396484375	0.3662109375	0.67901611328125
0.361	0.0622705078125	-0.05987548828125	9.67587890625	-0.48828125	0.213623046875	0.5035400390625
0.37	0.03592529296875	-0.05987548828125	9.70701416015625	-0.22125244140625	0.0762939453125	0.6866455078125
0.378	0.050295410156250005	-0.045505371093750004	9.8052099609375	-0.213623046875	0.29754638671875	0.4119873046875
0.388	0.02155517578125	-0.050295410156250005	9.6902490234375	-0.25177001953125	0.06103515625	0.61798095703125
0.396	0.05987548828125	-0.0383203125	9.702224121093751	-0.37384033203125	-0.11444091796875	0.35858154296875
0.405	0.09340576171875001	-0.10298583984375001	9.747729492187501	-0.18310546875	0.22125244140625	0.5340576171875
0.413	0.023950195312500002	-0.047900390625000004	9.72617431640625	-0.18310546875	-0.030517578125	0.34332275390625
0.422	0.009580078125	-0.0383203125	9.73096435546875	0.030517578125	-0.25177001953125	0.67901611328125
0.431	0.0143701171875	-0.09101074218750001	9.7381494140625	-0.11444091796875	-0.30517578125	0.518798828125
0.44	0.03113525390625	-0.052690429687500005	9.769284667968751	-0.05340576171875	-0.335693359375	0.5340576171875
0.448	0.045505371093750004	-0.01676513671875	9.75012451171875	-0.244140625	-0.34332275390625	0.40435791015625
0.457	0.15088623046875002	0.0	9.769284667968751	-0.18310546875	-0.63323974609375	0.5035400390625
0.465	0.055085449218750006	-0.028740234375	9.75012451171875	-0.2593994140625	-0.3509521484375	0.60272216796875
0.475	0.11017089843750001	-0.0383203125	9.687854003906251	-0.030517578125	-0.55694580078125	0.40435791015625
0.484	0.086220703125	-0.04071533203125	9.72138427734375	-0.1068115234375	-0.51116943359375	0.48828125
0.492	0.05987548828125	-0.055085449218750006	9.72617431640625	-0.030517578125	-0.2593994140625	0.49591064453125
0.501	0.026345214843750003	-0.02155517578125	9.7860498046875	-0.17547607421875	-0.35858154296875	0.48065185546875
0.51	0.02155517578125	-0.009580078125	9.687854003906251	-0.0152587890625	-0.30517578125	0.48065185546875
0.519	0.06466552734375	-0.07903564453125	9.76449462890625	-0.20599365234375	-0.48828125	0.518798828125
0.529	0.05987548828125	-0.10059082031250001	9.723779296875	-0.091552734375	-0.396728515625	0.46539306640625
0.538	0.05987548828125	-0.06466552734375	9.66390380859375	-0.19073486328125	-0.46539306640625	0.69427490234375
0.547	0.04071533203125	-0.08861572265625	9.79802490234375	-0.09918212890625	-0.38909912109375	0.67901611328125
0.556	0.07424560546875	0.011975097656250001	9.7189892578125	-0.11444091796875	-0.274658203125	0.4730224609375
0.565	0.0335302734375	-0.06466552734375	9.6998291015625	-0.28228759765625	-0.213623046875	0.35858154296875
0.574	-0.01676513671875	-0.08861572265625	9.75970458984375	-0.244140625	-0.45013427734375	0.54168701171875
0.583	0.028740234375	-0.06466552734375	9.687854003906251	-0.0457763671875	-0.3509521484375	0.5035400390625
0.592	0.05987548828125	-0.06945556640625	9.702224121093751	-0.0762939453125	-0.29754638671875	0.23651123046875
0.602	0.10298583984375001	-0.0431103515625	9.71180419921875	-0.20599365234375	-0.1983642578125	0.51116943359375
0.611	0.10538085937500001	-0.023950195312500002	9.69743408203125	-0.17547607421875	-0.22125244140625	0.57220458984375
0.62	0.07424560546875	-0.055085449218750006	9.7668896484375	0.02288818359375	-0.640869140625	0.48828125
0.628	0.07424560546875	0.023950195312500002	9.649533691406251	0.1068115234375	-0.64849853515625	0.3814697265625
0.636	0.0814306640625	-0.023950195312500002	9.695039062500001	-0.06866455078125	-0.55694580078125	0.55694580078125
0.646	0.01916015625	-0.06466552734375	9.6902490234375	0.09918212890625	-0.640869140625	0.4425048828125
0.655	0.026345214843750003	-0.05748046875	9.69264404296875	0.274658203125	-1.0833740234375	0.54931640625
0.663	0.01676513671875	-0.05748046875	9.762099609375001	0.396728515625	-0.93841552734375	0.66375732421875
0.672	0.143701171875	-0.06945556640625	9.77886474609375	0.14495849609375	-0.8697509765625	0.579833984375
0.681	0.07903564453125	-0.023950195312500002	9.695039062500001	0.16021728515625	-0.93841552734375	0.5035400390625
0.691	0.06945556640625	-0.00718505859375	9.716594238281251	0.1373291015625	-0.8544921875	0.48828125
0.7	0.09340576171875001	-0.1197509765625	9.814790039062501	0.152587890625	-0.8392333984375	0.35858154296875
0.709	0.10059082031250001	-0.047900390625000004	9.649533691406251	0.23651123046875	-0.72479248046875	0.518798828125
0.718	0.067060546875	-0.124541015625	9.75012451171875	0.29754638671875	-0.732421875	0.54931640625
0.727	0.10298583984375001	-0.05987548828125	9.781259765625	0.03814697265625	-0.45013427734375	0.4425048828125
0.736	0.02155517578125	-0.10777587890625001	9.680668945312501	-0.06866455078125	-0.518798828125	0.49591064453125
0.745	0.09340576171875001	0.00239501953125	9.62558349609375	-0.152587890625	-0.19073486328125	0.4119873046875
0.753	0.05748046875	-0.045505371093750004	9.7189892578125	-0.091552734375	0.152587890625	0.457763671875
0.761	0.04071533203125	-0.055085449218750006	9.67827392578125	0.030517578125	0.0457763671875	0.46539306640625
0.77	0.09580078125000001	-0.05748046875	9.71419921875	-0.16021728515625	-0.09918212890625	0.57220458984375
0.779	0.03113525390625	-0.10298583984375001	9.695039062500001	-0.17547607421875	0.18310546875	0.48828125
0.788	0.0431103515625	-0.0383203125	9.73096435546875	-0.152587890625	-0.05340576171875	0.46539306640625
0.796	0.14609619140625002	-0.0622705078125	9.6615087890625	-0.1373291015625	-0.030517578125	0.4730224609375
0.805	0.06945556640625	-0.07424560546875	9.73575439453125	-0.23651123046875	0.0762939453125	0.4730224609375
0.815	0.05748046875	-0.07424560546875	9.685458984375	-0.152587890625	0.03814697265625	0.29754638671875
0.823	0.09101074218750001	-0.0047900390625	9.680668945312501	-0.03814697265625	0.091552734375	0.640869140625
0.831	0.0718505859375	-0.047900390625000004	9.7573095703125	-0.2593994140625	0.030517578125	0.6103515625
0.84	0.0143701171875	-0.12214599609375	9.7860498046875	-0.17547607421875	0.03814697265625	0.5035400390625
0.848	0.026345214843750003	-0.06945556640625	9.70701416015625	-0.16021728515625	0.0	0.66375732421875
0.857	0.1484912109375	-0.03592529296875	9.79083984375	-0.22125244140625	-0.02288818359375	0.518798828125
0.866	0.011975097656250001	-0.067060546875	9.642348632812501	-0.1678466796875	-0.1373291015625	0.57220458984375
0.875	0.09340576171875001	-0.04071533203125	9.71180419921875	-0.244140625	-0.06103515625	0.6866455078125
0.884	0.02155517578125	-0.011975097656250001	9.7381494140625	-0.22125244140625	-0.1373291015625	0.61798095703125
0.892	0.03113525390625	-0.03592529296875	9.7716796875	-0.1678466796875	0.1220703125	0.61798095703125
0.902	0.0718505859375	-0.01676513671875	9.75251953125	-0.20599365234375	0.091552734375	0.42724609375
0.91	0.0718505859375	-0.009580078125	9.6519287109375	-0.17547607421875	-0.0152587890625	0.41961669921875
0.919	0.076640625	-0.0335302734375	9.84113525390625	-0.29754638671875	-0.02288818359375	0.4730224609375
0.927	0.050295410156250005	-0.04071533203125	9.75970458984375	-0.335693359375	-0.1068115234375	0.54931640625
0.936	0.050295410156250005	-0.06945556640625	9.740544433593751	-0.19073486328125	0.152587890625	0.5645751953125
0.946	0.0814306640625	-0.03113525390625	9.7716796875	-0.1983642578125	0.12969970703125	0.49591064453125
0.954	0.07424560546875	-0.050295410156250005	9.680668945312501	-0.34332275390625	-0.091552734375	0.5645751953125
0.964	0.028740234375	-0.09580078125000001	9.66869384765625	-0.23651123046875	-0.1373291015625	0.7781982421875
0.972	0.0814306640625	-0.06466552734375	9.74533447265625	-0.30517578125	0.18310546875	0.518798828125
0.982	0.05748046875	-0.07424560546875	9.821975097656251	-0.1678466796875	0.09918212890625	0.61798095703125
0.991	0.086220703125	-0.0335302734375	9.6615087890625	-0.213623046875	0.091552734375	0.5035400390625
0.999	0.055085449218750006	0.00718505859375	9.7573095703125	-0.11444091796875	0.02288818359375	0.396728515625
1.007	0.052690429687500005	-0.06466552734375	9.71419921875	-0.30517578125	0.00762939453125	0.5645751953125
1.016	0.050295410156250005	-0.05748046875	9.78844482421875	-0.17547607421875	-0.06103515625	0.54931640625
1.026	0.06945556640625	-0.08861572265625	9.673483886718751	-0.23651123046875	0.03814697265625	0.58746337890625
1.035	0.06945556640625	-0.076640625	9.742939453125	-0.25177001953125	-0.20599365234375	0.457763671875
1.044	0.07903564453125	-0.076640625	9.81	-0.20599365234375	-0.28228759765625	0.244140625
1.053	0.028740234375	-0.0335302734375	9.781259765625	-0.12969970703125	-0.1678466796875	0.244140625
1.063	0.09580078125000001	-0.09580078125000001	9.7716796875	-0.08392333984375	-0.09918212890625	0.58746337890625
1.073	0.0335302734375	-0.076640625	9.7716796875	-0.0762939453125	-0.19073486328125	0.40435791015625
1.082	0.0622705078125	-0.10538085937500001	9.7668896484375	-0.06103515625	0.06866455078125	0.66375732421875
1.091	0.1197509765625	-0.07424560546875	9.776469726562501	-0.244140625	-0.11444091796875	0.45013427734375
1.1	-0.00239501953125	-0.09580078125000001	9.695039062500001	-0.1220703125	-0.091552734375	0.732421875
1.11	0.0622705078125	-0.055085449218750006	9.67587890625	0.00762939453125	-0.17547607421875	0.3509521484375
1.118	0.02155517578125	-0.011975097656250001	9.7668896484375	-0.05340576171875	-0.1373291015625	0.51116943359375
1.127	0.04071533203125	-0.09101074218750001	9.78365478515625	-0.12969970703125	-0.1983642578125	0.6561279296875
1.136	0.028740234375	-0.05748046875	9.695039062500001	-0.02288818359375	-0.2288818359375	0.67138671875
1.145	0.10538085937500001	-0.026345214843750003	9.7381494140625	-0.05340576171875	-0.22125244140625	0.457763671875
1.155	0.0431103515625	-0.07903564453125	9.73575439453125	-0.1983642578125	0.030517578125	0.43487548828125
1.163	0.06466552734375	-0.06945556640625	9.6998291015625	0.06103515625	-0.030517578125	0.4119873046875
1.172	0.0335302734375	-0.07424560546875	9.63037353515625	-0.20599365234375	-0.06866455078125	0.5035400390625
1.181	0.052690429687500005	-0.06945556640625	9.695039062500001	-0.3509521484375	-0.152587890625	0.518798828125
1.19	0.0143701171875	-0.047900390625000004	9.70701416015625	-0.19073486328125	0.08392333984375	0.579833984375
1.2	-0.011975097656250001	-0.09580078125000001	9.742939453125	-0.152587890625	-0.02288818359375	0.518798828125
1.209	0.10059082031250001	-0.0814306640625	9.740544433593751	-0.20599365234375	-0.244140625	0.701904296875
1.218	-0.00239501953125	-0.028740234375	9.71419921875	-0.1678466796875	-0.1983642578125	0.35858154296875
1.227	0.124541015625	-0.01916015625	9.74533447265625	-0.1068115234375	-0.30517578125	0.4425048828125
1.238	0.0718505859375	-0.06466552734375	9.7573095703125	-0.12969970703125	-0.335693359375	0.54168701171875
1.247	0.06466552734375	-0.026345214843750003	9.67827392578125	0.0	-0.3814697265625	0.49591064453125
1.256	0.06945556640625	-0.0622705078125	9.754914550781251	-0.1983642578125	-0.31280517578125	0.4425048828125
1.265	0.08861572265625	-0.076640625	9.72617431640625	0.00762939453125	-0.4730224609375	0.40435791015625
1.274	0.04071533203125	-0.0622705078125	9.73096435546875	0.26702880859375	-0.46539306640625	0.61798095703125
1.284	0.050295410156250005	-0.04071533203125	9.673483886718751	-0.16021728515625	-0.22125244140625	0.42724609375
1.292	0.11256591796875001	-0.09819580078125001	9.776469726562501	0.091552734375	-0.4730224609375	0.5340576171875
1.302	0.15088623046875002	0.011975097656250001	9.71419921875	0.0457763671875	-0.3204345703125	0.66375732421875
1.31	0.07903564453125	-0.00718505859375	9.733359375000001	0.213623046875	-0.25177001953125	0.5035400390625
1.319	0.050295410156250005	-0.07424560546875	9.69743408203125	-0.06103515625	-0.19073486328125	0.70953369140625
1.329	0.05748046875	0.0143701171875	9.75012451171875	-0.12969970703125	-0.1068115234375	0.6103515625
1.338	0.0718505859375	-0.06945556640625	9.73575439453125	-0.1220703125	-0.1373291015625	0.54168701171875
1.347	0.01916015625	-0.011975097656250001	9.7573095703125	-0.17547607421875	0.06866455078125	0.51116943359375
1.355	0.02155517578125	-0.086220703125	9.77407470703125	-0.1220703125	0.1373291015625	0.74005126953125
1.364	0.03113525390625	-0.052690429687500005	9.762099609375001	-0.34332275390625	0.03814697265625	0.60272216796875
1.373	0.086220703125	0.0047900390625	9.793234863281251	-0.05340576171875	0.213623046875	0.7171630859375
1.381	0.06466552734375	-0.02155517578125	9.75251953125	-0.06866455078125	-0.03814697265625	0.46539306640625
1.39	0.050295410156250005	-0.00239501953125	9.6902490234375	-0.2899169921875	0.1983642578125	0.42724609375
1.399	0.11017089843750001	-0.052690429687500005	9.74533447265625	-0.35858154296875	0.5035400390625	0.6256103515625
1.408	0.1197509765625	-0.06466552734375	9.7668896484375	-0.31280517578125	0.09918212890625	0.60272216796875
1.418	0.04071533203125	-0.067060546875	9.776469726562501	-0.213623046875	0.0457763671875	0.5950927734375
1.426	0.07424560546875	-0.028740234375	9.66390380859375	-0.09918212890625	0.12969970703125	0.396728515625
1.435	0.076640625	-0.06466552734375	9.67587890625	0.0	-0.1220703125	0.66375732421875
1.444	0.0383203125	-0.0431103515625	9.73096435546875	-0.08392333984375	-0.213623046875	0.41961669921875
1.454	0.0431103515625	-0.052690429687500005	9.7189892578125	-0.23651123046875	-0.213623046875	0.25177001953125
1.463	0.13651611328125002	-0.055085449218750006	9.72617431640625	-0.06103515625	-0.2593994140625	0.61798095703125
1.472	0.09340576171875001	-0.076640625	9.747729492187501	0.1068115234375	-0.17547607421875	0.457763671875
1.481	0.09580078125000001	-0.0814306640625	9.7189892578125	0.030517578125	-0.30517578125	0.51116943359375
1.49	0.0335302734375	-0.08861572265625	9.75012451171875	-0.0152587890625	-0.091552734375	0.5035400390625
1.5	0.076640625	-0.00718505859375	9.71419921875	0.0	-0.1220703125	0.54931640625
1.508	0.05748046875	-0.0383203125	9.7573095703125	-0.08392333984375	-0.1373291015625	0.51116943359375
1.517	0.047900390625000004	-0.04071533203125	9.7285693359375	0.00762939453125	0.09918212890625	0.6561279296875
1.525	0.05987548828125	-0.05748046875	9.7381494140625	-0.1220703125	0.05340576171875	0.45013427734375
1.534	0.05987548828125	-0.067060546875	9.7573095703125	-0.17547607421875	0.1678466796875	0.38909912109375
1.544	0.055085449218750006	-0.03592529296875	9.66869384765625	-0.19073486328125	0.152587890625	0.5950927734375
1.553	0.076640625	-0.07903564453125	9.740544433593751	-0.335693359375	0.05340576171875	0.6103515625
1.561	0.067060546875	-0.055085449218750006	9.7189892578125	-0.3204345703125	0.1678466796875	0.54168701171875
1.57	0.0622705078125	-0.047900390625000004	9.70701416015625	-0.3509521484375	0.31280517578125	0.579833984375
1.58	0.03113525390625	-0.0431103515625	9.70701416015625	-0.16021728515625	0.1220703125	0.5340576171875
1.589	0.06466552734375	-0.06466552734375	9.72617431640625	-0.31280517578125	0.213623046875	0.3204345703125
1.598	0.11256591796875001	-0.06945556640625	9.740544433593751	-0.3662109375	0.274658203125	0.55694580078125
1.607	0.0718505859375	-0.0814306640625	9.687854003906251	-0.091552734375	0.1373291015625	0.61798095703125
1.616	0.07903564453125	-0.028740234375	9.656718750000001	-0.35858154296875	0.28228759765625	0.55694580078125
1.626	0.12214599609375	-0.06466552734375	9.733359375000001	-0.4425048828125	0.3204345703125	0.6256103515625
1.635	0.05987548828125	-0.009580078125	9.6998291015625	-0.42724609375	-0.05340576171875	0.48065185546875
1.644	0.04071533203125	-0.045505371093750004	9.72617431640625	-0.23651123046875	0.1220703125	0.5645751953125
1.653	0.124541015625	0.0	9.75251953125	0.06103515625	-0.2899169921875	0.49591064453125
1.661	0.045505371093750004	-0.047900390625000004	9.7381494140625	-0.00762939453125	-0.1983642578125	0.45013427734375
1.671	0.011975097656250001	0.0143701171875	9.742939453125	-0.030517578125	-0.1068115234375	0.55694580078125
1.679	0.09340576171875001	-0.0335302734375	9.762099609375001	-0.14495849609375	-0.091552734375	0.5645751953125
1.688	0.0814306640625	-0.052690429687500005	9.73096435546875	-0.091552734375	-0.2288818359375	0.5645751953125
1.697	0.03113525390625	-0.0718505859375	9.769284667968751	0.0762939453125	-0.14495849609375	0.335693359375
1.707	0.03592529296875	0.00239501953125	9.723779296875	-0.091552734375	-0.2593994140625	0.48065185546875
1.715	0.09101074218750001	0.0047900390625	9.74533447265625	-0.06866455078125	-0.0762939453125	0.55694580078125
1.724	0.0143701171875	-0.047900390625000004	9.7381494140625	-0.23651123046875	0.05340576171875	0.43487548828125
1.732	0.055085449218750006	-0.05987548828125	9.762099609375001	-0.2899169921875	-0.1678466796875	0.4119873046875
1.741	0.06466552734375	-0.01916015625	9.81239501953125	-0.244140625	0.1373291015625	0.45013427734375
1.751	0.047900390625000004	-0.055085449218750006	9.71419921875	-0.23651123046875	0.17547607421875	0.5035400390625
1.76	0.04071533203125	-0.047900390625000004	9.695039062500001	-0.1373291015625	0.11444091796875	0.54168701171875
1.769	0.10298583984375001	-0.023950195312500002	9.7956298828125	-0.2899169921875	0.12969970703125	0.4730224609375
1.778	0.0718505859375	-0.086220703125	9.80281494140625	-0.274658203125	0.30517578125	0.732421875
1.787	0.06945556640625	-0.06466552734375	9.75970458984375	-0.3204345703125	0.28228759765625	0.79345703125
1.797	0.08382568359375	-0.05987548828125	9.769284667968751	-0.38909912109375	0.6103515625	0.48828125
1.806	0.11017089843750001	-0.050295410156250005	9.754914550781251	-0.1068115234375	0.579833984375	0.579833984375
1.815	0.03113525390625	-0.0335302734375	9.649533691406251	-0.396728515625	0.34332275390625	0.579833984375
1.824	0.07424560546875	-0.07903564453125	9.821975097656251	-0.11444091796875	0.41961669921875	0.60272216796875
1.833	0.0143701171875	-0.02155517578125	9.7716796875	-0.335693359375	0.152587890625	0.5035400390625
1.842	0.10538085937500001	-0.01916015625	9.635163574218751	-0.29754638671875	0.152587890625	0.4730224609375
1.851	0.0622705078125	-0.124541015625	9.733359375000001	-0.20599365234375	0.14495849609375	0.74005126953125
1.86	0.05748046875	-0.0718505859375	9.7285693359375	-0.25177001953125	0.4730224609375	0.4119873046875
1.869	0.13412109375	-0.03113525390625	9.685458984375	-0.17547607421875	-0.03814697265625	0.63323974609375
1.879	0.10059082031250001	-0.01676513671875	9.72617431640625	-0.1373291015625	-0.06103515625	0.57220458984375
1.888	0.07424560546875	-0.06466552734375	9.8243701171875	0.0762939453125	-0.1678466796875	0.518798828125
1.898	0.07903564453125	-0.07903564453125	9.687854003906251	-0.1373291015625	-0.2899169921875	0.35858154296875
1.907	0.05748046875	-0.047900390625000004	9.81239501953125	-0.12969970703125	-0.1983642578125	0.5035400390625
1.916	0.10059082031250001	-0.02155517578125	9.635163574218751	0.1220703125	-0.12969970703125	0.57220458984375
1.925	0.09101074218750001	-0.08382568359375	9.704619140625	-0.16021728515625	0.05340576171875	0.701904296875
1.934	0.047900390625000004	-0.03113525390625	9.6902490234375	-0.00762939453125	-0.2593994140625	0.518798828125
1.943	0.050295410156250005	-0.0383203125	9.81718505859375	-0.05340576171875	0.05340576171875	0.579833984375
1.951	0.052690429687500005	-0.052690429687500005	9.80281494140625	-0.06103515625	-0.0457763671875	0.52642822265625
1.959	0.050295410156250005	-0.08861572265625	9.75012451171875	-0.0457763671875	0.14495849609375	0.6103515625
1.969	0.05748046875	-0.086220703125	9.61600341796875	-0.20599365234375	0.0457763671875	0.41961669921875
1.978	0.02155517578125	-0.055085449218750006	9.723779296875	-0.38909912109375	0.12969970703125	0.457763671875
1.986	0.08861572265625	-0.0431103515625	9.769284667968751	-0.244140625	0.05340576171875	0.5035400390625
1.995	0.06945556640625	-0.07903564453125	9.769284667968751	-0.244140625	0.0457763671875	0.6103515625
2.004	0.10059082031250001	-0.05987548828125	9.723779296875	-0.25177001953125	-0.0457763671875	0.49591064453125
2.014	0.0814306640625	-0.10298583984375001	9.67587890625	-0.3509521484375	0.1678466796875	0.45013427734375
2.023	0.12693603515625002	-0.06466552734375	9.69264404296875	-0.06103515625	0.05340576171875	0.51116943359375
2.032	0.0814306640625	-0.009580078125	9.836345214843751	-0.19073486328125	0.1678466796875	0.63323974609375
2.041	0.0143701171875	-0.05987548828125	9.69743408203125	-0.19073486328125	0.31280517578125	0.29754638671875
2.051	-0.0335302734375	-0.055085449218750006	9.740544433593751	-0.25177001953125	0.11444091796875	0.38909912109375
2.06	0.067060546875	-0.08382568359375	9.7381494140625	-0.06866455078125	-0.152587890625	0.701904296875
2.069	0.03113525390625	-0.09101074218750001	9.7573095703125	-0.19073486328125	-0.22125244140625	0.49591064453125
2.078	0.07424560546875	-0.0431103515625	9.72617431640625	-0.3204345703125	-0.28228759765625	0.640869140625
2.087	0.08861572265625	0.0047900390625	9.723779296875	-0.23651123046875	-0.23651123046875	0.3509521484375
2.097	0.02155517578125	-0.0718505859375	9.754914550781251	-0.1678466796875	-0.29754638671875	0.48828125
2.106	0.009580078125	-0.076640625	9.73096435546875	-0.09918212890625	-0.2899169921875	0.7171630859375
2.115	0.05987548828125	-0.050295410156250005	9.72617431640625	-0.31280517578125	-0.274658203125	0.60272216796875
2.124	0.143701171875	-0.0047900390625	9.73575439453125	-0.03814697265625	-0.23651123046875	0.26702880859375
2.134	0.07903564453125	0.0047900390625	9.769284667968751	-0.1373291015625	-0.12969970703125	0.48065185546875
2.142	0.0143701171875	-0.052690429687500005	9.709409179687501	-0.03814697265625	0.152587890625	0.5340576171875
2.151	0.03592529296875	-0.055085449218750006	9.754914550781251	-0.19073486328125	0.16021728515625	0.6256103515625
2.159	0.09101074218750001	-0.086220703125	9.69264404296875	-0.25177001953125	0.1678466796875	0.5340576171875
2.168	0.047900390625000004	0.00718505859375	9.64474365234375	-0.30517578125	0.0457763671875	0.49591064453125
2.177	0.026345214843750003	0.0047900390625	9.6710888671875	-0.22125244140625	-0.0152587890625	0.48065185546875
2.185	0.028740234375	-0.05748046875	9.71180419921875	-0.02288818359375	-0.05340576171875	0.48065185546875
2.194	0.1197509765625	-0.10298583984375001	9.73096435546875	-0.09918212890625	0.0457763671875	0.48828125
2.203	0.0718505859375	-0.0383203125	9.6902490234375	-0.23651123046875	0.06103515625	0.5645751953125
2.212	0.09101074218750001	-0.08382568359375	9.702224121093751	-0.152587890625	-0.152587890625	0.45013427734375
2.222	0.052690429687500005	-0.028740234375	9.702224121093751	-0.02288818359375	-0.06103515625	0.4119873046875
2.23	0.052690429687500005	-0.05748046875	9.76449462890625	-0.2593994140625	-0.26702880859375	0.640869140625
2.239	0.050295410156250005	-0.067060546875	9.740544433593751	-0.244140625	-0.2593994140625	0.61798095703125
2.248	0.026345214843750003	-0.01916015625	9.71419921875	-0.08392333984375	-0.17547607421875	0.45013427734375
2.257	0.0143701171875	-0.06945556640625	9.680668945312501	-0.1220703125	-0.2593994140625	0.45013427734375
2.267	0.12214599609375	-0.01676513671875	9.754914550781251	-0.030517578125	-0.1068115234375	0.4730224609375
2.277	0.07903564453125	-0.07903564453125	9.63995361328125	-0.08392333984375	-0.26702880859375	0.42724609375
2.285	-0.0143701171875	-0.050295410156250005	9.75251953125	0.030517578125	-0.06866455078125	0.518798828125
2.294	0.07424560546875	-0.0383203125	9.63037353515625	0.091552734375	-0.12969970703125	0.52642822265625
2.304	0.05748046875	-0.11256591796875001	9.67587890625	-0.2288818359375	-0.0457763671875	0.5035400390625
2.313	0.052690429687500005	-0.0383203125	9.716594238281251	-0.1678466796875	0.05340576171875	0.5035400390625
2.321	0.026345214843750003	-0.12214599609375	9.793234863281251	-0.05340576171875	0.02288818359375	0.6866455078125
2.33	0.08382568359375	-0.01916015625	9.76449462890625	-0.2899169921875	0.1220703125	0.5340576171875
2.339	0.07424560546875	-0.0814306640625	9.7573095703125	-0.14495849609375	-0.1983642578125	0.5645751953125
2.349	0.09580078125000001	-0.04071533203125	9.754914550781251	-0.28228759765625	0.03814697265625	0.61798095703125
2.357	0.06466552734375	-0.067060546875	9.723779296875	-0.25177001953125	-0.05340576171875	0.3662109375
2.367	0.07903564453125	-0.11735595703125	9.72138427734375	-0.274658203125	0.0	0.5340576171875
2.375	0.03592529296875	-0.0335302734375	9.67587890625	-0.1678466796875	0.0762939453125	0.58746337890625
2.384	0.026345214843750003	-0.028740234375	9.67587890625	-0.32806396484375	0.03814697265625	0.51116943359375
2.393	0.11017089843750001	-0.01676513671875	9.81718505859375	-0.1678466796875	0.1068115234375	0.41961669921875
2.402	0.05748046875	-0.05748046875	9.733359375000001	-0.244140625	0.0	0.4730224609375
2.411	0.08861572265625	-0.0335302734375	9.73096435546875	-0.1068115234375	-0.12969970703125	0.5950927734375
2.42	0.06945556640625	-0.0814306640625	9.7285693359375	-0.22125244140625	0.06103515625	0.54931640625
2.429	0.03592529296875	-0.1149609375	9.6519287109375	-0.1983642578125	-0.03814697265625	0.5950927734375
2.439	0.06466552734375	-0.0143701171875	9.762099609375001	-0.29754638671875	0.0152587890625	0.40435791015625
2.447	0.09580078125000001	-0.07903564453125	9.642348632812501	-0.03814697265625	0.1678466796875	0.51116943359375
2.456	0.00718505859375	-0.0622705078125	9.6998291015625	-0.02288818359375	-0.1678466796875	0.5340576171875
2.465	0.0143701171875	0.03113525390625	9.635163574218751	-0.213623046875	-0.29754638671875	0.6561279296875
2.475	0.08382568359375	-0.11017089843750001	9.733359375000001	-0.152587890625	-0.48065185546875	0.5340576171875
2.484	0.11017089843750001	-0.0814306640625	9.6710888671875	0.0152587890625	-0.46539306640625	0.55694580078125
2.493	0.09340576171875001	-0.01676513671875	9.75970458984375	0.00762939453125	-0.55694580078125	0.34332275390625
2.501	-0.00239501953125	-0.0143701171875	9.666298828125	0.0152587890625	-0.54931640625	0.457763671875
2.51	0.067060546875	-0.04071533203125	9.71180419921875	0.29754638671875	-0.52642822265625	0.6561279296875
2.52	0.0143701171875	-0.09101074218750001	9.72617431640625	-0.1678466796875	-0.457763671875	0.6256103515625
2.529	0.052690429687500005	-0.026345214843750003	9.673483886718751	-0.0152587890625	-0.34332275390625	0.4425048828125
2.538	0.1389111328125	-0.07903564453125	9.69743408203125	-0.06103515625	-0.213623046875	0.54931640625
2.547	0.0622705078125	0.01916015625	9.762099609375001	-0.1373291015625	-0.30517578125	0.52642822265625
2.556	0.05748046875	-0.0431103515625	9.702224121093751	-0.030517578125	-0.28228759765625	0.457763671875
2.565	0.04071533203125	-0.045505371093750004	9.702224121093751	-0.1068115234375	0.030517578125	0.45013427734375
2.574	0.07424560546875	-0.03592529296875	9.75970458984375	-0.08392333984375	-0.1068115234375	0.48065185546875
2.583	0.09340576171875001	-0.08861572265625	9.702224121093751	-0.0762939453125	0.19073486328125	0.61798095703125
2.592	0.052690429687500005	-0.11017089843750001	9.7716796875	-0.25177001953125	0.06866455078125	0.5950927734375
2.601	0.076640625	-0.03113525390625	9.704619140625	-0.16021728515625	0.19073486328125	0.51116943359375
2.61	0.10059082031250001	-0.0335302734375	9.702224121093751	-0.16021728515625	0.0152587890625	0.60272216796875
2.619	0.10298583984375001	-0.0431103515625	9.67827392578125	-0.1983642578125	0.1068115234375	0.54931640625
2.628	0.05748046875	-0.0431103515625	9.78844482421875	-0.11444091796875	-0.05340576171875	0.37384033203125
2.637	0.06466552734375	-0.028740234375	9.75970458984375	-0.16021728515625	-0.23651123046875	0.55694580078125
2.647	0.09101074218750001	-0.07424560546875	9.79802490234375	-0.16021728515625	0.2288818359375	0.48065185546875
2.656	-0.00718505859375	-0.0718505859375	9.6998291015625	-0.0152587890625	0.0	0.48065185546875
2.665	-0.023950195312500002	-0.067060546875	9.74533447265625	-0.05340576171875	-0.274658203125	0.48828125
2.674	0.03592529296875	-0.0143701171875	9.7189892578125	-0.17547607421875	-0.06866455078125	0.518798828125
2.682	0.047900390625000004	-0.01676513671875	9.68306396484375	-0.14495849609375	-0.17547607421875	0.57220458984375
2.693	0.12214599609375	-0.067060546875	9.71419921875	-0.23651123046875	-0.091552734375	0.57220458984375
2.702	0.09580078125000001	-0.055085449218750006	9.78365478515625	-0.14495849609375	-0.14495849609375	0.54931640625
2.711	0.11735595703125	-0.04071533203125	9.63995361328125	-0.16021728515625	-0.57220458984375	0.54931640625
2.72	0.045505371093750004	-0.067060546875	9.76449462890625	-0.11444091796875	-0.03814697265625	0.3204345703125
2.729	0.08382568359375	-0.05748046875	9.642348632812501	-0.1068115234375	-0.3509521484375	0.52642822265625
2.739	0.10538085937500001	-0.02155517578125	9.79802490234375	-0.11444091796875	-0.19073486328125	0.48828125
2.748	0.03113525390625	-0.01916015625	9.6519287109375	-0.12969970703125	0.06866455078125	0.7476806640625
2.756	0.08382568359375	-0.08382568359375	9.7381494140625	-0.335693359375	0.02288818359375	0.55694580078125
2.765	0.00239501953125	-0.05987548828125	9.680668945312501	-0.2593994140625	-0.05340576171875	0.640869140625
2.775	0.10298583984375001	-0.07424560546875	9.73575439453125	-0.17547607421875	0.11444091796875	0.5950927734375
2.784	0.08861572265625	-0.086220703125	9.6615087890625	-0.1373291015625	-0.08392333984375	0.70953369140625
2.793	0.09340576171875001	-0.055085449218750006	9.821975097656251	-0.06866455078125	0.06866455078125	0.54168701171875
2.802	0.045505371093750004	-0.02155517578125	9.72138427734375	-0.14495849609375	-0.1068115234375	0.4730224609375
2.811	0.067060546875	-0.03592529296875	9.6327685546875	-0.17547607421875	0.05340576171875	0.518798828125
2.82	0.0383203125	-0.09580078125000001	9.695039062500001	-0.31280517578125	0.1068115234375	0.54168701171875
2.829	0.07903564453125	-0.050295410156250005	9.709409179687501	-0.17547607421875	-0.1220703125	0.6256103515625
2.838	0.08861572265625	-0.18681152343750002	9.762099609375001	-0.17547607421875	0.0152587890625	0.49591064453125
2.847	0.0431103515625	-0.05987548828125	9.75012451171875	-0.2899169921875	-0.1068115234375	0.51116943359375
2.856	0.047900390625000004	-0.01676513671875	9.7189892578125	-0.23651123046875	0.05340576171875	0.48828125
2.866	0.02155517578125	-0.050295410156250005	9.695039062500001	-0.18310546875	0.2288818359375	0.6256103515625
2.874	0.07903564453125	-0.0622705078125	9.71180419921875	-0.09918212890625	0.06103515625	0.4730224609375
2.883	0.124541015625	-0.055085449218750006	9.6902490234375	-0.14495849609375	-0.26702880859375	0.52642822265625
2.893	0.124541015625	-0.0622705078125	9.66869384765625	-0.17547607421875	-0.2288818359375	0.518798828125
2.903	0.011975097656250001	-0.055085449218750006	9.75251953125	0.0152587890625	-0.3509521484375	0.32806396484375
2.911	0.011975097656250001	-0.028740234375	9.75251953125	0.030517578125	-0.38909912109375	0.52642822265625
2.92	0.05987548828125	-0.086220703125	9.81718505859375	-0.274658203125	-0.3814697265625	0.4119873046875
2.929	0.06466552734375	0.00718505859375	9.8339501953125	-0.16021728515625	-0.17547607421875	0.41961669921875
2.938	0.07424560546875	-0.052690429687500005	9.666298828125	0.09918212890625	-0.06103515625	0.335693359375
2.948	0.09101074218750001	-0.067060546875	9.642348632812501	-0.2288818359375	-0.1983642578125	0.43487548828125
2.957	0.05987548828125	-0.026345214843750003	9.71180419921875	-0.16021728515625	0.16021728515625	0.4730224609375
2.966	0.0383203125	-0.10777587890625001	9.66390380859375	-0.23651123046875	0.0	0.5340576171875
2.974	0.09819580078125001	-0.050295410156250005	9.86508544921875	-0.1678466796875	0.3204345703125	0.40435791015625
2.983	0.15328125	-0.0622705078125	9.73096435546875	-0.274658203125	0.274658203125	0.49591064453125
2.994	0.0622705078125	-0.055085449218750006	9.723779296875	-0.29754638671875	0.38909912109375	0.51116943359375
3.002	-0.023950195312500002	0.0047900390625	9.620793457031251	-0.1068115234375	0.06866455078125	0.64849853515625
3.011	0.076640625	-0.0718505859375	9.6902490234375	-0.35858154296875	0.08392333984375	0.52642822265625
3.02	0.050295410156250005	-0.03113525390625	9.685458984375	-0.1983642578125	0.05340576171875	0.66375732421875
3.028	0.047900390625000004	-0.0814306640625	9.75970458984375	-0.25177001953125	-0.1373291015625	0.60272216796875
3.038	0.1149609375	0.01916015625	9.769284667968751	-0.2593994140625	-0.25177001953125	0.40435791015625
3.047	0.1389111328125	-0.05748046875	9.67587890625	-0.25177001953125	-0.09918212890625	0.60272216796875
3.056	0.13172607421875002	-0.0814306640625	9.6710888671875	-0.25177001953125	-0.1678466796875	0.42724609375
3.066	0.07903564453125	-0.09580078125000001	9.6998291015625	-0.26702880859375	0.06103515625	0.4425048828125
3.076	0.10538085937500001	-0.08382568359375	9.6327685546875	-0.28228759765625	-0.0762939453125	0.518798828125
3.085	0.052690429687500005	-0.06466552734375	9.63995361328125	-0.2593994140625	0.06866455078125	0.70953369140625
3.093	0.10777587890625001	-0.0047900390625	9.7716796875	-0.30517578125	0.00762939453125	0.52642822265625
3.102	0.10777587890625001	-0.0431103515625	9.66390380859375	0.091552734375	-0.1220703125	0.457763671875
3.111	0.03592529296875	-0.0383203125	9.75251953125	-0.213623046875	-0.08392333984375	0.45013427734375
3.121	0.1149609375	-0.055085449218750006	9.742939453125	-0.2899169921875	0.0	0.6256103515625
3.129	0.067060546875	-0.03592529296875	9.838740234375	-0.4119873046875	0.11444091796875	0.4119873046875
3.138	0.0718505859375	-0.00239501953125	9.762099609375001	-0.23651123046875	0.05340576171875	0.6256103515625
3.147	-0.011975097656250001	-0.0622705078125	9.613608398437501	-0.28228759765625	0.12969970703125	0.51116943359375
3.156	0.0335302734375	-0.04071533203125	9.7285693359375	-0.1068115234375	-0.09918212890625	0.46539306640625
3.166	0.076640625	-0.0383203125	9.78844482421875	-0.1983642578125	0.20599365234375	0.55694580078125
3.174	0.09580078125000001	-0.009580078125	9.716594238281251	-0.213623046875	0.03814697265625	0.6256103515625
3.183	0.052690429687500005	-0.03592529296875	9.78844482421875	-0.1983642578125	-0.00762939453125	0.60272216796875
3.192	0.04071533203125	-0.0383203125	9.742939453125	-0.20599365234375	-0.02288818359375	0.6561279296875
3.201	0.023950195312500002	-0.045505371093750004	9.685458984375	-0.20599365234375	0.091552734375	0.5340576171875
3.21	0.1676513671875	-0.09580078125000001	9.7381494140625	-0.28228759765625	0.091552734375	0.49591064453125
3.219	0.050295410156250005	-0.026345214843750003	9.77886474609375	-0.20599365234375	-0.09918212890625	0.52642822265625
3.228	0.0814306640625	-0.08861572265625	9.649533691406251	-0.11444091796875	-0.1068115234375	0.38909912109375
3.237	0.052690429687500005	-0.045505371093750004	9.76449462890625	-0.14495849609375	0.0	0.6103515625
3.247	0.06466552734375	-0.02155517578125	9.77886474609375	-0.02288818359375	-0.32806396484375	0.67901611328125
3.256	0.050295410156250005	-0.04071533203125	9.71180419921875	-0.02288818359375	-0.43487548828125	0.518798828125
3.264	0.09819580078125001	-0.0431103515625	9.6710888671875	-0.14495849609375	-0.213623046875	0.6103515625
3.273	0.047900390625000004	0.00239501953125	9.695039062500001	-0.05340576171875	-0.17547607421875	0.45013427734375
3.282	0.0143701171875	-0.0431103515625	9.762099609375001	-0.152587890625	-0.3509521484375	0.41961669921875
3.292	0.07903564453125	-0.052690429687500005	9.656718750000001	-0.11444091796875	-0.152587890625	0.41961669921875
3.301	0.086220703125	-0.09819580078125001	9.702224121093751	-0.213623046875	-0.213623046875	0.52642822265625
3.31	0.0622705078125	-0.047900390625000004	9.673483886718751	0.0152587890625	-0.3814697265625	0.2899169921875
3.319	0.03113525390625	-0.07903564453125	9.77407470703125	0.00762939453125	-0.3509521484375	0.6256103515625
3.328	0.028740234375	-0.011975097656250001	9.6710888671875	-0.06866455078125	-0.3204345703125	0.48065185546875
3.337	0.045505371093750004	-0.045505371093750004	9.63995361328125	-0.08392333984375	-0.08392333984375	0.640869140625
3.346	0.08382568359375	-0.0431103515625	9.65911376953125	-0.03814697265625	-0.16021728515625	0.54931640625
3.355	0.047900390625000004	-0.10777587890625001	9.71419921875	-0.0762939453125	0.03814697265625	0.45013427734375
3.363	0.009580078125	-0.0622705078125	9.71419921875	0.02288818359375	-0.08392333984375	0.5340576171875
3.373	0.08382568359375	-0.0335302734375	9.75012451171875	0.0	-0.02288818359375	0.6103515625
3.381	0.045505371093750004	-0.0143701171875	9.740544433593751	-0.09918212890625	-0.1068115234375	0.4119873046875
3.39	0.1149609375	-0.045505371093750004	9.704619140625	-0.03814697265625	-0.0762939453125	0.61798095703125
3.399	0.05987548828125	-0.03592529296875	9.680668945312501	-0.19073486328125	0.06103515625	0.51116943359375
3.408	0.124541015625	-0.00718505859375	9.66869384765625	-0.05340576171875	0.152587890625	0.701904296875
3.417	0.02155517578125	-0.009580078125	9.7381494140625	-0.14495849609375	-0.14495849609375	0.74005126953125
3.426	0.0622705078125	-0.05987548828125	9.67587890625	-0.06866455078125	0.12969970703125	0.2899169921875
3.435	0.0143701171875	-0.06945556640625	9.7189892578125	0.0	-0.02288818359375	0.48828125
3.443	0.05748046875	-0.047900390625000004	9.6519287109375	-0.28228759765625	0.05340576171875	0.51116943359375
3.452	0.03113525390625	-0.050295410156250005	9.76449462890625	-0.2288818359375	0.19073486328125	0.3662109375
3.462	0.04071533203125	-0.11017089843750001	9.79083984375	-0.091552734375	0.1220703125	0.58746337890625
3.471	0.0622705078125	-0.06466552734375	9.79083984375	-0.17547607421875	-0.18310546875	0.4425048828125
3.48	0.10538085937500001	-0.0335302734375	9.742939453125	-0.3204345703125	0.09918212890625	0.701904296875
3.489	0.047900390625000004	-0.011975097656250001	9.762099609375001	0.1373291015625	-0.17547607421875	0.32806396484375
3.497	0.07903564453125	-0.07424560546875	9.8052099609375	-0.152587890625	0.0457763671875	0.3204345703125
3.507	0.011975097656250001	-0.028740234375	9.695039062500001	-0.11444091796875	-0.17547607421875	0.67138671875
3.516	0.05748046875	-0.09580078125000001	9.769284667968751	-0.06103515625	-0.1373291015625	0.55694580078125
3.525	0.13651611328125002	-0.050295410156250005	9.702224121093751	-0.0457763671875	-0.20599365234375	0.5645751953125
3.534	0.05987548828125	-0.045505371093750004	9.86508544921875	0.08392333984375	-0.26702880859375	0.28228759765625
3.544	0.1293310546875	-0.09340576171875001	9.7189892578125	0.1068115234375	0.091552734375	0.52642822265625
3.553	0.0	-0.0431103515625	9.649533691406251	-0.1678466796875	-0.06866455078125	0.5645751953125
3.561	0.0718505859375	0.01676513671875	9.769284667968751	-0.1220703125	0.030517578125	0.52642822265625
3.569	0.06945556640625	-0.076640625	9.7668896484375	-0.16021728515625	0.0457763671875	0.45013427734375
3.578	0.1389111328125	-0.06466552734375	9.742939453125	-0.17547607421875	0.03814697265625	0.54931640625
3.588	-0.028740234375	-0.055085449218750006	9.68306396484375	-0.06103515625	-0.18310546875	0.49591064453125
3.597	0.0814306640625	0.00718505859375	9.73575439453125	-0.2288818359375	0.16021728515625	0.32806396484375
3.606	0.07903564453125	-0.047900390625000004	9.733359375000001	-0.1678466796875	-0.152587890625	0.49591064453125
3.615	0.11256591796875001	-0.04071533203125	9.6710888671875	-0.2288818359375	-0.152587890625	0.66375732421875
3.624	0.13172607421875002	-0.047900390625000004	9.70701416015625	-0.25177001953125	-0.1678466796875	0.6103515625
3.634	0.1149609375	-0.03592529296875	9.6902490234375	-0.22125244140625	0.12969970703125	0.54168701171875
3.643	0.06945556640625	-0.05987548828125	9.704619140625	-0.20599365234375	-0.030517578125	0.5340576171875
3.652	0.02155517578125	-0.03113525390625	9.7381494140625	-0.40435791015625	0.20599365234375	0.3662109375
3.661	0.09819580078125001	-0.026345214843750003	9.7285693359375	-0.244140625	0.40435791015625	0.518798828125
3.671	0.10059082031250001	-0.0814306640625	9.742939453125	-0.12969970703125	0.32806396484375	0.6256103515625
3.68	0.07424560546875	-0.06945556640625	9.7285693359375	-0.06866455078125	0.1983642578125	0.37384033203125
3.689	0.086220703125	-0.0335302734375	9.7189892578125	-0.49591064453125	0.3814697265625	0.5035400390625
3.698	0.07424560546875	-0.067060546875	9.754914550781251	-0.28228759765625	0.518798828125	0.579833984375
3.707	0.07903564453125	-0.067060546875	9.716594238281251	-0.4425048828125	0.6256103515625	0.5035400390625
3.717	0.00718505859375	-0.009580078125	9.7668896484375	-0.2899169921875	0.8087158203125	0.518798828125
3.726	0.07424560546875	-0.05987548828125	9.71419921875	-0.54168701171875	1.03759765625	0.57220458984375
3.735	0.0383203125	-0.0335302734375	9.7860498046875	-0.579833984375	1.2054443359375	0.5340576171875
3.744	0.12214599609375	-0.047900390625000004	9.81718505859375	-0.5340576171875	1.25885009765625	0.6256103515625
3.753	0.01916015625	-0.05748046875	9.754914550781251	-0.5950927734375	0.9307861328125	0.6866455078125
3.763	0.01916015625	-0.03592529296875	9.65911376953125	-0.5645751953125	0.79345703125	0.60272216796875
3.772	0.052690429687500005	-0.026345214843750003	9.793234863281251	-0.6561279296875	0.64849853515625	0.7781982421875
3.781	0.023950195312500002	-0.10059082031250001	9.70701416015625	-0.45013427734375	0.34332275390625	0.57220458984375
3.79	0.04071533203125	-0.052690429687500005	9.63995361328125	-0.4730224609375	0.8392333984375	0.58746337890625
3.8	0.0622705078125	-0.01916015625	9.67827392578125	-0.3662109375	0.77056884765625	0.72479248046875
3.809	0.0718505859375	-0.124541015625	9.723779296875	-0.45013427734375	1.04522705078125	0.41961669921875
3.818	0.0047900390625	-0.07424560546875	9.72138427734375	-0.4425048828125	1.01470947265625	0.49591064453125
3.827	-0.0047900390625	-0.04071533203125	9.67827392578125	-0.396728515625	0.96893310546875	0.45013427734375
3.836	0.011975097656250001	-0.11017089843750001	9.69264404296875	-0.26702880859375	0.54168701171875	0.46539306640625
3.846	0.0	-0.09819580078125001	9.67587890625	-0.34332275390625	0.31280517578125	0.48065185546875
3.854	0.055085449218750006	-0.023950195312500002	9.742939453125	-0.14495849609375	-0.09918212890625	0.52642822265625
3.863	0.0431103515625	-0.06945556640625	9.75251953125	-0.335693359375	0.02288818359375	0.57220458984375
3.872	0.09101074218750001	-0.09819580078125001	9.79802490234375	-0.25177001953125	0.03814697265625	0.55694580078125
3.881	0.0622705078125	-0.0814306640625	9.75251953125	-0.16021728515625	-0.38909912109375	0.52642822265625
3.891	-0.00239501953125	-0.047900390625000004	9.73096435546875	-0.0457763671875	-0.60272216796875	0.48828125
3.9	0.047900390625000004	-0.10059082031250001	9.67587890625	-0.06103515625	-0.49591064453125	0.61798095703125
3.909	0.0383203125	-0.06945556640625	9.769284667968751	-0.1068115234375	-0.30517578125	0.640869140625
3.918	0.08382568359375	-0.03592529296875	9.75012451171875	-0.34332275390625	-0.17547607421875	0.42724609375
3.928	0.06466552734375	-0.0622705078125	9.8052099609375	-0.1068115234375	0.17547607421875	0.49591064453125
3.937	0.011975097656250001	-0.0431103515625	9.687854003906251	-0.0152587890625	-0.12969970703125	0.32806396484375
3.946	0.00718505859375	-0.0143701171875	9.6327685546875	-0.244140625	0.34332275390625	0.40435791015625
3.954	0.050295410156250005	-0.04071533203125	9.733359375000001	-0.31280517578125	0.091552734375	0.6256103515625
3.963	0.07903564453125	-0.0335302734375	9.68306396484375	-0.19073486328125	0.17547607421875	0.4730224609375
3.973	0.06945556640625	-0.050295410156250005	9.75970458984375	-0.11444091796875	0.457763671875	0.38909912109375
3.982	0.0383203125	-0.055085449218750006	9.673483886718751	-0.3662109375	0.49591064453125	0.29754638671875
3.99	0.0143701171875	-0.055085449218750006	9.742939453125	-0.6256103515625	0.81634521484375	0.4119873046875
3.999	-0.0047900390625	-0.03592529296875	9.6615087890625	-0.6866455078125	0.93841552734375	0.54168701171875
4.008	0.0431103515625	-0.055085449218750006	9.70701416015625	-0.54931640625	1.190185546875	0.43487548828125
4.018	0.052690429687500005	0.00239501953125	9.66390380859375	-0.25177001953125	1.251220703125	0.61798095703125
4.027	0.050295410156250005	-0.028740234375	9.72617431640625	-0.2899169921875	0.762939453125	0.54931640625
4.035	0.045505371093750004	-0.0814306640625	9.695039062500001	-0.12969970703125	0.335693359375	0.63323974609375
4.044	0.050295410156250005	-0.08382568359375	9.71419921875	-0.3204345703125	0.48828125	0.51116943359375
4.054	-0.009580078125	-0.08861572265625	9.73096435546875	-0.1220703125	0.6103515625	0.6103515625
4.063	0.07903564453125	0.0143701171875	9.72138427734375	-0.396728515625	1.0986328125	0.5035400390625
4.073	-0.17483642578125	-0.15328125	9.62558349609375	-0.396728515625	1.40380859375	0.396728515625
4.082	0.076640625	-0.10298583984375001	9.6615087890625	-0.25177001953125	0.87738037109375	0.6866455078125
4.091	0.052690429687500005	-0.08861572265625	9.66869384765625	-0.1678466796875	0.51116943359375	0.396728515625
4.101	0.0047900390625	-0.050295410156250005	9.6902490234375	-0.20599365234375	0.8392333984375	0.55694580078125
4.11	0.0718505859375	-0.0718505859375	9.73575439453125	-0.26702880859375	0.946044921875	0.51116943359375
4.119	0.04071533203125	-0.06945556640625	9.7285693359375	-0.54168701171875	1.21307373046875	0.5035400390625
4.128	0.02155517578125	-0.10538085937500001	9.65432373046875	-0.17547607421875	1.56402587890625	0.63323974609375
4.137	-0.023950195312500002	-0.0143701171875	9.74533447265625	-0.42724609375	1.3580322265625	0.32806396484375
4.148	0.1197509765625	0.18441650390625	9.71419921875	-0.37384033203125	0.30517578125	-1.42669677734375
4.158	0.5748046875	0.20118164062500002	9.8052099609375	-0.06866455078125	1.44195556640625	-9.25445556640625
4.167	0.076640625	0.0431103515625	9.6902490234375	0.12969970703125	1.678466796875	-11.3067626953125
4.177	0.45265869140625004	0.22752685546875	9.7573095703125	0.16021728515625	1.5716552734375	-14.4195556640625
4.187	0.536484375	0.13172607421875002	9.75970458984375	0.4730224609375	1.02996826171875	-14.923095703125
4.197	0.7137158203125	0.10777587890625001	9.649533691406251	0.80108642578125	1.89208984375	-12.73345947265625
4.207	0.5316943359375	0.0718505859375	9.73575439453125	0.60272216796875	1.93023681640625	-10.19287109375
4.217	0.6251000976562501	-0.09580078125000001	9.72617431640625	0.46539306640625	2.105712890625	-5.18798828125
4.227	0.61072998046875	-0.16046630859375	9.75970458984375	0.08392333984375	0.1678466796875	-0.67138671875
4.237	0.69695068359375	-0.21076171875000002	9.68306396484375	0.49591064453125	0.1373291015625	3.02886962890625
4.246	0.7903564453125	-0.17962646484375	9.6710888671875	0.2288818359375	0.1983642578125	3.8299560546875
4.256	0.83107177734375	-0.19878662109375	9.75012451171875	0.22125244140625	-0.2593994140625	5.3253173828125
4.265	0.8382568359375	-0.124541015625	9.7956298828125	0.35858154296875	-0.52642822265625	5.95855712890625
4.276	0.9220825195312501	-0.2442919921875	9.72138427734375	0.26702880859375	-0.091552734375	4.791259765625
4.285	0.70892578125	-0.26105712890625	9.769284667968751	0.32806396484375	0.17547607421875	3.6163330078125
4.295	0.7448510742187501	-0.21555175781250002	9.78844482421875	0.0762939453125	0.4119873046875	2.46429443359375
4.304	0.6945556640625	-0.20836669921875	9.747729492187501	0.22125244140625	0.48828125	0.885009765625
4.315	0.7256909179687501	-0.27063720703125	9.69264404296875	0.38909912109375	0.45013427734375	-1.35040283203125
4.325	0.5748046875	-0.316142578125	9.733359375000001	0.579833984375	1.0223388671875	-3.04412841796875
4.334	0.62989013671875	-0.3496728515625	9.568103027343751	0.640869140625	0.48065185546875	-4.09698486328125
4.344	0.64905029296875	-0.34248779296875004	9.76449462890625	0.38909912109375	0.28228759765625	-5.92803955078125
4.355	0.65384033203125	-0.51013916015625	9.6040283203125	0.579833984375	1.21307373046875	-6.12640380859375
4.364	0.6442602539062501	-0.38080810546875005	9.829160156250001	0.7476806640625	0.213623046875	-7.1563720703125
4.374	0.69695068359375	-0.5221142578125	9.740544433593751	0.091552734375	0.20599365234375	-9.34600830078125
4.384	0.4646337890625	-0.4742138671875	9.6710888671875	0.89263916015625	-0.72479248046875	-11.19232177734375
4.396	0.28740234375	-0.469423828125	9.7956298828125	-0.08392333984375	-0.29754638671875	-13.00811767578125
4.405	0.023950195312500002	-0.3879931640625	9.75012451171875	-0.3814697265625	-0.7171630859375	-13.14544677734375
4.416	0.08382568359375	-0.30895751953125	9.66869384765625	-0.1983642578125	-0.75531005859375	-13.519287109375
4.426	0.17004638671875	-0.1676513671875	10.087822265625	-0.08392333984375	-0.67901611328125	-12.939453125
4.435	0.124541015625	0.13651611328125002	10.336904296875	0.45013427734375	0.18310546875	-12.79449462890625
4.446	0.08861572265625	-0.58198974609375	9.45314208984375	0.9307861328125	0.0152587890625	-12.054443359375
4.456	-0.229921875	-0.3496728515625	9.84592529296875	-0.1068115234375	-0.1373291015625	-9.6282958984375
4.467	-0.07424560546875	-0.30177246093750004	9.7716796875	-0.54168701171875	0.78582763671875	-7.68280029296875
4.477	-0.09340576171875001	-0.51732421875	9.575288085937501	-0.3509521484375	0.8544921875	-4.93621826171875
4.487	0.0622705078125	-0.3305126953125	9.73096435546875	-0.84686279296875	0.0762939453125	-0.64849853515625
4.497	0.05987548828125	-0.22513183593750002	9.75251953125	-0.823974609375	0.00762939453125	4.73785400390625
4.507	0.03592529296875	-0.12214599609375	9.762099609375001	-0.81634521484375	-1.46484375	10.35308837890625
4.517	0.050295410156250005	-0.14609619140625002	9.68306396484375	-0.9307861328125	-0.1220703125	15.67840576171875
4.528	-0.023950195312500002	-0.1676513671875	9.67587890625	-1.10626220703125	0.946044921875	20.91217041015625
4.538	0.07903564453125	-0.23231689453125	9.80281494140625	-1.18255615234375	1.1749267578125	27.2979736328125
4.548	0.11735595703125	-0.3592529296875	9.62558349609375	-1.12152099609375	1.02996826171875	33.87451171875
4.559	0.25147705078125	-0.42391845703125003	9.9105908203125	-1.007080078125	1.57928466796875	38.85650634765625
4.57	0.17483642578125	-0.55564453125	9.762099609375001	-1.2969970703125	1.5869140625	45.41015625
4.58	0.009580078125	-0.45026367187500005	9.781259765625	-1.07574462890625	1.76239013671875	44.49462890625
4.59	0.28979736328125	-0.6442602539062501	9.687854003906251	-1.07574462890625	1.51824951171875	43.3349609375
4.6	-0.01676513671875	-0.6514453125	9.702224121093751	-0.91552734375	1.13677978515625	40.00091552734375
4.612	0.055085449218750006	-0.67300048828125	9.86508544921875	-1.01470947265625	0.92315673828125	32.928466796875
4.621	0.1580712890625	-0.56282958984375	9.83155517578125	-0.5645751953125	0.8697509765625	24.90997314453125
4.632	0.316142578125	-0.7328759765625	9.79802490234375	-0.30517578125	1.2054443359375	19.0277099609375
4.642	0.40954833984375	-0.7065307617187501	9.829160156250001	-0.77056884765625	0.4425048828125	14.984130859375
4.653	0.37601806640625	-0.70892578125	9.81239501953125	-0.60272216796875	0.31280517578125	13.83209228515625
4.663	0.22513183593750002	-0.5987548828125	9.6040283203125	-0.46539306640625	0.69427490234375	13.06915283203125
4.673	0.17244140625	-0.51492919921875	9.81	-0.58746337890625	1.922607421875	10.284423828125
4.682	0.047900390625000004	-0.57240966796875	9.66390380859375	-0.5340576171875	1.19781494140625	8.56781005859375
4.692	0.03592529296875	-0.5125341796875	9.72617431640625	-0.37384033203125	0.84686279296875	6.0272216796875
4.702	-0.06945556640625	-0.5269042968750001	9.65432373046875	-0.4119873046875	0.6561279296875	2.26593017578125
4.711	0.0622705078125	-0.5748046875	9.7668896484375	-0.16021728515625	0.31280517578125	0.5035400390625
4.721	0.09340576171875001	-0.6634204101562501	9.63755859375	0.0457763671875	-0.06866455078125	-2.06756591796875
4.731	0.11017089843750001	-0.85981201171875	9.71419921875	-0.00762939453125	-0.5950927734375	-4.63104248046875
4.742	0.15328125	-0.7041357421875001	9.807604980468751	0.25177001953125	-1.007080078125	-8.07952880859375
4.752	-0.25147705078125	-0.67300048828125	9.7716796875	0.52642822265625	-0.18310546875	-13.61083984375
4.763	-0.20357666015625	-0.7065307617187501	9.85550537109375	0.6103515625	-0.99945068359375	-17.974853515625
4.774	-0.25147705078125	-0.9340576171875	9.6040283203125	1.09100341796875	-1.739501953125	-19.52362060546875
4.785	-0.026345214843750003	-0.9220825195312501	9.73096435546875	1.13677978515625	-0.61798095703125	-21.49200439453125
4.796	-0.4358935546875	-0.852626953125	9.704619140625	0.9307861328125	-0.9002685546875	-23.773193359375
4.807	-0.4646337890625	-0.5795947265625	9.71419921875	1.01470947265625	-0.86212158203125	-26.61895751953125
4.817	-0.15567626953125	-0.53408935546875	9.66869384765625	0.335693359375	-1.15203857421875	-26.39007568359375
4.829	-0.38559814453125	-0.30416748046875003	9.72617431640625	0.38909912109375	-1.50299072265625	-25.76446533203125
4.839	-0.55564453125	-0.51732421875	9.4986474609375	0.28228759765625	-1.51824951171875	-25.24566650390625
4.85	-0.3975732421875	-0.44068359375000005	9.70701416015625	0.2899169921875	-2.899169921875	-22.81951904296875
4.86	-0.27063720703125	-0.51492919921875	9.7573095703125	0.152587890625	-2.05230712890625	-19.805908203125
4.871	-0.3113525390625	-0.4263134765625	9.9249609375	0.030517578125	-1.42669677734375	-18.890380859375
4.882	-0.18920654296875	-0.7065307617187501	9.268725585937501	0.58746337890625	-0.67138671875	-9.01031494140625
4.892	-0.60114990234375	-0.19639160156250002	9.656718750000001	0.0762939453125	-0.335693359375	-8.90350341796875
4.902	-0.5700146484375	-0.22752685546875	9.723779296875	-0.152587890625	-0.640869140625	-12.3138427734375
4.914	-0.29937744140625	-0.354462890625	9.829160156250001	-0.08392333984375	-0.74005126953125	-14.80865478515625
4.924	-0.46223876953125004	-0.29937744140625	9.7381494140625	0.1373291015625	-1.38092041015625	-13.35906982421875
4.935	-0.34248779296875004	-0.36643798828125	9.702224121093751	-0.03814697265625	-1.07574462890625	-16.27349853515625
4.945	-0.39038818359375	-0.5125341796875	9.704619140625	-0.26702880859375	-1.0223388671875	-18.00537109375
4.957	-0.33290771484375004	-0.5676196289062501	9.79083984375	-0.5035400390625	-1.25885009765625	-18.50128173828125
4.968	-0.4358935546875	-0.42152343750000004	9.77407470703125	-0.52642822265625	-1.27410888671875	-18.11981201171875
4.978	-0.4550537109375	-0.23231689453125	9.8243701171875	-0.0762939453125	-1.1444091796875	-20.0347900390625
4.989	-0.277822265625	-0.24908203125	9.78844482421875	-0.29754638671875	-0.885009765625	-18.6920166015625
5.001	-0.05987548828125	-0.26105712890625	9.9010107421875	-0.61798095703125	-0.79345703125	-14.71710205078125
5.011	-0.25387207031250003	-0.3688330078125	9.733359375000001	-0.26702880859375	-1.30462646484375	-14.7247314453125
5.022	-0.43828857421875	-0.4358935546875	9.69743408203125	-0.48828125	-1.129150390625	-16.24298095703125
5.032	-0.48139892578125004	-0.25387207031250003	9.71419921875	-0.5645751953125	-0.61798095703125	-19.66094970703125
5.044	-0.42870849609375	-0.32332763671875003	9.781259765625	-0.22125244140625	-0.9613037109375	-21.96502685546875
5.055	-0.27303222656250004	-0.32572265625	9.56331298828125	-0.5035400390625	-0.54931640625	-22.52197265625
5.065	-0.27063720703125	-0.21794677734375	9.8722705078125	0.17547607421875	-0.4119873046875	-22.51434326171875
5.075	-0.3305126953125	-0.17962646484375	9.860295410156251	-0.72479248046875	-0.213623046875	-25.07781982421875
5.087	-0.45984375	-0.17244140625	9.620793457031251	-1.88446044921875	-0.213623046875	-26.580810546875
5.096	-0.5891748046875	0.0047900390625	9.98483642578125	0.20599365234375	-1.2054443359375	-23.406982421875
5.107	-0.70892578125	0.1197509765625	9.4890673828125	0.1983642578125	-1.2664794921875	-21.94976806640625
5.117	-0.5843847656250001	0.28021728515625	9.80281494140625	-0.23651123046875	-1.0986328125	-17.58575439453125
5.128	-0.96998291015625	0.06466552734375	9.709409179687501	0.37384033203125	-0.518798828125	-13.5040283203125
5.139	-0.4742138671875	-0.047900390625000004	9.740544433593751	0.1220703125	-1.42669677734375	-9.74273681640625
5.149	-0.67060546875	-0.3975732421875	9.666298828125	0.19073486328125	-1.01470947265625	-9.33837890625
5.16	-0.67779052734375	-0.258662109375	9.79083984375	-0.2899169921875	-0.61798095703125	-13.00048828125
5.172	-0.6682104492187501	-0.4646337890625	9.4890673828125	-1.74713134765625	-0.9002685546875	-13.90838623046875
5.182	-0.6274951171875001	-0.18202148437500001	9.93214599609375	0.16021728515625	-0.6866455078125	-17.1966552734375
5.193	-0.6825805664062501	-0.354462890625	9.642348632812501	-0.02288818359375	-0.66375732421875	-17.913818359375
5.204	-0.6945556640625	-0.22034179687500002	9.781259765625	-0.3509521484375	-0.885009765625	-17.242431640625
5.216	-0.7424560546875001	-0.2682421875	9.656718750000001	-0.69427490234375	-1.0986328125	-15.26641845703125
5.226	-0.5316943359375	-0.10298583984375001	9.740544433593751	-0.11444091796875	-1.50299072265625	-14.984130859375
5.236	-0.045505371093750004	-0.32811767578125	9.73575439453125	-0.1373291015625	-0.7171630859375	-16.143798828125
5.248	0.0335302734375	-0.29937744140625	9.747729492187501	-0.37384033203125	-1.556396484375	-14.45770263671875
5.258	-0.31374755859375003	-0.30416748046875003	9.84592529296875	-0.09918212890625	-1.129150390625	-16.82281494140625
5.268	-0.17004638671875	-0.45026367187500005	9.71180419921875	0.06103515625	-0.9765625	-16.9219970703125
5.279	-0.40236328125000004	-0.335302734375	9.8052099609375	-0.152587890625	-0.67138671875	-16.85333251953125
5.289	-0.51492919921875	-0.43110351562500004	9.7285693359375	0.0	-0.762939453125	-16.34979248046875
5.301	-0.60114990234375	-0.30177246093750004	9.781259765625	0.17547607421875	-0.99945068359375	-15.4266357421875
5.311	-0.7137158203125	-0.354462890625	9.647138671875	0.28228759765625	-1.02996826171875	-13.17596435546875
5.322	-0.9580078125	-0.23231689453125	9.72617431640625	0.48065185546875	-1.52587890625	-12.664794921875
5.334	-0.87897216796875	-0.21315673828125	9.74533447265625	0.40435791015625	-1.953125	-12.969970703125
5.344	-0.7232958984375001	-0.3113525390625	9.814790039062501	0.1983642578125	-1.45721435546875	-12.73345947265625
5.355	-0.62031005859375	-0.3113525390625	9.685458984375	-0.152587890625	-2.44140625	-12.82501220703125
5.366	-0.44307861328125003	-0.22752685546875	9.680668945312501	-0.4730224609375	-2.75421142578125	-13.31329345703125
5.378	-0.32572265625	-0.31374755859375003	9.8722705078125	-0.14495849609375	-1.9073486328125	-14.0838623046875
5.388	-0.5843847656250001	-0.30416748046875003	9.70701416015625	0.16021728515625	-1.7242431640625	-14.9688720703125
5.399	-0.8071215820312501	-0.28979736328125	9.66390380859375	0.4730224609375	-1.2664794921875	-14.91546630859375
5.409	-0.69695068359375	-0.29219238281250004	9.704619140625	0.43487548828125	-1.42669677734375	-14.16015625
5.421	-0.79754150390625	-0.08861572265625	9.74533447265625	0.34332275390625	-1.31988525390625	-13.85498046875
5.431	-0.71132080078125	-0.162861328125	9.88424560546875	0.213623046875	-0.69427490234375	-13.58795166015625
5.442	-0.87897216796875	-0.1197509765625	9.74533447265625	-0.28228759765625	-0.70953369140625	-14.27459716796875
5.453	-0.929267578125	-0.08382568359375	9.75970458984375	-0.08392333984375	-0.213623046875	-14.70947265625
5.463	-1.0538085937500001	0.0047900390625	9.620793457031251	0.2288818359375	-0.52642822265625	-13.20648193359375
5.474	-1.02746337890625	0.18441650390625	9.740544433593751	0.03814697265625	-0.78582763671875	-12.64190673828125
5.484	-1.0011181640625	0.14130615234375002	9.733359375000001	0.00762939453125	-0.84686279296875	-10.76507568359375
5.494	-0.9029223632812501	0.13172607421875002	9.76449462890625	-0.3509521484375	-0.8697509765625	-11.34490966796875
5.506	-0.70174072265625	-0.1149609375	9.695039062500001	-0.20599365234375	-0.7476806640625	-10.31494140625
5.516	-0.8095166015625	-0.03113525390625	9.77407470703125	0.1678466796875	-1.04522705078125	-9.11712646484375
5.527	-0.8047265625000001	0.124541015625	9.74533447265625	-0.23651123046875	-0.17547607421875	-9.94873046875
5.537	-0.8286767578125	-0.0431103515625	9.86508544921875	-0.61798095703125	0.152587890625	-7.6141357421875
5.548	-0.9460327148437501	-0.162861328125	9.65911376953125	0.12969970703125	0.6561279296875	-6.88934326171875
5.558	-0.9723779296875	-0.1484912109375	9.769284667968751	-0.28228759765625	0.335693359375	-7.3394775390625
5.568	-0.9675878906250001	-0.16525634765625	9.695039062500001	-0.213623046875	0.1373291015625	-8.72802734375
5.578	-0.8071215820312501	-0.08382568359375	9.8626904296875	-0.06866455078125	0.3662109375	-10.26153564453125
5.59	-0.6059399414062501	-0.09580078125000001	9.7381494140625	0.40435791015625	0.38909912109375	-10.0860595703125
5.599	-0.5484594726562501	0.067060546875	9.84592529296875	0.0762939453125	0.12969970703125	-9.75799560546875
5.609	-0.47181884765625004	-0.0143701171875	9.627978515625001	-0.18310546875	0.1983642578125	-8.9874267578125
5.619	-0.62989013671875	0.052690429687500005	9.580078125	-0.244140625	0.08392333984375	-6.2713623046875
5.629	-0.67779052734375	0.08861572265625	9.69264404296875	-0.26702880859375	0.74005126953125	-4.974365234375
5.64	-0.7640112304687501	0.15328125	9.716594238281251	-0.31280517578125	0.78582763671875	-5.08880615234375
5.65	-0.77838134765625	0.48618896484375	9.79083984375	-0.6561279296875	-0.2593994140625	-2.7618408203125
5.66	-0.8382568359375	0.37362304687500003	9.754914550781251	-0.152587890625	-0.3814697265625	-2.044677734375
5.671	-1.04183349609375	0.47900390625	9.70701416015625	-0.35858154296875	-0.79345703125	-1.67083740234375
5.682	-0.8430468750000001	0.55324951171875	9.88424560546875	-0.34332275390625	-0.95367431640625	-1.33514404296875
5.691	-0.59635986328125	0.2682421875	9.60163330078125	0.03814697265625	-1.4495849609375	1.495361328125
5.701	-0.4263134765625	0.23710693359375	9.70701416015625	-0.92315673828125	-0.69427490234375	1.45721435546875
5.711	-0.67300048828125	0.23231689453125	9.747729492187501	-0.37384033203125	-0.78582763671875	2.13623046875
5.722	-0.6274951171875001	0.30895751953125	9.747729492187501	-0.25177001953125	-0.12969970703125	0.43487548828125
5.732	-0.55324951171875	0.1389111328125	9.72617431640625	-0.29754638671875	1.800537109375	0.8544921875
5.741	-0.680185546875	0.15567626953125	9.649533691406251	0.29754638671875	1.44195556640625	0.7476806640625
5.75	-0.6562353515625	0.052690429687500005	9.702224121093751	0.74005126953125	-0.1068115234375	0.3814697265625
5.761	-0.7232958984375001	0.3400927734375	9.762099609375001	0.83160400390625	-0.6103515625	0.0457763671875
5.77	-0.93645263671875	0.19399658203125	9.793234863281251	0.58746337890625	-0.58746337890625	-0.4119873046875
5.78	-0.93166259765625	0.052690429687500005	9.57768310546875	-0.45013427734375	-1.71661376953125	-2.89154052734375
5.791	-0.61072998046875	0.2347119140625	9.7189892578125	-0.93841552734375	-1.27410888671875	-4.28009033203125
5.801	-0.43828857421875	0.488583984375	9.76449462890625	-0.9307861328125	0.1068115234375	-3.6773681640625
5.812	-0.6179150390625	0.6562353515625	9.78365478515625	-0.02288818359375	-0.518798828125	-3.448486328125
5.822	-0.63468017578125	0.56282958984375	9.59923828125	0.19073486328125	-2.5482177734375	-2.57110595703125
5.832	-0.5316943359375	0.40236328125000004	9.680668945312501	0.48065185546875	-1.45721435546875	-1.60980224609375
5.843	-0.7280859375000001	0.6825805664062501	9.7285693359375	0.87738037109375	-2.197265625	-3.08990478515625
5.854	-0.7711962890625	0.51492919921875	9.800419921875001	-0.06866455078125	-0.92315673828125	-4.15802001953125
5.864	-0.63228515625	0.83107177734375	9.754914550781251	0.00762939453125	-0.06103515625	-6.27899169921875
5.873	-0.6514453125	0.59396484375	9.81	-0.1373291015625	0.06866455078125	-6.96563720703125
5.883	-0.9029223632812501	0.718505859375	9.649533691406251	0.03814697265625	-1.190185546875	-4.73785400390625
5.895	-0.63468017578125	0.9795629882812501	9.881850585937501	-0.640869140625	-0.89263916015625	-2.95257568359375
5.905	-0.6059399414062501	0.6274951171875001	9.575288085937501	0.08392333984375	-0.55694580078125	-1.9378662109375
5.916	-0.79754150390625	0.83107177734375	9.6902490234375	-0.35858154296875	-1.983642578125	-5.85174560546875
5.927	-0.9915380859375	0.6179150390625	9.66869384765625	0.244140625	-0.8544921875	-10.5743408203125
5.937	-0.3065625	0.4550537109375	9.740544433593751	0.3509521484375	0.213623046875	-8.087158203125
5.946	0.13172607421875002	0.36164794921875004	9.63995361328125	0.02288818359375	1.129150390625	2.4871826171875
5.956	-0.067060546875	0.28021728515625	9.75251953125	0.17547607421875	1.64031982421875	9.3231201171875
5.966	-0.258662109375	0.52929931640625	9.912985839843751	-0.57220458984375	1.25885009765625	12.55035400390625
5.977	-0.51971923828125	0.3065625	9.67587890625	-1.15203857421875	0.45013427734375	11.90185546875
5.987	-0.39517822265625	0.09580078125000001	9.6902490234375	-1.220703125	1.22833251953125	8.87298583984375
5.996	0.31374755859375003	0.18681152343750002	9.86508544921875	0.091552734375	0.5340576171875	5.645751953125
6.005	0.53887939453125	0.26584716796875	9.819580078125	-0.31280517578125	2.0904541015625	6.3934326171875
6.014	0.3879931640625	0.40236328125000004	9.57289306640625	0.8392333984375	0.92315673828125	6.011962890625
6.025	0.45744873046875	0.8813671875000001	9.695039062500001	-0.3814697265625	-0.2593994140625	6.3323974609375
6.035	0.17962646484375	1.1543994140625	9.742939453125	-1.312255859375	-0.3662109375	2.60162353515625
6.045	0.18202148437500001	0.9412426757812501	9.77886474609375	-0.08392333984375	3.8604736328125	-4.35638427734375
6.055	0.1484912109375	0.89813232421875	9.6327685546875	0.640869140625	2.51007080078125	-3.814697265625
6.065	-0.009580078125	1.1136840820312501	9.6710888671875	0.63323974609375	2.685546875	-2.01416015625
6.075	0.09101074218750001	1.14242431640625	9.96567626953125	-0.38909912109375	2.20489501953125	-1.8768310546875
6.085	0.0718505859375	1.2310400390625	9.656718750000001	-1.0223388671875	2.81524658203125	-1.40380859375
6.095	-0.14609619140625002	1.0681787109375	9.48188232421875	-0.6256103515625	3.39508056640625	-5.2032470703125
6.106	0.38320312500000003	1.350791015625	9.7956298828125	-1.80816650390625	0.31280517578125	-0.9918212890625
6.116	0.5484594726562501	1.2669653320312502	9.836345214843751	-1.03759765625	-1.56402587890625	0.29754638671875
6.127	0.75443115234375	1.33881591796875	9.838740234375	-2.166748046875	-1.7242431640625	0.762939453125
6.137	0.6083349609375001	1.08494384765625	9.754914550781251	-0.9918212890625	-3.79180908203125	0.396728515625
6.148	0.6466552734375001	1.25259521484375	9.79083984375	-0.5340576171875	-2.15911865234375	-1.9989013671875
6.158	0.21315673828125	1.4609619140625	9.656718750000001	0.32806396484375	-1.60980224609375	-5.04302978515625
6.168	0.44068359375000005	1.30049560546875	9.73096435546875	0.54931640625	-2.0751953125	-4.1656494140625
6.178	0.24189697265625001	1.3915063476562501	9.75012451171875	0.14495849609375	-0.32806396484375	-4.33349609375
6.188	0.36643798828125	1.5232324218750002	9.64474365234375	0.0762939453125	1.45721435546875	-6.27899169921875
6.198	0.9460327148437501	1.4130615234375001	9.73575439453125	0.244140625	3.27301025390625	-6.1187744140625
6.208	0.39517822265625	1.45377685546875	9.7189892578125	0.274658203125	2.60162353515625	-2.044677734375
6.218	0.9675878906250001	1.101708984375	9.680668945312501	-0.75531005859375	1.18255615234375	4.72259521484375
6.228	1.16158447265625	1.120869140625	9.81	-1.1749267578125	0.69427490234375	7.34710693359375
6.239	1.2981005859375	1.0346484375	9.776469726562501	-2.0751953125	0.70953369140625	11.199951171875
6.249	1.3316308593750001	1.14242431640625	9.7381494140625	-2.09808349609375	0.05340576171875	13.40484619140625
6.259	1.34360595703125	0.929267578125	9.7573095703125	-1.50299072265625	0.22125244140625	19.6685791015625
6.27	0.85981201171875	0.88855224609375	9.754914550781251	-1.312255859375	-1.89208984375	27.38189697265625
6.281	0.28261230468750004	0.8262817382812501	9.73096435546875	-0.7781982421875	-2.96783447265625	30.46417236328125
6.291	0.1293310546875	0.8406518554687501	9.72617431640625	-0.20599365234375	-3.60870361328125	27.97698974609375
6.301	0.5891748046875	0.81670166015625	9.8052099609375	0.1983642578125	-3.70025634765625	26.0772705078125
6.311	0.30895751953125	0.8047265625000001	9.6519287109375	0.152587890625	-4.23431396484375	28.3203125
6.322	0.1484912109375	1.06099365234375	9.75251953125	-0.0457763671875	-3.73077392578125	31.77642822265625
6.332	-0.09819580078125001	0.99872314453125	9.79802490234375	0.0762939453125	-3.6163330078125	33.05816650390625
6.342	0.49337402343750003	0.85981201171875	9.627978515625001	0.91552734375	-2.99835205078125	34.50775146484375
6.352	0.45026367187500005	0.79275146484375	9.65911376953125	0.25177001953125	-2.32696533203125	36.76605224609375
6.363	0.24908203125	0.775986328125	9.695039062500001	0.86212158203125	-1.64031982421875	37.49847412109375
6.373	0.50055908203125	0.5029541015625	9.7860498046875	0.16021728515625	-1.5106201171875	35.59112548828125
6.383	0.7640112304687501	0.6251000976562501	9.8243701171875	0.20599365234375	-0.67138671875	31.585693359375
6.393	0.9436376953125001	0.30177246093750004	9.807604980468751	-0.54931640625	-1.0833740234375	26.71051025390625
6.404	1.3412109375	0.296982421875	9.723779296875	-0.091552734375	0.34332275390625	25.2227783203125
6.413	0.8214916992187501	0.3784130859375	9.747729492187501	0.0762939453125	-0.091552734375	21.4385986328125
6.423	0.7879614257812501	0.54366943359375	9.6998291015625	0.18310546875	0.11444091796875	19.82879638671875
6.432	0.5652246093750001	0.689765625	9.7860498046875	-0.06866455078125	1.19781494140625	21.64459228515625
6.443	0.2682421875	0.775986328125	9.73575439453125	-0.213623046875	-0.335693359375	24.078369140625
6.453	0.27063720703125	0.9029223632812501	9.793234863281251	-0.5035400390625	0.08392333984375	26.153564453125
6.463	0.28021728515625	0.83107177734375	9.742939453125	-0.09918212890625	0.80108642578125	30.25054931640625
6.473	0.11735595703125	0.8214916992187501	9.75970458984375	-0.49591064453125	1.09100341796875	32.63092041015625
6.482	0.27303222656250004	0.47660888671875	9.620793457031251	-0.12969970703125	1.36566162109375	32.440185546875
6.493	0.5029541015625	0.44307861328125003	9.687854003906251	-0.1373291015625	1.79290771484375	31.280517578125
6.503	0.45026367187500005	0.48618896484375	9.81718505859375	-0.32806396484375	1.04522705078125	28.02276611328125
6.512	0.44068359375000005	0.39038818359375	9.781259765625	-0.4119873046875	1.80816650390625	26.37481689453125
6.522	0.67060546875	0.25626708984375	9.709409179687501	-0.701904296875	2.00653076171875	26.2451171875
6.533	0.9268725585937501	-0.01676513671875	9.76449462890625	-0.5645751953125	1.8157958984375	28.22113037109375
6.543	1.0538085937500001	-0.028740234375	9.673483886718751	-0.7476806640625	1.1138916015625	30.47943115234375
6.553	0.7999365234375	0.19160156250000002	9.79802490234375	-0.32806396484375	1.35040283203125	28.7933349609375
6.563	0.7448510742187501	0.34727783203125	9.956096191406251	-1.06048583984375	0.81634521484375	27.27508544921875
6.574	0.60114990234375	0.13651611328125002	9.78365478515625	-0.1068115234375	0.8697509765625	24.65057373046875
6.583	0.46223876953125004	0.5652246093750001	9.7381494140625	-0.1678466796875	0.09918212890625	22.69744873046875
6.593	0.27303222656250004	0.4742138671875	9.6231884765625	0.12969970703125	-0.40435791015625	20.355224609375
6.602	0.316142578125	0.5843847656250001	9.762099609375001	-0.43487548828125	-0.63323974609375	18.2647705078125
6.612	0.46702880859375	0.5269042968750001	9.7285693359375	0.1373291015625	-1.02996826171875	17.425537109375
6.623	0.756826171875	0.51013916015625	9.69264404296875	0.3509521484375	-0.29754638671875	15.12908935546875
6.632	1.149609375	0.335302734375	9.67827392578125	-0.0457763671875	-1.1444091796875	16.11328125
6.642	1.08494384765625	0.00718505859375	9.77407470703125	-0.41961669921875	-0.51116943359375	15.1824951171875
6.652	1.31965576171875	0.03592529296875	9.86508544921875	-0.1983642578125	-0.0762939453125	13.11492919921875
6.662	1.06578369140625	0.11256591796875001	9.723779296875	-0.28228759765625	0.54931640625	10.8184814453125
6.672	1.21427490234375	-0.01916015625	9.77886474609375	-0.18310546875	0.9918212890625	10.23101806640625
6.682	1.0538085937500001	0.04071533203125	9.84113525390625	-0.2899169921875	1.007080078125	11.10076904296875
6.692	0.93884765625	0.0335302734375	9.685458984375	-0.49591064453125	1.59454345703125	11.688232421875
6.703	0.41912841796875	-0.31853759765625	9.781259765625	-0.09918212890625	1.45721435546875	9.19342041015625
6.712	0.737666015625	-0.3209326171875	9.754914550781251	0.03814697265625	1.8768310546875	5.0048828125
6.722	0.5676196289062501	-0.30895751953125	9.8626904296875	-0.091552734375	1.800537109375	1.739501953125
6.732	0.8095166015625	-0.5029541015625	9.69264404296875	-0.43487548828125	2.81524658203125	-2.90679931640625
6.743	1.22625	-0.45026367187500005	9.920170898437501	-0.213623046875	2.95257568359375	-8.82720947265625
6.754	1.6813037109375002	-0.7616162109375001	9.73575439453125	-0.20599365234375	3.997802734375	-13.3056640625
6.764	2.0213964843750003	-0.7520361328125	9.8243701171875	-0.34332275390625	4.60052490234375	-12.48931884765625
6.775	1.6238232421875	-0.58198974609375	9.666298828125	-0.4119873046875	4.20379638671875	-10.528564453125
6.786	1.5088623046875	-0.36643798828125	9.80281494140625	-0.152587890625	4.1656494140625	-8.07952880859375
6.796	1.0202783203125	-0.06945556640625	9.70701416015625	-0.3662109375	2.3956298828125	-3.9520263671875
6.807	0.69216064453125	-0.14130615234375002	9.75970458984375	-0.335693359375	1.800537109375	-1.15203857421875
6.816	0.38080810546875005	-0.354462890625	9.67827392578125	-0.02288818359375	1.88446044921875	-3.509521484375
6.828	0.3065625	-0.67779052734375	9.81718505859375	-0.091552734375	1.007080078125	-8.148193359375
6.838	0.48379394531250003	-0.852626953125	9.78365478515625	0.08392333984375	1.129150390625	-14.64080810546875
6.848	0.7640112304687501	-1.235830078125	9.73096435546875	-0.45013427734375	0.80108642578125	-24.22332763671875
6.859	1.07296875	-1.08494384765625	9.80281494140625	0.28228759765625	2.76947021484375	-40.62652587890625
6.87	1.25738525390625	-1.06578369140625	9.575288085937501	0.152587890625	2.2430419921875	-44.19708251953125
6.88	1.2669653320312502	-0.70892578125	9.72617431640625	0.4119873046875	-0.02288818359375	-41.19873046875
6.891	0.7137158203125	-0.3975732421875	9.642348632812501	-0.1678466796875	-2.2735595703125	-30.83038330078125
6.902	0.8669970703125001	-0.12214599609375	9.781259765625	-0.16021728515625	-1.35040283203125	-19.2718505859375
6.913	0.93884765625	-0.38320312500000003	9.6519287109375	0.08392333984375	-0.9002685546875	-6.866455078125
6.923	0.65384033203125	-0.22752685546875	9.702224121093751	-0.12969970703125	-0.43487548828125	0.45013427734375
6.932	0.28261230468750004	-0.07424560546875	9.702224121093751	-0.17547607421875	-0.396728515625	2.1209716796875
6.942	0.29458740234375	-0.26584716796875	9.82676513671875	-0.1220703125	-0.93841552734375	-3.1585693359375
6.952	0.8214916992187501	-0.162861328125	9.73575439453125	0.091552734375	0.9918212890625	2.3651123046875
6.963	0.3496728515625	-0.39517822265625	9.66869384765625	-0.38909912109375	1.77764892578125	-2.52532958984375
6.973	0.8047265625000001	-0.36404296875000003	9.81	-0.67901611328125	2.58636474609375	-2.62451171875
6.983	0.2682421875	-0.4358935546875	9.762099609375001	-1.01470947265625	3.60107421875	0.1678466796875
6.992	0.55324951171875	-0.5676196289062501	9.69743408203125	-0.98419189453125	3.23486328125	0.41961669921875
7.003	0.5604345703125	-0.52929931640625	9.7285693359375	-1.18255615234375	4.119873046875	1.28936767578125
7.013	0.54366943359375	-0.536484375	9.754914550781251	-1.12152099609375	5.14984130859375	1.18255615234375
7.023	0.737666015625	-0.43349853515625003	9.79083984375	-1.434326171875	4.7760009765625	2.8228759765625
7.033	0.30895751953125	-0.41433837890625	9.71180419921875	-1.739501953125	5.11932373046875	0.74005126953125
7.044	0.24908203125	-0.335302734375	9.716594238281251	-0.83160400390625	4.98199462890625	-0.457763671875
7.054	0.6251000976562501	-0.15567626953125	9.66390380859375	-0.762939453125	5.11932373046875	3.2501220703125
7.064	0.07903564453125	-0.2442919921875	9.5561279296875	-0.701904296875	4.67681884765625	3.36456298828125
7.073	0.45984375	-0.13651611328125002	9.7860498046875	-0.05340576171875	4.4708251953125	0.823974609375
7.083	0.54366943359375	-0.34248779296875004	9.75970458984375	0.11444091796875	4.180908203125	0.89263916015625
7.093	0.21555175781250002	-0.4742138671875	9.73096435546875	0.60272216796875	3.41033935546875	-2.60162353515625
7.103	0.4646337890625	-0.689765625	9.8435302734375	0.9765625	2.3651123046875	-6.18743896484375
7.113	0.77838134765625	-0.45026367187500005	9.70701416015625	1.04522705078125	-0.54168701171875	0.45013427734375
7.123	-0.18202148437500001	-0.71132080078125	9.70701416015625	0.96893310546875	-0.7476806640625	2.64739990234375
7.134	-0.09580078125000001	-0.5029541015625	9.838740234375	1.50299072265625	-1.93023681640625	4.92095947265625
7.145	-0.17244140625	-0.60114990234375	9.814790039062501	1.0528564453125	-2.78472900390625	3.21197509765625
7.154	0.18920654296875	-0.335302734375	9.7956298828125	0.579833984375	-3.83758544921875	4.8370361328125
7.164	0.25626708984375	-0.6274951171875001	9.7668896484375	-0.54168701171875	-1.89971923828125	4.40216064453125
7.176	-0.25147705078125	-0.4981640625	9.5848681640625	-0.17547607421875	-2.1820068359375	-0.9307861328125
7.186	0.047900390625000004	-0.47181884765625004	9.769284667968751	-0.2288818359375	-2.166748046875	-4.69207763671875
7.195	0.09340576171875001	0.050295410156250005	9.99920654296875	-0.4119873046875	-1.5106201171875	-4.21905517578125
7.206	-0.10298583984375001	-0.69216064453125	9.647138671875	0.34332275390625	-1.617431640625	-6.46209716796875
7.217	0.2442919921875	-0.62031005859375	9.673483886718751	0.0762939453125	-1.36566162109375	-10.18524169921875
7.228	0.30895751953125	-0.60114990234375	9.69264404296875	-0.64849853515625	-1.3427734375	-9.5672607421875
7.238	0.27063720703125	-0.62031005859375	9.723779296875	-0.18310546875	1.28936767578125	-12.27569580078125
7.248	-0.00239501953125	-0.45744873046875	9.71180419921875	0.61798095703125	0.96893310546875	-12.21466064453125
7.26	-0.24189697265625001	-0.5843847656250001	9.78365478515625	1.07574462890625	-1.434326171875	-13.08441162109375
7.27	-0.21555175781250002	-0.3400927734375	9.61121337890625	1.71661376953125	-1.8463134765625	-11.1541748046875
7.281	0.11256591796875001	-0.3592529296875	9.7716796875	1.70135498046875	-3.082275390625	-8.575439453125
7.291	0.24908203125	-0.17244140625	9.685458984375	1.18255615234375	-3.28826904296875	-6.1798095703125
7.302	0.8214916992187501	-0.45744873046875	9.716594238281251	1.0986328125	-3.10516357421875	-1.02996826171875
7.312	0.21076171875000002	-0.43110351562500004	9.695039062500001	0.40435791015625	-1.6326904296875	-2.6092529296875
7.322	0.44307861328125003	-0.5316943359375	9.793234863281251	-0.4119873046875	-1.42669677734375	-3.25775146484375
7.332	0.00718505859375	-0.622705078125	9.8626904296875	-0.43487548828125	-1.12152099609375	-3.54766845703125
7.344	0.1580712890625	-0.49097900390625004	9.90340576171875	-0.4730224609375	-2.13623046875	-4.79888916015625
7.354	0.30416748046875003	-0.59156982421875	9.90819580078125	-0.22125244140625	-2.26593017578125	-7.0953369140625
7.364	0.8430468750000001	-0.6945556640625	9.85071533203125	-0.25177001953125	-1.4190673828125	-6.011962890625
7.374	-0.028740234375	-0.4454736328125	9.702224121093751	0.1373291015625	1.31988525390625	-7.5836181640625
7.385	0.22513183593750002	-0.53887939453125	9.829160156250001	0.40435791015625	2.3193359375	-8.97216796875
7.395	0.19399658203125	-0.69695068359375	9.627978515625001	0.1983642578125	1.7242431640625	-6.4239501953125
7.405	0.18441650390625	-0.63947021484375	9.75012451171875	0.030517578125	1.678466796875	-6.134033203125
7.414	-0.067060546875	-0.5484594726562501	9.649533691406251	0.335693359375	-0.03814697265625	-4.73785400390625
7.425	-0.20357666015625	-0.45984375	9.580078125	0.30517578125	0.3662109375	-5.80596923828125
7.435	-0.07424560546875	-0.42152343750000004	9.649533691406251	0.28228759765625	0.3662109375	-8.8653564453125
7.445	-0.03592529296875	-0.5412744140625	9.673483886718751	0.46539306640625	0.98419189453125	-9.48333740234375
7.455	0.01916015625	-0.8454418945312501	9.740544433593751	0.32806396484375	1.190185546875	-10.6201171875
7.465	-0.39996826171875	-0.7616162109375001	9.63995361328125	0.4119873046875	0.22125244140625	-12.87078857421875
7.476	-0.1772314453125	-0.8286767578125	9.57768310546875	0.55694580078125	-0.37384033203125	-12.847900390625
7.487	-0.09819580078125001	-0.73048095703125	9.7860498046875	0.79345703125	-0.46539306640625	-9.81903076171875
7.497	0.10059082031250001	-0.75922119140625	9.769284667968751	-0.152587890625	-1.12152099609375	-10.03265380859375
7.507	0.38320312500000003	-0.46223876953125004	9.76449462890625	0.2593994140625	-0.41961669921875	-5.56182861328125
7.518	-0.07903564453125	-0.5987548828125	9.77407470703125	0.49591064453125	0.14495849609375	-3.80706787109375
7.528	-0.009580078125	-0.71611083984375	9.915380859375	-0.08392333984375	1.0223388671875	-5.22613525390625
7.537	0.30416748046875003	-0.8382568359375	9.6183984375	0.00762939453125	0.0	-2.3040771484375
7.547	-0.03113525390625	-0.8214916992187501	9.6710888671875	0.08392333984375	0.74005126953125	-2.0751953125
7.557	0.0431103515625	-0.88855224609375	9.65432373046875	0.09918212890625	0.25177001953125	-1.6021728515625
7.568	-0.19399658203125	-0.852626953125	9.68306396484375	0.42724609375	-0.84686279296875	-0.66375732421875
7.577	-0.239501953125	-0.7711962890625	9.7716796875	0.4119873046875	0.5035400390625	-0.92315673828125
7.587	-0.13172607421875002	-0.7640112304687501	9.74533447265625	0.335693359375	-0.16021728515625	1.57928466796875
7.598	-0.1293310546875	-0.833466796875	9.702224121093751	0.58746337890625	-0.1983642578125	2.9449462890625
7.608	-0.5484594726562501	-0.73048095703125	9.72617431640625	0.51116943359375	-0.38909912109375	3.0670166015625
7.618	-0.7256909179687501	-0.6945556640625	9.79802490234375	0.49591064453125	-0.701904296875	0.3204345703125
7.628	-0.93884765625	-0.49337402343750003	9.5657080078125	0.2593994140625	-0.64849853515625	-3.72314453125
7.639	-0.9340576171875	-0.49576904296875	9.6183984375	0.14495849609375	-0.12969970703125	-6.3323974609375
7.65	-1.3531860351562501	-0.3975732421875	9.829160156250001	-0.48828125	1.434326171875	-6.7901611328125
7.66	-1.78189453125	-0.25626708984375	9.71180419921875	-0.32806396484375	0.7476806640625	-8.07952880859375
7.67	-1.9423608398437502	-0.39278320312500004	9.536967773437501	-0.41961669921875	0.732421875	-7.56072998046875
7.681	-2.18665283203125	-0.40954833984375	9.589658203125001	0.08392333984375	1.0833740234375	-6.561279296875
7.691	-1.829794921875	-0.28021728515625	9.63995361328125	0.06866455078125	1.04522705078125	-2.6702880859375
7.701	-2.11001220703125	-0.19639160156250002	9.65432373046875	0.25177001953125	0.83160400390625	-0.4119873046875
7.711	-1.9543359375	-0.15567626953125	9.5848681640625	0.37384033203125	0.31280517578125	1.47247314453125
7.721	-2.24892333984375	-0.10777587890625001	9.54894287109375	-0.02288818359375	0.41961669921875	0.8697509765625
7.731	-2.16270263671875	-0.18441650390625	9.6519287109375	0.5340576171875	-0.3509521484375	-0.17547607421875
7.741	-2.0477416992187503	-0.00239501953125	9.7189892578125	0.1983642578125	-0.38909912109375	-2.685546875
7.751	-2.0046313476562503	0.055085449218750006	9.68306396484375	0.43487548828125	-0.7476806640625	-5.28717041015625
7.761	-2.078876953125	-0.20118164062500002	9.6615087890625	0.49591064453125	-1.39617919921875	-6.95037841796875
7.773	-1.66693359375	-0.10777587890625001	9.7189892578125	0.23651123046875	-2.0751953125	-9.30023193359375
7.784	-1.09931396484375	-0.34727783203125	9.704619140625	0.37384033203125	-2.72369384765625	-8.7738037109375
7.794	-0.42152343750000004	-0.26584716796875	9.73575439453125	0.38909912109375	-2.11334228515625	-8.148193359375
7.804	-0.12693603515625002	-0.13412109375	9.75251953125	0.41961669921875	-2.17437744140625	-8.39996337890625
7.816	-0.07903564453125	-0.09101074218750001	9.695039062500001	0.5340576171875	-1.983642578125	-8.88824462890625
7.826	-0.0814306640625	-0.0814306640625	9.687854003906251	0.55694580078125	-1.77764892578125	-9.735107421875
7.837	-0.15567626953125	-0.18441650390625	9.838740234375	0.6103515625	-1.5716552734375	-8.78143310546875
7.847	-0.07424560546875	-0.21794677734375	9.85550537109375	0.84686279296875	-1.79290771484375	-5.65338134765625
7.858	-0.10538085937500001	-0.21794677734375	9.69264404296875	0.6866455078125	-2.55584716796875	-0.37384033203125
7.867	-0.011975097656250001	-0.023950195312500002	9.67827392578125	0.54931640625	-2.78472900390625	0.22125244140625
7.876	0.067060546875	-0.028740234375	9.7860498046875	0.74005126953125	-2.66265869140625	0.2899169921875
7.886	0.0814306640625	-0.0814306640625	9.52499267578125	0.7781982421875	-0.732421875	0.213623046875
7.896	-0.05987548828125	-0.011975097656250001	9.84592529296875	0.40435791015625	-1.0223388671875	0.11444091796875
7.905	-0.07903564453125	0.055085449218750006	9.896220703125001	0.4425048828125	1.82342529296875	0.29754638671875
7.914	0.05748046875	-0.0431103515625	9.580078125	0.61798095703125	3.10516357421875	0.274658203125
7.923	-0.11017089843750001	-0.06466552734375	9.6519287109375	0.45013427734375	3.15093994140625	0.30517578125
7.932	-0.258662109375	-0.10538085937500001	9.702224121093751	0.152587890625	0.67138671875	0.55694580078125
7.944	-0.7041357421875001	-0.20118164062500002	10.219548339843751	-0.54931640625	-10.61248779296875	2.43377685546875
7.954	0.51013916015625	0.27063720703125	9.455537109375001	-0.20599365234375	-9.70458984375	1.922607421875
7.963	0.1149609375	0.086220703125	9.627978515625001	-0.09918212890625	4.60052490234375	0.1678466796875
7.972	-0.13651611328125002	-0.03113525390625	9.860295410156251	-0.67138671875	3.875732421875	0.03814697265625
7.982	-0.13651611328125002	-0.086220703125	9.67827392578125	-0.67901611328125	-0.08392333984375	0.40435791015625
7.992	0.01676513671875	-0.0814306640625	9.71180419921875	-0.1983642578125	0.5645751953125	0.48065185546875
8.0	-0.023950195312500002	-0.09819580078125001	9.6998291015625	0.06103515625	1.33514404296875	0.42724609375
8.009	-0.09580078125000001	-0.052690429687500005	9.73096435546875	-0.06866455078125	0.11444091796875	0.518798828125
8.018	-0.03113525390625	-0.0814306640625	9.723779296875	0.28228759765625	0.152587890625	0.3509521484375
8.028	-0.052690429687500005	-0.026345214843750003	9.742939453125	0.20599365234375	-0.05340576171875	0.335693359375
8.037	-0.047900390625000004	-0.03592529296875	9.7668896484375	0.0762939453125	-0.579833984375	0.5645751953125
8.046	0.03592529296875	0.0143701171875	9.695039062500001	0.23651123046875	-0.96893310546875	0.70953369140625
8.054	0.011975097656250001	-0.047900390625000004	9.762099609375001	0.12969970703125	-1.15966796875	0.63323974609375
8.064	0.067060546875	-0.055085449218750006	9.78844482421875	0.0762939453125	-0.95367431640625	0.8392333984375
8.074	-0.01676513671875	-0.08861572265625	9.78844482421875	0.41961669921875	-0.2899169921875	1.48773193359375
8.084	-0.12214599609375	-0.1772314453125	9.78844482421875	0.35858154296875	-0.1983642578125	3.47137451171875
8.093	-0.045505371093750004	-0.17962646484375	9.6231884765625	0.54931640625	-0.7781982421875	5.4473876953125
8.102	0.04071533203125	-0.25387207031250003	9.65911376953125	0.274658203125	-0.02288818359375	7.99560546875
8.113	0.0383203125	-0.05987548828125	9.67827392578125	0.1373291015625	-0.35858154296875	8.5906982421875
8.122	-0.08382568359375	-0.03592529296875	9.723779296875	0.030517578125	-0.1220703125	9.613037109375
8.132	-0.03113525390625	0.05987548828125	9.72617431640625	-0.152587890625	-0.98419189453125	9.8419189453125
8.141	0.10777587890625001	0.09819580078125001	9.709409179687501	-0.152587890625	0.08392333984375	7.63702392578125
8.151	0.055085449218750006	0.03592529296875	9.800419921875001	0.00762939453125	0.54931640625	5.05828857421875
8.16	0.009580078125	0.04071533203125	9.742939453125	-0.1678466796875	0.22125244140625	2.9144287109375
8.168	-0.0047900390625	0.0718505859375	9.67587890625	-0.35858154296875	0.52642822265625	0.91552734375
8.177	-0.0431103515625	-0.026345214843750003	9.63995361328125	-0.3814697265625	0.18310546875	0.5340576171875
8.186	-0.0143701171875	-0.0143701171875	9.613608398437501	-0.54931640625	0.3814697265625	0.4730224609375
8.196	0.0335302734375	-0.11735595703125	9.6615087890625	-0.5645751953125	0.6103515625	0.41961669921875
8.205	-0.00239501953125	-0.06466552734375	9.800419921875001	-0.5035400390625	0.54931640625	0.29754638671875
8.214	0.02155517578125	-0.0814306640625	9.680668945312501	-0.42724609375	0.42724609375	0.34332275390625
8.222	-0.00718505859375	0.00718505859375	9.723779296875	-0.37384033203125	0.0457763671875	0.32806396484375
8.231	-0.03113525390625	-0.067060546875	9.75970458984375	-0.3814697265625	0.25177001953125	0.48065185546875
8.241	0.026345214843750003	-0.055085449218750006	9.7573095703125	-0.22125244140625	0.0762939453125	0.51116943359375
