Time	ax	ay	az	gx	gy	gz
0.014	0.19639160156250002	-0.13412109375	9.6040283203125	0.41961669921875	0.37384033203125	0.732421875
0.022	0.16525634765625	-0.1389111328125	9.71180419921875	0.3662109375	0.3814697265625	0.48065185546875
0.03	0.25387207031250003	-0.13172607421875002	9.70701416015625	0.00762939453125	0.30517578125	0.5950927734375
0.039	0.14609619140625002	-0.1484912109375	9.75970458984375	-0.05340576171875	0.06103515625	0.70953369140625
0.048	0.1580712890625	-0.1676513671875	9.71419921875	0.05340576171875	0.11444091796875	0.54168701171875
0.056	0.26105712890625	-0.17004638671875	9.75251953125	-0.16021728515625	0.0457763671875	0.54931640625
0.064	0.23710693359375	-0.17483642578125	9.740544433593751	-0.05340576171875	-0.2593994140625	0.48828125
0.073	0.19160156250000002	-0.15328125	9.67827392578125	-0.1373291015625	-0.06866455078125	0.6561279296875
0.082	0.17483642578125	-0.1772314453125	9.8052099609375	-0.20599365234375	-0.06103515625	0.57220458984375
0.091	0.22752685546875	-0.1293310546875	9.75970458984375	-0.3204345703125	-0.70953369140625	0.55694580078125
0.1	0.1389111328125	-0.16525634765625	9.635163574218751	-0.2593994140625	-0.54168701171875	0.61798095703125
0.109	0.15567626953125	-0.08382568359375	9.695039062500001	-0.19073486328125	-0.3814697265625	0.67901611328125
0.119	0.17962646484375	-0.162861328125	9.69743408203125	-0.274658203125	-0.3509521484375	0.63323974609375
0.129	0.229921875	-0.12214599609375	9.723779296875	-0.3509521484375	-0.7171630859375	0.84686279296875
0.138	0.239501953125	-0.20118164062500002	9.67827392578125	-0.00762939453125	-0.29754638671875	0.6103515625
0.147	0.24189697265625001	-0.12693603515625002	9.7189892578125	-0.1373291015625	-0.4119873046875	0.5035400390625
0.156	0.1580712890625	-0.1293310546875	9.7189892578125	-0.40435791015625	-0.7781982421875	0.55694580078125
0.166	0.18202148437500001	-0.19878662109375	9.73096435546875	-0.4425048828125	-0.99945068359375	0.8392333984375
0.176	0.14130615234375002	-0.1580712890625	9.742939453125	-0.38909912109375	-1.2359619140625	0.66375732421875
0.186	0.229921875	-0.18681152343750002	9.762099609375001	-0.61798095703125	-1.15203857421875	0.518798828125
0.195	0.21315673828125	-0.239501953125	9.65432373046875	-0.40435791015625	-0.4119873046875	0.640869140625
0.204	0.14609619140625002	-0.17004638671875	9.649533691406251	-0.274658203125	-0.54931640625	0.41961669921875
0.215	0.22034179687500002	-0.20357666015625	9.702224121093751	-0.335693359375	-0.31280517578125	0.83160400390625
0.224	0.21076171875000002	-0.15088623046875002	9.77407470703125	-0.152587890625	-0.43487548828125	0.75531005859375
0.233	0.17962646484375	-0.1389111328125	9.73096435546875	-0.23651123046875	0.0762939453125	0.49591064453125
0.241	0.20357666015625	-0.14609619140625002	9.680668945312501	0.0152587890625	-0.14495849609375	0.63323974609375
0.25	0.25387207031250003	-0.11256591796875001	9.75012451171875	0.02288818359375	-0.35858154296875	0.67138671875
0.26	0.2347119140625	-0.20357666015625	9.71180419921875	-0.29754638671875	-0.30517578125	0.60272216796875
0.269	0.17483642578125	-0.1293310546875	9.7573095703125	0.06103515625	0.030517578125	0.6866455078125
0.277	0.26105712890625	-0.13651611328125002	9.769284667968751	-0.1220703125	-0.0457763671875	0.7171630859375
0.286	0.19639160156250002	-0.17483642578125	9.73575439453125	-0.17547607421875	-0.244140625	0.5950927734375
0.295	0.20597167968750002	-0.20357666015625	9.733359375000001	-0.22125244140625	-0.244140625	0.6561279296875
0.305	0.27542724609375	-0.14609619140625002	9.7573095703125	-0.23651123046875	-0.457763671875	0.67901611328125
0.314	0.17244140625	-0.1772314453125	9.7956298828125	-0.06866455078125	-0.213623046875	0.7171630859375
0.324	0.18441650390625	-0.162861328125	9.66869384765625	-0.244140625	-0.54168701171875	0.80108642578125
0.333	0.14609619140625002	-0.143701171875	9.754914550781251	-0.1678466796875	-0.518798828125	0.63323974609375
0.343	0.229921875	-0.25147705078125	9.695039062500001	-0.11444091796875	-0.08392333984375	0.579833984375
0.352	0.20357666015625	-0.10538085937500001	9.695039062500001	0.22125244140625	0.16021728515625	0.64849853515625
0.36	0.20597167968750002	-0.13412109375	9.742939453125	-0.08392333984375	0.41961669921875	0.5645751953125
0.369	0.23710693359375	-0.17244140625	9.8052099609375	-0.213623046875	0.22125244140625	0.52642822265625
0.378	0.17004638671875	-0.1772314453125	9.81	-0.28228759765625	0.1678466796875	0.5950927734375
0.388	0.17962646484375	-0.1676513671875	9.747729492187501	-0.0457763671875	0.08392333984375	0.60272216796875
0.397	0.21555175781250002	-0.15088623046875002	9.687854003906251	-0.152587890625	0.274658203125	0.5035400390625
0.406	0.23710693359375	-0.14130615234375002	9.8243701171875	-0.29754638671875	-0.2899169921875	0.57220458984375
0.415	0.19160156250000002	-0.22034179687500002	9.695039062500001	-0.2899169921875	-0.457763671875	0.63323974609375
0.424	0.26584716796875	-0.13172607421875002	9.76449462890625	-0.28228759765625	-0.335693359375	0.69427490234375
0.434	0.17244140625	-0.12693603515625002	9.70701416015625	-0.40435791015625	-0.09918212890625	0.6103515625
0.443	0.22752685546875	-0.162861328125	9.716594238281251	-0.0152587890625	-0.05340576171875	0.49591064453125
0.452	0.14609619140625002	-0.16525634765625	9.71180419921875	-0.06103515625	-0.43487548828125	0.61798095703125
0.461	0.22752685546875	-0.14130615234375002	9.762099609375001	-0.0457763671875	-0.6256103515625	0.5645751953125
0.471	0.20836669921875	-0.20597167968750002	9.702224121093751	0.0457763671875	-0.0457763671875	0.6866455078125
0.479	0.19399658203125	-0.19639160156250002	9.723779296875	0.12969970703125	-0.06103515625	0.579833984375
0.488	0.19639160156250002	-0.17962646484375	9.66390380859375	0.0457763671875	-0.06866455078125	0.48065185546875
0.496	0.239501953125	-0.1149609375	9.7189892578125	0.11444091796875	-0.14495849609375	0.67901611328125
0.505	0.27063720703125	-0.22752685546875	9.73096435546875	0.25177001953125	0.61798095703125	0.63323974609375
0.515	0.28021728515625	-0.22752685546875	9.71180419921875	0.5340576171875	0.95367431640625	0.49591064453125
0.523	0.19399658203125	-0.18441650390625	9.702224121093751	0.46539306640625	1.007080078125	0.43487548828125
0.532	0.21555175781250002	-0.14130615234375002	9.67587890625	0.75531005859375	1.068115234375	0.58746337890625
0.541	0.20118164062500002	-0.16046630859375	9.740544433593751	1.04522705078125	1.4190673828125	0.74005126953125
0.551	0.17483642578125	-0.16525634765625	9.742939453125	0.823974609375	1.50299072265625	0.7171630859375
0.561	0.16525634765625	-0.16046630859375	9.747729492187501	0.74005126953125	1.19781494140625	0.701904296875
0.569	0.19399658203125	-0.08382568359375	9.7189892578125	0.46539306640625	0.8087158203125	0.701904296875
0.578	0.1580712890625	-0.10298583984375001	9.8052099609375	0.60272216796875	0.43487548828125	0.61798095703125
0.587	0.15088623046875002	-0.1149609375	9.7573095703125	0.34332275390625	0.25177001953125	0.43487548828125
0.596	0.17483642578125	-0.17244140625	9.74533447265625	0.1373291015625	0.28228759765625	0.6866455078125
0.605	0.14609619140625002	-0.14130615234375002	9.75970458984375	-0.00762939453125	-0.09918212890625	0.87738037109375
0.615	0.26584716796875	-0.1484912109375	9.836345214843751	-0.3509521484375	-0.35858154296875	1.31988525390625
0.624	0.3305126953125	-0.18681152343750002	9.75012451171875	-0.42724609375	-0.45013427734375	2.00653076171875
0.634	0.17962646484375	-0.11017089843750001	9.7668896484375	-0.52642822265625	-0.18310546875	2.38800048828125
0.644	0.44307861328125003	-0.17244140625	9.78844482421875	-0.58746337890625	-0.40435791015625	3.3721923828125
0.653	-0.0143701171875	-0.086220703125	9.75970458984375	-0.57220458984375	-0.4730224609375	2.83050537109375
0.663	0.1293310546875	-0.12214599609375	9.81	-0.51116943359375	-0.5645751953125	0.77056884765625
0.672	0.21076171875000002	-0.11017089843750001	9.7860498046875	-0.4119873046875	-0.67901611328125	0.81634521484375
0.681	0.18920654296875	-0.14130615234375002	9.6902490234375	-0.34332275390625	-0.66375732421875	0.72479248046875
0.691	0.15088623046875002	-0.18202148437500001	9.6710888671875	-0.40435791015625	-0.69427490234375	0.6256103515625
0.701	0.16046630859375	-0.18202148437500001	9.72617431640625	-0.48828125	-0.732421875	0.6866455078125
0.71	0.19878662109375	-0.19399658203125	9.733359375000001	-0.274658203125	-0.49591064453125	0.79345703125
0.719	0.229921875	-0.10777587890625001	9.762099609375001	-0.38909912109375	-0.518798828125	0.6561279296875
0.73	0.23231689453125	-0.15328125	9.6902490234375	-0.579833984375	-0.91552734375	0.83160400390625
0.739	0.17483642578125	-0.11735595703125	9.7716796875	-0.35858154296875	-0.67901611328125	0.6866455078125
0.748	0.22513183593750002	-0.15088623046875002	9.680668945312501	-0.41961669921875	-0.69427490234375	0.7476806640625
0.757	0.21555175781250002	-0.1676513671875	9.71419921875	-0.3204345703125	-0.5340576171875	0.61798095703125
0.766	0.18441650390625	-0.1484912109375	9.769284667968751	-0.396728515625	-0.55694580078125	0.6256103515625
0.776	0.21076171875000002	-0.162861328125	9.78365478515625	-0.06866455078125	-0.42724609375	0.762939453125
0.786	0.1293310546875	-0.21315673828125	9.733359375000001	-0.26702880859375	-0.23651123046875	0.6103515625
0.795	0.21076171875000002	-0.1197509765625	9.685458984375	-0.5035400390625	-0.14495849609375	0.823974609375
0.804	0.16046630859375	-0.14130615234375002	9.75970458984375	-0.86212158203125	-0.23651123046875	0.72479248046875
0.815	0.19878662109375	-0.12693603515625002	9.807604980468751	-0.67901611328125	-0.3814697265625	0.701904296875
0.824	0.2347119140625	-0.14130615234375002	9.78365478515625	-0.7476806640625	-0.7476806640625	0.75531005859375
0.833	0.19639160156250002	-0.18202148437500001	9.819580078125	-0.87738037109375	-0.9613037109375	0.61798095703125
0.842	0.20357666015625	-0.16525634765625	9.74533447265625	-0.54931640625	-0.732421875	0.67901611328125
0.852	0.1389111328125	-0.16046630859375	9.742939453125	-0.518798828125	-0.885009765625	0.90789794921875
0.863	0.28021728515625	-0.15088623046875002	9.6902490234375	-0.2899169921875	-0.61798095703125	0.762939453125
0.872	0.20118164062500002	-0.1676513671875	9.75251953125	-0.1678466796875	-0.66375732421875	0.70953369140625
0.881	0.20118164062500002	-0.14130615234375002	9.75970458984375	-0.05340576171875	-0.6866455078125	0.732421875
0.89	0.17483642578125	-0.12693603515625002	9.7285693359375	-0.08392333984375	-1.02996826171875	0.66375732421875
0.9	0.22752685546875	-0.1676513671875	9.81	-0.1983642578125	-1.1749267578125	0.64849853515625
0.91	0.18202148437500001	-0.14609619140625002	9.73096435546875	-0.1220703125	-0.87738037109375	0.732421875
0.919	0.18920654296875	-0.1293310546875	9.79083984375	-0.5645751953125	-1.27410888671875	0.66375732421875
0.929	0.23710693359375	-0.18920654296875	9.716594238281251	-0.67901611328125	-1.54876708984375	0.9613037109375
0.939	0.258662109375	-0.20357666015625	9.75012451171875	-0.72479248046875	-1.31988525390625	0.61798095703125
0.949	0.20836669921875	-0.24668701171875002	9.819580078125	-0.74005126953125	-1.27410888671875	0.52642822265625
0.958	0.18920654296875	-0.19160156250000002	9.72617431640625	-0.5645751953125	-0.732421875	0.7781982421875
0.967	0.21794677734375	-0.20597167968750002	9.66390380859375	-0.70953369140625	-0.72479248046875	0.90789794921875
0.977	0.26345214843750003	-0.15088623046875002	9.723779296875	-0.51116943359375	-0.81634521484375	0.885009765625
0.988	0.2442919921875	-0.25387207031250003	9.7573095703125	-0.9918212890625	-1.48773193359375	0.87738037109375
0.998	0.20118164062500002	-0.18441650390625	9.70701416015625	-1.1138916015625	-2.044677734375	0.81634521484375
1.008	0.20836669921875	-0.21076171875000002	9.73575439453125	-0.98419189453125	-2.75421142578125	0.93841552734375
1.018	0.30895751953125	-0.12693603515625002	9.723779296875	-1.07574462890625	-2.31170654296875	0.79345703125
1.029	0.26584716796875	-0.22273681640625	9.781259765625	-0.8697509765625	-2.06756591796875	1.0223388671875
1.039	0.28021728515625	-0.20357666015625	9.7668896484375	-0.762939453125	-1.8463134765625	0.87738037109375
1.049	0.2442919921875	-0.19399658203125	9.762099609375001	-0.6256103515625	-1.495361328125	0.79345703125
1.059	0.26584716796875	-0.15088623046875002	9.8626904296875	-1.01470947265625	-1.19781494140625	0.84686279296875
1.07	0.258662109375	-0.21076171875000002	9.838740234375	-1.56402587890625	-1.373291015625	1.0986328125
1.081	0.32811767578125	-0.23710693359375	9.762099609375001	-1.373291015625	-1.09100341796875	1.09100341796875
1.091	0.32572265625	-0.11735595703125	9.78844482421875	-1.48773193359375	-0.762939453125	1.18255615234375
1.101	0.28021728515625	-0.20836669921875	9.7573095703125	-1.5411376953125	-0.9002685546875	1.28936767578125
1.112	0.25626708984375	-0.19160156250000002	9.762099609375001	-1.36566162109375	-1.02996826171875	0.9613037109375
1.122	0.3305126953125	-0.28261230468750004	9.781259765625	-1.129150390625	-1.495361328125	0.9307861328125
1.132	0.31374755859375003	-0.19878662109375	9.723779296875	-0.79345703125	-1.46484375	0.8087158203125
1.142	0.38320312500000003	0.3065625	10.27702880859375	-0.54931640625	-0.86212158203125	1.0528564453125
1.153	0.17244140625	-0.2442919921875	9.64474365234375	-0.0152587890625	-0.79345703125	0.762939453125
1.162	0.37601806640625	-0.21315673828125	9.673483886718751	0.22125244140625	0.61798095703125	0.77056884765625
1.171	0.30177246093750004	-0.1676513671875	9.7573095703125	0.6103515625	0.701904296875	0.8392333984375
1.18	0.32811767578125	-0.25387207031250003	9.6902490234375	0.57220458984375	1.64794921875	0.80108642578125
1.189	0.29458740234375	-0.17962646484375	9.762099609375001	0.457763671875	2.349853515625	0.701904296875
1.2	0.30177246093750004	-0.19160156250000002	9.75012451171875	0.640869140625	2.349853515625	0.732421875
1.209	0.31853759765625	-0.19399658203125	9.72617431640625	0.79345703125	2.6702880859375	0.69427490234375
1.218	0.21315673828125	-0.2347119140625	9.72138427734375	0.640869140625	2.47955322265625	0.67138671875
1.227	0.24189697265625001	-0.19399658203125	9.7956298828125	0.45013427734375	2.4871826171875	0.46539306640625
1.236	0.27063720703125	-0.20357666015625	9.776469726562501	0.58746337890625	2.4871826171875	0.6866455078125
1.247	0.20357666015625	-0.19160156250000002	9.742939453125	0.5035400390625	2.22015380859375	0.6103515625
1.256	0.19399658203125	-0.24908203125	9.74533447265625	0.2899169921875	1.45721435546875	0.5645751953125
1.265	0.22273681640625	-0.15567626953125	9.72617431640625	-0.11444091796875	0.885009765625	0.5645751953125
1.274	0.28021728515625	-0.1580712890625	9.81718505859375	-0.274658203125	1.3885498046875	0.54931640625
1.285	0.26584716796875	-0.14130615234375002	9.7381494140625	-0.14495849609375	1.27410888671875	0.6256103515625
1.294	0.17483642578125	-0.20357666015625	9.81718505859375	0.00762939453125	1.19781494140625	0.640869140625
1.303	0.2442919921875	-0.1676513671875	9.747729492187501	0.091552734375	1.007080078125	0.45013427734375
1.312	0.18441650390625	-0.15088623046875002	9.69264404296875	0.1220703125	0.84686279296875	0.4119873046875
1.321	0.27303222656250004	-0.14130615234375002	9.85550537109375	0.35858154296875	0.8544921875	0.732421875
1.331	0.20357666015625	-0.18920654296875	9.79083984375	0.274658203125	0.86212158203125	0.70953369140625
1.341	0.19160156250000002	-0.17004638671875	9.6615087890625	0.16021728515625	0.66375732421875	0.7781982421875
1.35	0.19160156250000002	-0.18441650390625	9.71180419921875	0.18310546875	0.55694580078125	0.75531005859375
1.359	0.2442919921875	-0.15088623046875002	9.776469726562501	-0.1678466796875	0.1220703125	0.92315673828125
1.369	0.2682421875	-0.22034179687500002	9.716594238281251	0.1373291015625	0.1068115234375	0.70953369140625
1.378	0.25626708984375	-0.17244140625	9.81718505859375	0.02288818359375	0.4730224609375	0.60272216796875
1.386	0.2347119140625	-0.2347119140625	9.78844482421875	0.1373291015625	0.3814697265625	0.61798095703125
1.395	0.17004638671875	-0.1772314453125	9.73096435546875	-0.20599365234375	0.3814697265625	0.66375732421875
1.405	0.2347119140625	-0.21794677734375	9.71180419921875	-0.14495849609375	-0.16021728515625	0.75531005859375
1.415	0.24908203125	-0.1772314453125	9.8339501953125	-0.1678466796875	-0.0457763671875	0.49591064453125
1.424	0.20597167968750002	-0.18681152343750002	9.742939453125	-0.1983642578125	0.2899169921875	0.6256103515625
1.434	0.21315673828125	-0.17244140625	9.673483886718751	-0.11444091796875	-0.09918212890625	0.81634521484375
1.443	0.20597167968750002	-0.19160156250000002	9.733359375000001	-0.3814697265625	0.1678466796875	0.6256103515625
1.453	0.0622705078125	-0.25147705078125	9.6998291015625	0.3662109375	-2.044677734375	0.7171630859375
1.463	-0.0814306640625	-0.22752685546875	9.666298828125	-0.42724609375	-0.05340576171875	0.81634521484375
1.472	0.32572265625	-0.17244140625	9.76449462890625	-0.1678466796875	0.1678466796875	0.63323974609375
1.481	0.26584716796875	-0.22752685546875	9.79083984375	0.0152587890625	0.67901611328125	0.701904296875
1.49	0.28261230468750004	-0.13412109375	9.73575439453125	-0.02288818359375	0.69427490234375	0.57220458984375
1.5	0.28740234375	-0.15088623046875002	9.72617431640625	-0.18310546875	0.2899169921875	0.63323974609375
1.509	0.16046630859375	-0.1580712890625	9.67587890625	0.2593994140625	-0.3662109375	0.54168701171875
1.518	0.756826171875	-0.1580712890625	9.69264404296875	0.2899169921875	1.983642578125	0.67138671875
1.527	0.143701171875	-0.1484912109375	9.8626904296875	-0.12969970703125	0.35858154296875	0.63323974609375
1.538	0.28021728515625	-0.21794677734375	9.79802490234375	-0.22125244140625	0.51116943359375	0.80108642578125
1.547	0.27303222656250004	-0.1149609375	9.69264404296875	-0.30517578125	0.7781982421875	0.6561279296875
1.556	0.1197509765625	-0.23231689453125	9.7381494140625	-0.08392333984375	0.35858154296875	0.8087158203125
1.566	0.16525634765625	-0.17004638671875	9.8339501953125	-0.81634521484375	-0.274658203125	0.5645751953125
1.575	0.18202148437500001	-0.21555175781250002	9.807604980468751	0.35858154296875	0.02288818359375	0.3662109375
1.585	-0.055085449218750006	0.050295410156250005	10.1309326171875	-0.3662109375	-0.5340576171875	0.7476806640625
1.594	0.20118164062500002	-0.18202148437500001	9.82676513671875	-0.4119873046875	0.335693359375	0.80108642578125
1.603	0.25147705078125	-0.18681152343750002	9.680668945312501	-0.30517578125	1.15966796875	0.5950927734375
1.613	0.21555175781250002	-0.21315673828125	9.800419921875001	-0.2899169921875	0.5035400390625	0.57220458984375
1.623	0.2442919921875	-0.20836669921875	9.702224121093751	-0.17547607421875	1.02996826171875	0.30517578125
1.632	0.21794677734375	-0.16046630859375	9.72138427734375	0.05340576171875	0.74005126953125	0.60272216796875
1.641	0.30416748046875003	-0.1676513671875	9.680668945312501	-0.030517578125	1.03759765625	0.4425048828125
1.65	0.21076171875000002	-0.143701171875	9.65432373046875	0.31280517578125	1.220703125	0.4425048828125
1.659	0.19878662109375	-0.17004638671875	9.77407470703125	0.19073486328125	0.92315673828125	0.70953369140625
1.669	0.19639160156250002	-0.18681152343750002	9.7716796875	0.31280517578125	0.98419189453125	0.72479248046875
1.678	0.17483642578125	-0.162861328125	9.69743408203125	0.20599365234375	1.13677978515625	0.2899169921875
1.687	0.13412109375	-0.17483642578125	9.819580078125	0.05340576171875	1.02996826171875	0.58746337890625
1.696	0.29219238281250004	-0.18681152343750002	9.6615087890625	-0.06103515625	0.823974609375	0.66375732421875
1.705	0.14609619140625002	-0.1389111328125	9.7381494140625	-0.2288818359375	0.22125244140625	0.6256103515625
1.716	0.2347119140625	-0.162861328125	9.793234863281251	-0.41961669921875	-0.0152587890625	0.87738037109375
1.725	0.26584716796875	-0.19160156250000002	9.642348632812501	-0.274658203125	0.2593994140625	0.70953369140625
1.734	0.24908203125	-0.17244140625	9.71180419921875	0.030517578125	0.4425048828125	0.64849853515625
1.743	0.143701171875	-0.19160156250000002	9.71419921875	-0.0762939453125	0.40435791015625	0.54168701171875
1.753	0.24908203125	-0.19639160156250002	9.72617431640625	0.03814697265625	0.2288818359375	0.72479248046875
1.761	0.22034179687500002	-0.16046630859375	9.695039062500001	0.05340576171875	0.37384033203125	0.701904296875
1.77	0.19639160156250002	-0.19160156250000002	9.821975097656251	-0.0762939453125	0.274658203125	0.54931640625
1.779	0.17483642578125	-0.1197509765625	9.72617431640625	-0.1373291015625	0.19073486328125	0.6866455078125
1.789	0.22752685546875	-0.14130615234375002	9.762099609375001	-0.2899169921875	-0.22125244140625	0.48065185546875
1.799	0.229921875	-0.21794677734375	9.769284667968751	-0.244140625	-0.16021728515625	0.885009765625
1.809	0.1293310546875	-0.1676513671875	9.723779296875	-0.4425048828125	-0.20599365234375	0.7476806640625
1.818	0.162861328125	-0.17483642578125	9.6902490234375	-0.52642822265625	-0.11444091796875	0.87738037109375
1.828	0.20357666015625	-0.18681152343750002	9.635163574218751	-0.35858154296875	-0.08392333984375	0.61798095703125
1.838	0.18441650390625	-0.17244140625	9.57768310546875	-0.457763671875	-0.26702880859375	0.7171630859375
1.848	0.26345214843750003	-0.1389111328125	9.71419921875	-0.26702880859375	-0.244140625	0.732421875
1.857	0.22752685546875	-0.22752685546875	9.70701416015625	-0.14495849609375	0.03814697265625	0.701904296875
1.866	0.21555175781250002	-0.18441650390625	9.742939453125	-0.19073486328125	-0.274658203125	0.640869140625
1.876	0.18441650390625	-0.162861328125	9.79083984375	-0.2593994140625	-0.8392333984375	0.87738037109375
1.886	0.20118164062500002	-0.15567626953125	9.666298828125	-0.396728515625	-0.99945068359375	0.6561279296875
1.896	0.3113525390625	-0.19878662109375	9.580078125	0.0762939453125	0.48065185546875	0.6866455078125
1.904	0.44307861328125003	-0.26105712890625	9.66390380859375	0.0152587890625	0.1983642578125	0.5950927734375
1.914	0.27542724609375	-0.12214599609375	9.7189892578125	-0.5950927734375	-1.07574462890625	0.86212158203125
1.924	0.2347119140625	-0.19878662109375	9.7573095703125	-0.1220703125	-0.67138671875	0.66375732421875
1.933	0.25387207031250003	-0.19639160156250002	9.7716796875	0.03814697265625	-0.43487548828125	0.70953369140625
1.942	0.14130615234375002	-0.19160156250000002	9.7668896484375	-0.02288818359375	-0.42724609375	0.75531005859375
1.952	0.22034179687500002	-0.20357666015625	9.733359375000001	-0.09918212890625	-0.274658203125	0.67901611328125
1.961	0.17483642578125	-0.13172607421875002	9.747729492187501	-0.3204345703125	-0.396728515625	0.885009765625
1.972	0.20118164062500002	-0.1772314453125	9.75012451171875	-0.701904296875	-0.518798828125	0.7476806640625
1.981	0.24908203125	-0.17244140625	9.704619140625	-0.57220458984375	-0.70953369140625	0.7171630859375
1.99	0.2347119140625	-0.16046630859375	9.75012451171875	-0.19073486328125	-0.40435791015625	0.6256103515625
2.0	0.17483642578125	-0.239501953125	9.7573095703125	0.16021728515625	-0.213623046875	0.79345703125
2.01	0.27063720703125	-0.1676513671875	9.695039062500001	0.35858154296875	-0.18310546875	0.8087158203125
2.019	0.22034179687500002	-0.19639160156250002	9.7573095703125	0.518798828125	0.5950927734375	0.57220458984375
2.028	0.17483642578125	-0.22513183593750002	9.7716796875	0.40435791015625	0.274658203125	0.70953369140625
2.037	0.20118164062500002	-0.14609619140625002	9.754914550781251	0.18310546875	0.213623046875	0.69427490234375
2.046	0.20357666015625	-0.17483642578125	9.7573095703125	-0.0762939453125	0.02288818359375	0.5645751953125
2.056	0.19160156250000002	-0.15328125	9.7668896484375	-0.1068115234375	-0.30517578125	0.64849853515625
2.066	0.18681152343750002	-0.1389111328125	9.75970458984375	-0.3204345703125	-0.1983642578125	0.64849853515625
2.075	0.20597167968750002	-0.20836669921875	9.63995361328125	0.0762939453125	0.2288818359375	0.732421875
2.084	0.12214599609375	-0.1149609375	9.63037353515625	0.06866455078125	0.3662109375	0.5645751953125
2.093	0.19399658203125	-0.13651611328125002	9.793234863281251	-0.244140625	0.2899169921875	0.7476806640625
2.102	0.31853759765625	-0.21076171875000002	9.7716796875	0.03814697265625	0.8087158203125	0.75531005859375
2.111	0.25387207031250003	-0.18920654296875	9.71180419921875	-0.1220703125	0.335693359375	0.75531005859375
2.12	0.26584716796875	-0.21315673828125	9.733359375000001	0.0	-0.1220703125	0.732421875
2.13	0.14609619140625002	-0.1676513671875	9.685458984375	-0.18310546875	-0.61798095703125	0.6866455078125
2.14	0.20597167968750002	-0.162861328125	9.79083984375	-0.48065185546875	-1.12152099609375	0.91552734375
2.15	0.22513183593750002	-0.25147705078125	9.7381494140625	-0.43487548828125	-1.18255615234375	0.640869140625
2.16	0.14130615234375002	-0.19160156250000002	9.77886474609375	-0.335693359375	-0.9918212890625	0.90789794921875
2.17	0.17483642578125	-0.18920654296875	9.762099609375001	-0.41961669921875	-1.24359130859375	0.78582763671875
2.18	0.2347119140625	-0.1676513671875	9.7956298828125	-0.14495849609375	-0.518798828125	0.701904296875
2.19	0.21076171875000002	-0.18920654296875	9.704619140625	-0.20599365234375	-0.5645751953125	0.80108642578125
2.199	0.22752685546875	-0.239501953125	9.7716796875	-0.3204345703125	-0.09918212890625	0.67901611328125
2.209	0.22752685546875	-0.17483642578125	9.793234863281251	-0.1220703125	0.5035400390625	0.83160400390625
2.219	0.19399658203125	-0.19160156250000002	9.71419921875	-0.0457763671875	0.80108642578125	0.70953369140625
2.229	0.17962646484375	-0.22752685546875	9.857900390625	-0.22125244140625	0.84686279296875	0.823974609375
2.238	0.239501953125	-0.1149609375	9.742939453125	0.0	1.39617919921875	0.78582763671875
2.247	0.22752685546875	-0.1389111328125	9.8243701171875	0.0762939453125	1.678466796875	0.701904296875
2.256	0.239501953125	-0.18681152343750002	9.733359375000001	-0.08392333984375	1.6632080078125	0.701904296875
2.267	-0.4454736328125	-0.3305126953125	9.6519287109375	1.27410888671875	-2.54058837890625	0.58746337890625
2.277	0.25147705078125	-0.22034179687500002	9.642348632812501	-0.40435791015625	1.02996826171875	0.43487548828125
2.286	0.1197509765625	-0.1484912109375	9.7668896484375	-0.3814697265625	1.5106201171875	0.5950927734375
2.295	0.17004638671875	-0.1197509765625	9.6998291015625	0.091552734375	1.62506103515625	0.51116943359375
2.305	0.15328125	-0.18202148437500001	9.70701416015625	-0.396728515625	1.190185546875	0.5645751953125
2.315	0.2347119140625	-0.1149609375	9.72138427734375	-0.335693359375	0.823974609375	0.6866455078125
2.324	0.17004638671875	-0.19160156250000002	9.649533691406251	0.030517578125	0.48828125	0.579833984375
2.333	0.124541015625	-0.1676513671875	9.740544433593751	-0.2593994140625	0.02288818359375	0.69427490234375
2.342	0.17244140625	-0.17962646484375	9.7860498046875	-0.20599365234375	0.14495849609375	0.98419189453125
2.352	0.21315673828125	-0.18202148437500001	9.7285693359375	-0.2288818359375	-0.46539306640625	0.91552734375
2.362	0.27542724609375	-0.19399658203125	9.7381494140625	-0.17547607421875	-0.48828125	0.74005126953125
2.372	0.20118164062500002	-0.17483642578125	9.72617431640625	-0.37384033203125	-0.7781982421875	0.77056884765625
2.381	0.21555175781250002	-0.086220703125	9.814790039062501	-0.42724609375	-0.35858154296875	0.81634521484375
2.391	0.20357666015625	-0.19399658203125	9.82676513671875	0.0152587890625	-0.23651123046875	0.48065185546875
2.4	0.19878662109375	-0.1580712890625	9.79083984375	0.03814697265625	-0.1678466796875	0.6103515625
2.409	0.20597167968750002	-0.1676513671875	9.83155517578125	0.05340576171875	-0.18310546875	0.8087158203125
2.418	0.1772314453125	-0.21794677734375	9.63995361328125	0.0152587890625	-0.48065185546875	0.78582763671875
2.428	0.23231689453125	-0.239501953125	9.807604980468751	-0.08392333984375	-0.54168701171875	0.6103515625
2.438	0.19160156250000002	-0.16046630859375	9.781259765625	0.00762939453125	-0.7476806640625	0.67901611328125
2.447	0.15567626953125	-0.17483642578125	9.754914550781251	0.02288818359375	-0.6866455078125	0.81634521484375
2.456	0.19639160156250002	-0.17004638671875	9.8339501953125	-0.41961669921875	-0.885009765625	0.6561279296875
2.466	0.20597167968750002	-0.18441650390625	9.7668896484375	-0.3509521484375	-0.87738037109375	0.5950927734375
2.477	0.20597167968750002	-0.14130615234375002	9.723779296875	-0.25177001953125	-1.40380859375	0.58746337890625
2.487	0.16525634765625	-0.17244140625	9.7668896484375	-0.43487548828125	-1.6632080078125	0.762939453125
2.496	0.21076171875000002	-0.22513183593750002	9.742939453125	-0.31280517578125	-1.47247314453125	0.7171630859375
2.506	0.17962646484375	-0.15567626953125	9.77407470703125	-0.3662109375	-0.91552734375	0.74005126953125
2.515	0.23231689453125	-0.21555175781250002	9.709409179687501	0.00762939453125	-0.335693359375	0.6866455078125
2.525	0.18920654296875	-0.18202148437500001	9.77886474609375	0.02288818359375	-0.0762939453125	0.75531005859375
2.534	0.19639160156250002	-0.1676513671875	9.754914550781251	-0.05340576171875	-0.1678466796875	0.701904296875
2.543	0.13172607421875002	-0.16046630859375	9.781259765625	0.11444091796875	0.091552734375	0.5645751953125
2.552	0.17244140625	-0.13412109375	9.8722705078125	-0.23651123046875	-0.1373291015625	0.66375732421875
2.562	0.20118164062500002	-0.20597167968750002	9.69743408203125	-0.18310546875	0.030517578125	0.43487548828125
2.571	0.22034179687500002	-0.20118164062500002	9.649533691406251	0.0	0.213623046875	0.6866455078125
2.58	0.22513183593750002	-0.1484912109375	9.695039062500001	-0.08392333984375	0.3204345703125	0.8392333984375
2.589	0.24908203125	-0.21555175781250002	9.81	0.05340576171875	0.3509521484375	0.69427490234375
2.598	0.20597167968750002	-0.1293310546875	9.76449462890625	-0.091552734375	0.2288818359375	0.78582763671875
2.608	0.19878662109375	-0.1197509765625	9.685458984375	-0.1983642578125	0.3204345703125	0.6866455078125
2.617	0.26584716796875	-0.20118164062500002	9.7860498046875	-0.03814697265625	0.34332275390625	0.762939453125
2.627	0.22034179687500002	-0.21076171875000002	9.78365478515625	-0.09918212890625	0.3814697265625	0.61798095703125
2.636	0.19639160156250002	-0.18920654296875	9.71419921875	-0.1220703125	0.3814697265625	0.7781982421875
2.646	0.18441650390625	-0.14130615234375002	9.84592529296875	-0.1220703125	0.38909912109375	0.74005126953125
2.655	0.22752685546875	-0.20118164062500002	9.857900390625	-0.3509521484375	-0.091552734375	0.579833984375
2.665	0.25147705078125	-0.16525634765625	9.7573095703125	-0.14495849609375	0.03814697265625	0.86212158203125
2.674	0.20597167968750002	-0.16046630859375	9.78844482421875	-0.3204345703125	0.213623046875	0.579833984375
2.683	0.1772314453125	-0.21315673828125	9.75012451171875	-0.16021728515625	-0.19073486328125	0.6256103515625
2.693	0.26584716796875	-0.20118164062500002	9.740544433593751	-0.08392333984375	-0.00762939453125	0.69427490234375
2.703	0.28979736328125	-0.15328125	9.695039062500001	-0.22125244140625	-0.09918212890625	0.78582763671875
2.712	0.22034179687500002	-0.11735595703125	9.66869384765625	-0.17547607421875	-0.22125244140625	0.6866455078125
2.721	0.17244140625	-0.17483642578125	9.75970458984375	0.03814697265625	0.34332275390625	0.66375732421875
2.731	0.16046630859375	-0.20597167968750002	9.74533447265625	-0.152587890625	0.23651123046875	0.67901611328125
2.74	0.16046630859375	-0.20836669921875	9.733359375000001	-0.1068115234375	0.11444091796875	0.7171630859375
2.75	0.25147705078125	-0.17004638671875	9.793234863281251	-0.32806396484375	-0.14495849609375	0.74005126953125
2.759	0.22513183593750002	-0.1197509765625	9.71180419921875	-0.030517578125	-0.09918212890625	0.8392333984375
2.768	0.21794677734375	-0.13172607421875002	9.77407470703125	-0.0762939453125	0.244140625	0.6866455078125
2.778	0.25387207031250003	-0.18202148437500001	9.723779296875	0.091552734375	0.67901611328125	0.74005126953125
2.787	0.229921875	-0.20836669921875	9.6710888671875	0.19073486328125	0.99945068359375	0.79345703125
2.797	0.18441650390625	-0.13412109375	9.769284667968751	0.12969970703125	0.66375732421875	0.81634521484375
2.806	0.15088623046875002	-0.15567626953125	9.75970458984375	0.0	0.20599365234375	0.63323974609375
2.814	0.19878662109375	-0.17483642578125	9.742939453125	-0.11444091796875	0.32806396484375	0.5645751953125
2.825	0.21555175781250002	-0.19878662109375	9.77886474609375	0.091552734375	-0.030517578125	0.78582763671875
2.834	0.25387207031250003	-0.1676513671875	9.75970458984375	0.0	0.09918212890625	0.87738037109375
2.843	0.25626708984375	-0.17004638671875	9.8052099609375	-0.06103515625	-0.05340576171875	0.81634521484375
2.852	0.21794677734375	-0.25387207031250003	9.7716796875	-0.1068115234375	-0.3662109375	0.72479248046875
2.863	0.17244140625	-0.21555175781250002	9.69743408203125	-0.1068115234375	-0.20599365234375	0.92315673828125
2.872	0.19878662109375	-0.143701171875	9.733359375000001	-0.09918212890625	-0.42724609375	0.84686279296875
2.881	0.25626708984375	-0.21315673828125	9.73575439453125	0.19073486328125	-0.0457763671875	0.7171630859375
2.89	0.124541015625	-0.18441650390625	9.75970458984375	0.31280517578125	0.1373291015625	0.6256103515625
2.899	0.21315673828125	-0.21555175781250002	9.73575439453125	0.1373291015625	0.03814697265625	0.74005126953125
2.909	0.20597167968750002	-0.21315673828125	9.73575439453125	0.19073486328125	0.091552734375	0.69427490234375
2.918	0.22034179687500002	-0.09580078125000001	9.680668945312501	0.45013427734375	0.49591064453125	0.69427490234375
2.927	0.18441650390625	-0.15328125	9.69264404296875	0.45013427734375	0.78582763671875	0.7171630859375
2.936	0.28740234375	-0.17962646484375	9.821975097656251	0.43487548828125	0.70953369140625	0.9307861328125
2.946	0.30416748046875003	-0.19639160156250002	9.88424560546875	0.4730224609375	0.732421875	1.82342529296875
2.955	0.36643798828125	-0.23231689453125	9.807604980468751	0.1373291015625	0.84686279296875	2.72369384765625
2.965	0.48379394531250003	-0.3113525390625	9.762099609375001	0.19073486328125	1.2969970703125	6.8511962890625
2.974	0.18681152343750002	-0.1580712890625	9.7573095703125	0.06103515625	0.66375732421875	6.9580078125
2.983	0.28740234375	-0.20357666015625	9.74533447265625	-0.00762939453125	0.61798095703125	8.09478759765625
2.994	0.7472460937500001	-0.35685791015625	9.75970458984375	-0.3509521484375	-0.48828125	9.4146728515625
3.004	0.34727783203125	-0.23710693359375	9.74533447265625	-0.37384033203125	-0.335693359375	10.33782958984375
3.014	0.21076171875000002	-0.22273681640625	9.781259765625	-0.16021728515625	-1.06048583984375	10.00213623046875
3.024	0.5460644531250001	-0.30177246093750004	9.896220703125001	-0.35858154296875	-1.41143798828125	10.772705078125
3.035	0.5077441406250001	-0.32332763671875003	9.6998291015625	-0.08392333984375	-0.90789794921875	12.359619140625
3.045	0.14130615234375002	-0.23231689453125	9.63995361328125	0.08392333984375	-0.579833984375	12.054443359375
3.055	0.10538085937500001	-0.25387207031250003	9.77886474609375	0.335693359375	-0.34332275390625	10.0250244140625
3.064	0.1772314453125	-0.11735595703125	9.75970458984375	0.60272216796875	-0.51116943359375	8.6669921875
3.075	0.026345214843750003	-0.23231689453125	9.7716796875	0.35858154296875	-0.77056884765625	6.2255859375
3.084	0.055085449218750006	-0.21315673828125	9.69743408203125	0.66375732421875	-0.29754638671875	4.37164306640625
3.093	0.10777587890625001	-0.22752685546875	9.75012451171875	0.732421875	-0.6561279296875	2.49481201171875
3.103	0.19399658203125	-0.2682421875	9.860295410156251	0.579833984375	-0.762939453125	1.18255615234375
3.112	0.22752685546875	-0.277822265625	9.7668896484375	0.701904296875	-0.18310546875	0.2593994140625
3.122	0.3496728515625	-0.29219238281250004	9.79802490234375	0.48065185546875	-0.02288818359375	0.64849853515625
3.132	0.12214599609375	-0.25147705078125	9.709409179687501	0.457763671875	-0.08392333984375	-1.495361328125
3.141	0.1293310546875	-0.20357666015625	9.704619140625	0.8087158203125	0.4730224609375	-3.5400390625
3.151	0.067060546875	-0.32332763671875003	9.6710888671875	0.64849853515625	-0.54931640625	-6.88934326171875
3.162	0.296982421875	-0.28261230468750004	9.7668896484375	0.4119873046875	-0.0762939453125	-8.72039794921875
3.172	0.1484912109375	-0.4358935546875	9.79083984375	0.3662109375	-1.190185546875	-11.627197265625
3.182	0.26105712890625	-0.72090087890625	9.72138427734375	0.4119873046875	-2.86102294921875	-15.777587890625
3.193	0.07424560546875	-0.737666015625	9.747729492187501	0.42724609375	-3.4637451171875	-19.88983154296875
3.204	0.19399658203125	-0.8095166015625	9.754914550781251	0.2899169921875	-3.7078857421875	-23.25439453125
3.215	0.239501953125	-0.680185546875	9.62558349609375	-0.11444091796875	-3.51715087890625	-24.55902099609375
3.225	0.162861328125	-0.5245092773437501	9.776469726562501	-0.701904296875	-3.47137451171875	-26.64947509765625
3.235	0.2682421875	-0.4263134765625	9.85071533203125	-0.02288818359375	-2.32696533203125	-26.35955810546875
3.247	0.17962646484375	-0.3400927734375	9.76449462890625	0.63323974609375	-0.86212158203125	-26.5350341796875
3.257	0.26584716796875	-0.49576904296875	9.73575439453125	0.6256103515625	-1.07574462890625	-27.32086181640625
3.267	0.32572265625	-0.56282958984375	9.73096435546875	1.129150390625	-0.7171630859375	-29.24346923828125
3.278	0.18920654296875	-0.7903564453125	9.77407470703125	0.80108642578125	-1.1138916015625	-32.3944091796875
3.289	0.08861572265625	-0.77838134765625	9.742939453125	0.60272216796875	-1.800537109375	-35.28594970703125
3.3	-0.16525634765625	-0.79754150390625	9.81	0.823974609375	-1.495361328125	-40.191650390625
3.31	-0.045505371093750004	-0.74964111328125	9.68306396484375	0.74005126953125	-1.6021728515625	-43.609619140625
3.321	0.10298583984375001	-0.7807763671875	9.8339501953125	0.701904296875	-1.10626220703125	-45.86029052734375
3.332	0.21315673828125	-0.77838134765625	9.754914550781251	0.99945068359375	-0.77056884765625	-46.88262939453125
3.343	0.09819580078125001	-0.85502197265625	9.754914550781251	0.9918212890625	-0.3662109375	-48.2635498046875
3.353	0.03113525390625	-0.9220825195312501	9.87945556640625	0.67138671875	-0.29754638671875	-48.78997802734375
3.364	-0.42870849609375	-0.8430468750000001	9.98962646484375	1.15966796875	-3.12042236328125	-49.98779296875
3.375	0.03113525390625	-0.9005273437500001	9.77886474609375	0.457763671875	-1.0528564453125	-51.08642578125
3.385	-0.07903564453125	-0.9077124023437501	9.89382568359375	0.00762939453125	-0.90789794921875	-51.38397216796875
3.395	0.10059082031250001	-1.044228515625	9.81718505859375	-0.06866455078125	-0.74005126953125	-50.68206787109375
3.405	-0.05748046875	-0.75443115234375	9.77886474609375	0.06103515625	-0.0152587890625	-51.10931396484375
3.416	0.086220703125	-0.3879931640625	9.75251953125	-0.05340576171875	-0.457763671875	-52.0782470703125
3.426	0.30177246093750004	-0.23231689453125	9.75970458984375	-0.19073486328125	0.1220703125	-51.3458251953125
3.435	0.37601806640625	0.023950195312500002	9.78844482421875	-0.1068115234375	-0.7476806640625	-49.94964599609375
3.445	0.42391845703125003	0.12214599609375	9.7668896484375	-0.38909912109375	-0.701904296875	-48.22540283203125
3.456	0.316142578125	0.0622705078125	9.733359375000001	0.34332275390625	-0.81634521484375	-46.01287841796875
3.466	0.4981640625	-0.0814306640625	9.7860498046875	0.2593994140625	-0.79345703125	-41.8853759765625
3.477	0.4263134765625	-0.15088623046875002	9.747729492187501	0.22125244140625	-1.129150390625	-38.0706787109375
3.487	0.34727783203125	-0.22752685546875	9.8052099609375	0.4730224609375	-0.84686279296875	-33.57696533203125
3.497	0.20597167968750002	-0.27063720703125	9.73096435546875	0.41961669921875	-0.52642822265625	-30.120849609375
3.508	0.1293310546875	-0.1389111328125	9.7381494140625	0.49591064453125	-0.0762939453125	-29.65545654296875
3.517	-0.03113525390625	-0.18441650390625	9.75970458984375	0.35858154296875	-0.32806396484375	-31.51702880859375
3.527	-0.24668701171875002	-0.04071533203125	9.733359375000001	0.70953369140625	-0.5035400390625	-34.0423583984375
3.537	-0.14609619140625002	-0.11017089843750001	9.87945556640625	0.61798095703125	-0.55694580078125	-35.6292724609375
3.549	-0.13172607421875002	-0.10538085937500001	9.762099609375001	0.23651123046875	-0.7781982421875	-38.2843017578125
3.559	-0.023950195312500002	-0.11017089843750001	9.85071533203125	0.38909912109375	-0.72479248046875	-42.01507568359375
3.568	0.045505371093750004	-0.08861572265625	9.81718505859375	0.23651123046875	-0.4425048828125	-45.0897216796875
3.578	-0.1484912109375	-0.17004638671875	9.76449462890625	0.0457763671875	0.396728515625	-47.4395751953125
3.589	-0.7256909179687501	-0.17962646484375	9.687854003906251	0.213623046875	0.48065185546875	-54.57305908203125
3.6	-0.6274951171875001	-0.354462890625	9.81	-0.18310546875	-0.732421875	-65.07110595703125
3.611	-0.5843847656250001	-0.4646337890625	9.8483203125	-0.32806396484375	-1.51824951171875	-73.8372802734375
3.621	-0.4071533203125	-0.5412744140625	9.85071533203125	-0.49591064453125	-2.7923583984375	-81.695556640625
3.633	0.02155517578125	-0.7616162109375001	9.70701416015625	-0.030517578125	-2.00653076171875	-84.73968505859375
3.643	-0.14130615234375002	0.17483642578125	10.02076171875	0.579833984375	5.68389892578125	-80.718994140625
3.654	1.2717553710937501	-1.17116455078125	9.6710888671875	-0.1678466796875	-1.4190673828125	-78.92608642578125
3.664	0.81670166015625	-0.74006103515625	9.79083984375	0.57220458984375	0.40435791015625	-68.1915283203125
3.676	0.61072998046875	-0.8669970703125001	9.75012451171875	0.51116943359375	-0.0457763671875	-61.859130859375
3.686	0.5269042968750001	-1.02267333984375	9.6902490234375	0.93841552734375	0.17547607421875	-58.40301513671875
3.695	0.30416748046875003	-0.96998291015625	9.742939453125	0.640869140625	0.0152587890625	-56.64825439453125
3.705	0.2682421875	-0.996328125	9.69743408203125	0.66375732421875	0.3204345703125	-55.17578125
3.716	0.17004638671875	-0.95082275390625	9.81718505859375	0.25177001953125	-0.0152587890625	-53.59649658203125
3.726	0.09819580078125001	-0.86939208984375	9.754914550781251	0.19073486328125	-0.26702880859375	-51.81884765625
3.736	0.15088623046875002	-0.613125	9.87945556640625	0.1068115234375	0.518798828125	-49.88861083984375
3.746	0.0335302734375	-0.46223876953125004	9.781259765625	0.26702880859375	-0.152587890625	-47.2564697265625
3.757	-0.18202148437500001	-0.45984375	9.7381494140625	0.1373291015625	-0.26702880859375	-46.18072509765625
3.767	-0.10538085937500001	-0.29937744140625	9.6902490234375	0.213623046875	-0.5035400390625	-45.40252685546875
3.777	-0.00239501953125	-0.076640625	9.7716796875	0.41961669921875	-0.1678466796875	-44.02923583984375
3.786	0.0383203125	-0.0335302734375	9.733359375000001	0.2288818359375	-0.72479248046875	-42.18292236328125
3.796	0.011975097656250001	0.14130615234375002	9.73096435546875	0.05340576171875	-1.19781494140625	-41.14532470703125
3.806	0.1580712890625	0.26105712890625	9.819580078125	-0.06103515625	-1.31988525390625	-39.61944580078125
3.816	0.0718505859375	0.53408935546875	9.781259765625	0.00762939453125	-2.25067138671875	-39.40582275390625
3.826	-0.0718505859375	0.7472460937500001	9.81	0.3662109375	0.1068115234375	-38.90228271484375
3.837	0.25626708984375	0.87897216796875	9.89861572265625	-0.9002685546875	-2.35748291015625	-45.623779296875
3.848	0.21076171875000002	1.30528564453125	9.57289306640625	0.02288818359375	-1.7242431640625	-47.49298095703125
3.858	-0.14130615234375002	1.1136840820312501	8.9525830078125	3.84521484375	4.8065185546875	-43.06793212890625
3.868	-0.20597167968750002	1.8872753906250002	9.7189892578125	0.29754638671875	0.79345703125	-44.4183349609375
3.878	-0.023950195312500002	0.641865234375	9.6902490234375	0.37384033203125	0.26702880859375	-48.0194091796875
3.889	-0.9005273437500001	0.124541015625	9.52020263671875	0.8544921875	2.197265625	-49.1485595703125
3.899	-0.996328125	0.17962646484375	9.89861572265625	-0.213623046875	0.74005126953125	-54.962158203125
3.91	-1.1927197265625	-0.20357666015625	9.793234863281251	0.244140625	0.28228759765625	-62.61444091796875
3.92	-1.0705737304687502	-0.18681152343750002	9.62558349609375	0.42724609375	0.5340576171875	-68.48907470703125
3.931	-0.1484912109375	0.13412109375	9.8052099609375	-0.64849853515625	0.64849853515625	-72.81494140625
3.94	0.01676513671875	0.023950195312500002	9.5178076171875	-0.396728515625	0.78582763671875	-74.462890625
3.95	0.28261230468750004	0.0047900390625	9.95130615234375	-0.83160400390625	-0.5035400390625	-73.0743408203125
3.96	0.47900390625	-0.29219238281250004	9.695039062500001	-0.90789794921875	0.732421875	-70.28961181640625
3.971	0.45026367187500005	-0.33769775390625	9.90819580078125	-0.8697509765625	0.5340576171875	-65.65093994140625
3.981	0.5700146484375	-0.5029541015625	9.838740234375	-0.75531005859375	1.617431640625	-58.32672119140625
3.992	0.19878662109375	-0.833466796875	9.85550537109375	-0.22125244140625	1.57928466796875	-50.40740966796875
4.002	-0.0143701171875	-0.622705078125	9.71419921875	-0.396728515625	1.60980224609375	-45.99761962890625
4.013	-0.13172607421875002	-0.469423828125	9.793234863281251	-0.06103515625	1.0528564453125	-46.2188720703125
4.023	0.3879931640625	0.0718505859375	9.81	-0.12969970703125	1.5716552734375	-44.79217529296875
4.032	0.50055908203125	0.28500732421875	9.800419921875001	0.00762939453125	1.30462646484375	-41.84722900390625
4.042	-0.03592529296875	0.5748046875	9.65911376953125	-0.0152587890625	0.60272216796875	-38.12408447265625
4.052	-0.3688330078125	0.97477294921875	9.723779296875	-0.0152587890625	1.3275146484375	-36.79656982421875
4.064	-0.5891748046875	0.5316943359375	9.88424560546875	-0.86212158203125	-1.18255615234375	-41.3055419921875
4.074	-0.15328125	-0.24189697265625001	9.680668945312501	-0.16021728515625	0.86212158203125	-47.4853515625
4.084	0.229921875	-0.36404296875000003	9.75251953125	-0.4119873046875	-1.83868408203125	-43.63250732421875
4.094	0.0143701171875	-0.50055908203125	9.63995361328125	-0.213623046875	-0.4119873046875	-41.69464111328125
4.105	0.17244140625	-0.42152343750000004	9.63037353515625	0.09918212890625	-0.98419189453125	-41.28265380859375
4.116	-0.19399658203125	-0.57240966796875	9.72617431640625	-0.1373291015625	-1.861572265625	-43.34259033203125
4.127	-0.27542724609375	-0.47181884765625004	9.6710888671875	-0.25177001953125	-1.45721435546875	-49.88861083984375
4.137	-0.34248779296875004	-0.6753955078125	9.5178076171875	-0.02288818359375	-1.13677978515625	-55.76324462890625
4.149	-0.40954833984375	-0.08861572265625	9.740544433593751	-0.7476806640625	-2.044677734375	-62.09564208984375
4.16	-0.46223876953125004	0.31853759765625	9.800419921875001	-0.87738037109375	-2.13623046875	-66.24603271484375
4.17	-0.2442919921875	0.31853759765625	9.69743408203125	3.387451171875	11.20758056640625	-72.73101806640625
4.18	0.24908203125	0.29219238281250004	9.685458984375	1.74713134765625	6.47735595703125	-67.10052490234375
4.192	-0.1484912109375	0.45984375	9.94651611328125	2.4261474609375	8.60595703125	-64.76593017578125
4.201	0.19160156250000002	0.0431103515625	9.93693603515625	2.9449462890625	8.01849365234375	-56.99920654296875
4.212	-0.19399658203125	-0.143701171875	9.69264404296875	1.71661376953125	5.0201416015625	-47.78289794921875
4.224	-0.45744873046875	-0.7855664062500001	9.7956298828125	2.54058837890625	6.04248046875	-44.9371337890625
4.234	-1.00830322265625	-0.8095166015625	9.7860498046875	0.6103515625	3.33404541015625	-43.9605712890625
4.245	-1.5064672851562502	-0.5843847656250001	9.7956298828125	1.13677978515625	4.9896240234375	-47.5616455078125
4.255	-1.21906494140625	0.06466552734375	9.6710888671875	0.0762939453125	1.4190673828125	-55.21392822265625
4.265	-1.3747412109375001	-0.28261230468750004	9.63037353515625	0.335693359375	0.335693359375	-66.73431396484375
4.276	-0.6442602539062501	0.00718505859375	9.63995361328125	0.55694580078125	0.18310546875	-73.2421875
4.285	-0.38080810546875005	0.09819580078125001	9.740544433593751	0.12969970703125	0.11444091796875	-74.68414306640625
4.295	-0.15567626953125	-0.0335302734375	9.67827392578125	0.0152587890625	0.18310546875	-72.32666015625
4.304	-0.01676513671875	-0.1197509765625	9.69264404296875	0.06866455078125	-0.22125244140625	-69.57244873046875
4.315	0.00239501953125	-0.31853759765625	9.6519287109375	-0.0762939453125	-1.220703125	-67.97027587890625
4.325	0.03592529296875	-0.51492919921875	9.680668945312501	0.31280517578125	-0.6866455078125	-68.13812255859375
4.335	-0.1772314453125	-0.27542724609375	9.69264404296875	-0.030517578125	-0.6256103515625	-68.93157958984375
4.345	-0.20118164062500002	-0.21555175781250002	9.73575439453125	0.030517578125	-1.251220703125	-69.58770751953125
4.357	-0.36164794921875004	-0.30895751953125	9.754914550781251	0.2593994140625	-1.50299072265625	-69.3359375
4.367	-0.42870849609375	-0.53887939453125	9.647138671875	-0.05340576171875	-1.10626220703125	-68.206787109375
4.378	-0.613125	-0.36164794921875004	9.71419921875	0.0	-2.13623046875	-68.84765625
4.389	-0.64905029296875	-0.3879931640625	9.60642333984375	-0.7171630859375	-2.74658203125	-69.2138671875
4.401	-0.86939208984375	-0.19160156250000002	9.596843261718751	-0.98419189453125	-2.73895263671875	-68.74847412109375
4.412	-1.0969189453125001	0.1197509765625	9.695039062500001	-0.98419189453125	-3.34930419921875	-71.3348388671875
4.423	-0.996328125	0.20597167968750002	9.687854003906251	-0.95367431640625	-3.05938720703125	-77.7130126953125
4.434	-0.737666015625	0.21555175781250002	9.59923828125	-0.63323974609375	-2.0751953125	-84.28192138671875
4.445	0.12214599609375	0.2442919921875	9.635163574218751	0.1068115234375	-0.732421875	-80.13916015625
4.454	0.39278320312500004	0.19160156250000002	9.61600341796875	0.52642822265625	0.3662109375	-71.6094970703125
4.464	0.354462890625	0.20836669921875	9.6902490234375	0.64849853515625	1.190185546875	-63.29345703125
4.473	0.354462890625	0.02155517578125	9.7189892578125	0.25177001953125	0.54168701171875	-56.3201904296875
4.483	0.5891748046875	-0.1484912109375	9.6710888671875	0.335693359375	0.58746337890625	-50.59814453125
4.493	0.45984375	-0.3448828125	9.596843261718751	0.335693359375	1.220703125	-44.42596435546875
4.503	0.45265869140625004	-0.47900390625	9.61121337890625	0.2593994140625	1.56402587890625	-37.34588623046875
4.513	-0.052690429687500005	-0.49337402343750003	9.64474365234375	0.1373291015625	0.84686279296875	-35.68267822265625
4.524	-0.31374755859375003	0.20357666015625	9.51062255859375	-0.67138671875	-0.3814697265625	-38.1317138671875
4.535	-0.63947021484375	-0.14130615234375002	9.59205322265625	0.19073486328125	1.54876708984375	-50.05645751953125
4.545	-0.49097900390625004	0.067060546875	9.65911376953125	0.14495849609375	0.9002685546875	-57.21282958984375
4.554	-0.12214599609375	0.21315673828125	9.63995361328125	0.091552734375	-0.67138671875	-61.14959716796875
4.564	-0.03592529296875	0.5891748046875	9.62558349609375	0.4730224609375	-0.17547607421875	-60.15777587890625
4.575	-0.229921875	0.8190966796875	9.60163330078125	0.08392333984375	-0.4425048828125	-58.6700439453125
4.585	-0.22752685546875	0.97477294921875	9.673483886718751	0.34332275390625	1.129150390625	-58.9447021484375
4.595	-0.01676513671875	0.5221142578125	9.5657080078125	0.9002685546875	4.79888916015625	-51.1627197265625
4.606	-0.10538085937500001	0.49337402343750003	9.66869384765625	0.9307861328125	2.2735595703125	-41.32080078125
4.617	-0.21076171875000002	0.21794677734375	9.7285693359375	0.8544921875	1.068115234375	-34.84344482421875
4.626	-0.40475830078125	0.02155517578125	9.71180419921875	0.49591064453125	0.18310546875	-32.43255615234375
4.636	-0.24189697265625001	-0.076640625	9.72617431640625	0.34332275390625	0.57220458984375	-33.86688232421875
4.646	-0.41194335937500004	-0.09340576171875001	9.553732910156251	0.00762939453125	0.3814697265625	-37.3077392578125
4.657	-0.613125	-0.03113525390625	9.6710888671875	0.2593994140625	0.518798828125	-45.59326171875
4.667	-1.0298583984375	-0.14609619140625002	9.61600341796875	0.3509521484375	0.23651123046875	-57.50274658203125
4.677	-0.7807763671875	-0.047900390625000004	9.814790039062501	0.091552734375	0.26702880859375	-69.35882568359375
4.686	-0.23231689453125	0.19639160156250002	9.5944482421875	0.17547607421875	0.5035400390625	-72.0367431640625
4.697	0.11017089843750001	0.49576904296875	9.7189892578125	-0.48065185546875	2.60162353515625	-67.596435546875
4.707	0.25626708984375	0.5867797851562501	9.60163330078125	0.54168701171875	1.373291015625	-63.812255859375
4.716	0.03592529296875	0.7065307617187501	9.66390380859375	0.1678466796875	0.518798828125	-60.81390380859375
4.726	-0.023950195312500002	0.7137158203125	9.68306396484375	0.31280517578125	-0.030517578125	-59.76104736328125
4.737	-0.11256591796875001	0.6849755859375001	9.67587890625	0.46539306640625	-0.91552734375	-60.87493896484375
4.747	-0.5125341796875	0.40236328125000004	9.67587890625	0.4425048828125	-0.90789794921875	-66.22314453125
4.758	-1.5112573242187501	0.04071533203125	9.63755859375	0.030517578125	-2.09808349609375	-80.95550537109375
4.768	-1.6741186523437501	-0.10059082031250001	9.568103027343751	0.335693359375	-2.349853515625	-107.3760986328125
4.78	-1.22385498046875	-0.023950195312500002	9.6231884765625	0.64849853515625	-2.349853515625	-134.22393798828125
4.791	-0.5867797851562501	0.31374755859375003	9.608818359375	1.48773193359375	-2.58636474609375	-149.7955322265625
4.802	0.91250244140625	-0.6849755859375001	9.896220703125001	-3.31878662109375	-4.93621826171875	-150.97808837890625
4.813	1.3699511718750002	0.8813671875000001	9.59205322265625	1.556396484375	-0.9918212890625	-133.67462158203125
4.825	0.8190966796875	0.5508544921875	9.666298828125	1.28173828125	-0.9918212890625	-113.922119140625
4.835	-2.60578125	0.59635986328125	11.12007568359375	2.5177001953125	-0.40435791015625	-103.302001953125
4.846	-0.34248779296875004	0.143701171875	9.75012451171875	0.9765625	-2.32696533203125	-104.27093505859375
4.857	-0.53408935546875	-0.0047900390625	9.84592529296875	1.21307373046875	-2.83050537109375	-112.86163330078125
4.868	-0.7280859375000001	0.0718505859375	9.6231884765625	0.98419189453125	-3.692626953125	-122.49755859375
4.879	-0.7664062500000001	0.3496728515625	9.60642333984375	1.06048583984375	-3.47900390625	-136.138916015625
4.89	-0.43828857421875	0.33769775390625	9.54894287109375	1.220703125	-4.18853759765625	-143.951416015625
4.9	0.3975732421875	0.47181884765625004	9.513017578125	0.60272216796875	-5.40924072265625	-131.9427490234375
4.912	0.41194335937500004	0.38320312500000003	9.64474365234375	1.15966796875	-1.8157958984375	-114.8834228515625
4.922	0.30416748046875003	0.18681152343750002	9.6183984375	0.98419189453125	-1.62506103515625	-106.63604736328125
4.932	0.40236328125000004	0.0814306640625	9.6902490234375	0.58746337890625	-0.87738037109375	-96.6033935546875
4.942	0.52929931640625	0.277822265625	9.685458984375	0.7171630859375	-1.28173828125	-82.77130126953125
4.953	0.5221142578125	0.18681152343750002	9.69743408203125	0.4730224609375	-0.79345703125	-69.40460205078125
4.963	0.48379394531250003	0.076640625	9.62558349609375	0.46539306640625	-0.2288818359375	-54.90875244140625
4.973	0.23231689453125	-0.12693603515625002	9.627978515625001	0.0457763671875	-0.51116943359375	-42.19818115234375
4.983	-0.239501953125	-0.2682421875	9.60642333984375	0.0762939453125	-1.62506103515625	-33.86688232421875
4.995	-0.3305126953125	-0.17483642578125	9.762099609375001	-0.274658203125	-1.80816650390625	-31.30340576171875
5.004	-0.10538085937500001	0.01916015625	9.6710888671875	0.11444091796875	-1.373291015625	-30.487060546875
5.014	0.10059082031250001	-0.0431103515625	9.649533691406251	0.0457763671875	-1.60980224609375	-27.93121337890625
5.025	0.09101074218750001	-0.20118164062500002	9.67587890625	-0.08392333984375	-1.76239013671875	-26.03912353515625
5.036	-0.45744873046875	-0.5987548828125	9.575288085937501	-0.3662109375	-3.143310546875	-28.74755859375
5.048	-1.05620361328125	-0.71132080078125	9.733359375000001	-0.74005126953125	-3.33404541015625	-43.060302734375
5.059	-0.7831713867187501	-0.51492919921875	9.747729492187501	-0.3509521484375	-3.19671630859375	-61.2030029296875
5.069	-0.0814306640625	-0.6370751953125	9.61600341796875	0.22125244140625	-1.79290771484375	-72.31903076171875
5.08	0.55564453125	-0.16525634765625	9.71419921875	0.55694580078125	-0.34332275390625	-74.8748779296875
5.09	0.8837622070312501	-0.16046630859375	9.65911376953125	0.6256103515625	0.03814697265625	-68.26019287109375
5.1	1.3915063476562501	-0.35206787109375004	9.532177734375	0.5950927734375	0.63323974609375	-55.11474609375
5.11	0.9340576171875	0.296982421875	9.75251953125	0.2288818359375	-1.28936767578125	-38.6505126953125
5.12	0.1389111328125	0.026345214843750003	9.75012451171875	-0.02288818359375	-2.54058837890625	-31.80694580078125
5.131	-1.00830322265625	-0.2682421875	10.099797363281251	0.4425048828125	-4.14276123046875	-32.0587158203125
5.142	-0.7256909179687501	-0.64905029296875	9.70701416015625	0.51116943359375	-4.2877197265625	-49.94964599609375
5.152	0.48139892578125004	-0.61552001953125	9.3118359375	0.3662109375	-3.387451171875	-66.2994384765625
5.165	-2.26329345703125	-4.0859033203125	9.829160156250001	-0.19073486328125	-3.31878662109375	-110.69488525390625
5.176	-2.5770410156250003	0.1149609375	9.66869384765625	1.02996826171875	-3.1890869140625	-177.31475830078125
5.186	0.06466552734375	1.2310400390625	9.6710888671875	0.8087158203125	-2.5634765625	-181.43463134765625
5.197	1.18074462890625	1.4897021484375002	9.81718505859375	0.78582763671875	-1.70135498046875	-163.30718994140625
5.209	1.4346166992187501	1.28373046875	9.709409179687501	0.274658203125	-2.5634765625	-139.068603515625
5.22	1.10410400390625	0.335302734375	9.7716796875	-1.0986328125	-4.87518310546875	-106.92596435546875
5.231	0.56282958984375	-0.19399658203125	9.63995361328125	-0.58746337890625	-0.9002685546875	-81.91680908203125
5.241	0.31374755859375003	1.08015380859375	9.5657080078125	0.823974609375	1.8157958984375	-59.8602294921875
5.252	0.64905029296875	1.7723144531250001	9.67827392578125	0.99945068359375	1.5869140625	-44.097900390625
5.262	0.4550537109375	0.890947265625	9.7860498046875	0.5950927734375	0.37384033203125	-32.20367431640625
5.272	0.11735595703125	0.124541015625	9.85071533203125	-0.06103515625	-1.57928466796875	-26.13067626953125
5.283	-0.890947265625	-0.34248779296875004	9.7189892578125	-0.54168701171875	-4.0130615234375	-30.1361083984375
5.295	-1.005908203125	-0.469423828125	9.740544433593751	-0.274658203125	-3.68499755859375	-47.1038818359375
5.306	-0.7711962890625	-0.9795629882812501	9.704619140625	0.23651123046875	-1.556396484375	-64.75067138671875
5.316	-0.25147705078125	-1.02746337890625	9.656718750000001	0.2899169921875	-0.3509521484375	-74.21875
5.326	0.3400927734375	-0.63468017578125	9.4651171875	0.5645751953125	0.3204345703125	-74.28741455078125
5.336	0.30177246093750004	0.00239501953125	9.740544433593751	0.701904296875	-0.54168701171875	-65.582275390625
5.346	0.0718505859375	0.34248779296875004	9.860295410156251	0.64849853515625	-0.3204345703125	-59.7991943359375
5.356	-0.7137158203125	0.41194335937500004	9.7573095703125	0.3509521484375	-2.227783203125	-57.39593505859375
5.366	-0.5412744140625	0.12214599609375	9.63755859375	0.06866455078125	-1.7547607421875	-62.3321533203125
5.377	-0.00718505859375	-0.086220703125	9.65911376953125	0.4119873046875	-1.6326904296875	-59.30328369140625
5.387	-0.22034179687500002	0.229921875	9.79083984375	0.43487548828125	-1.678466796875	-54.2144775390625
5.397	0.1389111328125	0.06466552734375	9.702224121093751	0.5340576171875	-1.10626220703125	-46.47064208984375
5.407	0.2347119140625	0.12214599609375	9.60163330078125	0.22125244140625	-1.79290771484375	-33.43963623046875
5.419	-0.28979736328125	-0.689765625	9.56331298828125	0.09918212890625	-0.80108642578125	-28.4271240234375
5.429	0.14130615234375002	-0.699345703125	9.704619140625	-0.2288818359375	-1.1444091796875	-24.078369140625
5.44	0.43110351562500004	-1.0753637695312501	9.65911376953125	-2.6092529296875	1.59454345703125	-27.28271484375
5.45	0.3209326171875	0.08382568359375	9.769284667968751	-0.8392333984375	1.01470947265625	-25.4364013671875
5.46	0.5460644531250001	-0.22752685546875	9.6710888671875	-0.18310546875	3.31878662109375	-11.17706298828125
5.471	0.17004638671875	0.1484912109375	9.6710888671875	-0.05340576171875	2.09808349609375	6.927490234375
5.48	-0.9029223632812501	0.32572265625	9.695039062500001	0.55694580078125	3.89862060546875	10.955810546875
5.49	-0.8813671875000001	0.1149609375	9.63037353515625	0.40435791015625	3.5247802734375	5.5694580078125
5.501	-0.7041357421875001	-0.51732421875	9.49625244140625	2.1514892578125	8.12530517578125	-6.4544677734375
5.513	-0.77838134765625	-1.84656005859375	9.800419921875001	3.89862060546875	7.904052734375	-21.99554443359375
5.524	-0.296982421875	-0.69695068359375	9.673483886718751	4.79888916015625	12.97760009765625	-45.379638671875
5.534	-1.4418017578125	-0.9268725585937501	10.24349853515625	2.32696533203125	0.06103515625	-65.887451171875
5.545	-0.18202148437500001	0.8023315429687501	9.84113525390625	1.65557861328125	-2.3193359375	-78.10211181640625
5.557	-0.38559814453125	2.7901977539062504	9.79083984375	-0.98419189453125	-7.22503662109375	-85.38055419921875
5.568	-1.06099365234375	4.26552978515625	9.793234863281251	-0.06103515625	-6.41632080078125	-120.67413330078125
5.579	0.47900390625	2.9171337890625	9.5465478515625	-1.47247314453125	-9.51385498046875	-137.22991943359375
5.592	1.3172607421875	2.2872436523437503	9.793234863281251	-1.22833251953125	-16.73126220703125	-100.0823974609375
5.602	1.4729370117187501	0.680185546875	9.85071533203125	0.579833984375	-5.2490234375	-51.4373779296875
5.613	1.0394384765625	0.9268725585937501	9.8052099609375	2.4261474609375	-2.716064453125	-64.5904541015625
5.623	0.8262817382812501	1.714833984375	9.6040283203125	0.8544921875	0.41961669921875	-54.52728271484375
5.634	0.6083349609375001	1.43701171875	9.51062255859375	3.9520263671875	3.79180908203125	-49.03411865234375
5.644	0.30895751953125	0.5484594726562501	10.02315673828125	1.9989013671875	-0.30517578125	-56.82373046875
5.655	-0.17962646484375	-1.0011181640625	9.5178076171875	1.28173828125	-0.0762939453125	-52.337646484375
5.666	0.5891748046875	-1.868115234375	9.972861328125001	-0.4119873046875	-2.227783203125	-55.68695068359375
5.677	1.5471826171875	-2.1028271484375	9.33339111328125	1.2969970703125	1.373291015625	-55.65643310546875
5.688	1.4298266601562502	-1.53041748046875	9.58726318359375	1.2054443359375	1.0833740234375	-56.8084716796875
5.699	1.24541015625	-1.56394775390625	9.7573095703125	2.8533935546875	5.10406494140625	-60.26458740234375
5.709	1.17116455078125	-1.69327880859375	9.7668896484375	2.25067138671875	1.91497802734375	-61.88201904296875
5.721	0.43349853515625003	-0.9604028320312501	9.65911376953125	1.79290771484375	1.1444091796875	-57.2357177734375
5.731	0.72090087890625	0.00718505859375	9.4986474609375	1.556396484375	3.82232666015625	-42.5872802734375
5.741	-0.18681152343750002	0.8286767578125	9.529782714843751	1.42669677734375	2.98309326171875	-29.86907958984375
5.752	-1.24301513671875	0.699345703125	9.776469726562501	1.53350830078125	0.9307861328125	-24.35302734375
5.763	-0.8957373046875	-0.44786865234375	9.522597656250001	1.39617919921875	3.8299560546875	-27.94647216796875
5.774	-0.76880126953125	-0.77838134765625	9.627978515625001	0.7781982421875	2.0751953125	-32.684326171875
5.784	-0.28500732421875	0.1197509765625	9.829160156250001	1.4190673828125	3.3111572265625	-38.09356689453125
5.795	-0.143701171875	0.7616162109375001	9.80281494140625	1.94549560546875	3.2958984375	-39.73388671875
5.806	-0.15567626953125	0.9460327148437501	9.57768310546875	1.5716552734375	2.44140625	-46.295166015625
5.816	-0.13651611328125002	0.0431103515625	9.620793457031251	2.00653076171875	2.73895263671875	-52.825927734375
5.827	-0.7280859375000001	-1.13284423828125	9.78844482421875	2.14385986328125	1.60980224609375	-62.35504150390625
5.838	-1.5447875976562502	-1.9136206054687501	9.536967773437501	2.32696533203125	2.09808349609375	-74.3408203125
5.85	-1.906435546875	-2.02379150390625	9.81	2.1514892578125	4.02069091796875	-74.63836669921875
5.86	-0.47660888671875	-0.011975097656250001	9.7956298828125	1.10626220703125	-0.99945068359375	-63.66729736328125
5.871	1.7100439453125	0.6514453125	9.92256591796875	0.1983642578125	-1.2054443359375	-45.12786865234375
5.881	2.1890478515625	0.75922119140625	9.67587890625	-0.4119873046875	-2.7313232421875	-26.4739990234375
5.893	1.13763427734375	-0.96998291015625	9.477092285156251	-0.11444091796875	0.5035400390625	-11.1236572265625
5.904	-1.22625	-3.573369140625	9.6710888671875	0.17547607421875	-5.43212890625	-13.69476318359375
5.915	-1.7842895507812502	-3.755390625	9.8483203125	-0.69427490234375	-6.62994384765625	-33.30230712890625
5.926	-2.41657470703125	-1.4729370117187501	9.68306396484375	-0.0152587890625	-5.6304931640625	-57.85369873046875
5.938	-2.2273681640625003	-0.24189697265625001	9.83155517578125	0.43487548828125	-4.6234130859375	-77.24761962890625
5.948	-1.2118798828125001	0.42870849609375	9.742939453125	0.6561279296875	-2.3956298828125	-88.3026123046875
5.959	-0.30895751953125	0.51971923828125	9.70701416015625	0.92315673828125	-0.28228759765625	-93.25408935546875
5.97	-0.9196875	0.24908203125	9.5417578125	0.81634521484375	0.946044921875	-87.47100830078125
5.981	-1.53520751953125	1.1160791015625	9.58726318359375	1.1444091796875	1.52587890625	-82.58819580078125
5.992	-1.025068359375	1.0322534179687501	9.66869384765625	0.9002685546875	2.52532958984375	-82.96966552734375
6.003	-0.29937744140625	1.24541015625	9.65911376953125	1.6632080078125	1.67083740234375	-90.4388427734375
6.013	0.27063720703125	1.3483959960937502	9.553732910156251	1.50299072265625	1.45721435546875	-103.06549072265625
6.025	0.9220825195312501	0.5484594726562501	9.69264404296875	2.84576416015625	1.7852783203125	-114.78424072265625
6.036	1.09452392578125	-0.93645263671875	9.57768310546875	2.6397705078125	2.3193359375	-127.2735595703125
6.047	0.81670166015625	-0.46702880859375	9.9249609375	2.99835205078125	-0.9002685546875	-145.16448974609375
6.059	2.25850341796875	-1.1927197265625	9.4651171875	2.5482177734375	-0.40435791015625	-165.191650390625
6.069	1.676513671875	-0.51732421875	9.754914550781251	4.06646728515625	0.48828125	-161.9110107421875
6.08	-0.00239501953125	-2.3231689453125	9.635163574218751	2.25067138671875	-4.08935546875	-153.67889404296875
6.091	-0.12693603515625002	-1.21427490234375	9.69743408203125	1.1749267578125	-4.64630126953125	-135.42938232421875
6.103	-0.8262817382812501	-0.5484594726562501	9.695039062500001	-0.67901611328125	-9.62066650390625	-102.86712646484375
6.115	-0.25147705078125	-0.8430468750000001	9.70701416015625	-2.40325927734375	-14.10675048828125	-64.04876708984375
6.126	0.6682104492187501	-0.74964111328125	9.6183984375	-4.00543212890625	-18.8446044921875	-33.8287353515625
6.138	1.0394384765625	-0.814306640625	9.75251953125	-5.8746337890625	-25.45928955078125	-8.11767578125
6.149	0.5676196289062501	-0.756826171875	9.95130615234375	-5.4779052734375	-30.57861328125	14.67132568359375
6.16	-0.15328125	0.0431103515625	10.33450927734375	-5.51605224609375	-24.10888671875	24.08599853515625
6.17	0.11017089843750001	0.19878662109375	10.28900390625	-5.89752197265625	-19.989013671875	21.30889892578125
6.181	0.72090087890625	0.39517822265625	9.608818359375	-4.87518310546875	-15.25115966796875	17.41790771484375
6.193	0.76880126953125	0.08382568359375	9.77886474609375	-2.89154052734375	-11.77978515625	16.4642333984375
6.203	-2.5099804687500002	0.16046630859375	9.956096191406251	0.58746337890625	-12.99285888671875	16.754150390625
6.214	-2.52195556640625	0.8813671875000001	9.5273876953125	0.98419189453125	-9.39178466796875	-9.71221923828125
6.224	-0.32572265625	0.3975732421875	9.050778808593751	-0.732421875	-0.274658203125	-21.728515625
6.236	-0.40236328125000004	0.1676513671875	9.110654296875001	0.885009765625	20.02716064453125	-17.608642578125
6.247	-1.5376025390625	-0.08861572265625	9.956096191406251	4.4097900390625	25.787353515625	-24.3377685546875
6.257	0.12214599609375	-0.22513183593750002	9.673483886718751	5.9967041015625	24.81842041015625	-30.94482421875
6.268	-0.067060546875	-0.48139892578125004	10.02794677734375	2.7008056640625	13.51165771484375	-38.53607177734375
6.279	0.3065625	-0.7616162109375001	9.754914550781251	1.86920166015625	8.1634521484375	-43.2281494140625
6.29	-0.6442602539062501	-0.29458740234375	10.0063916015625	1.6632080078125	6.378173828125	-45.34912109375
6.301	-1.149609375	-0.1676513671875	10.28181884765625	-0.19073486328125	-2.166748046875	-48.5382080078125
6.311	-0.26584716796875	-0.13412109375	9.86508544921875	-0.51116943359375	-0.518798828125	-56.44989013671875
6.323	-0.076640625	-0.17244140625	9.793234863281251	0.1373291015625	3.204345703125	-54.95452880859375
6.333	-0.6179150390625	0.12693603515625002	10.008786621093751	-0.42724609375	0.98419189453125	-55.145263671875
6.343	0.25147705078125	-0.25387207031250003	9.417216796875001	0.9613037109375	6.0882568359375	-54.1534423828125
6.353	0.44307861328125003	-0.16046630859375	9.742939453125	0.79345703125	4.17327880859375	-52.8106689453125
6.364	1.84177001953125	-0.24189697265625001	9.723779296875	0.74005126953125	6.40106201171875	-50.689697265625
6.374	1.35797607421875	0.143701171875	9.77407470703125	0.34332275390625	7.45391845703125	-52.13165283203125
6.384	1.2118798828125001	0.33290771484375004	9.695039062500001	1.4495849609375	7.04193115234375	-53.61175537109375
6.395	0.31853759765625	0.775986328125	9.94412109375	1.15966796875	1.22833251953125	-60.55450439453125
6.406	-0.20118164062500002	0.09101074218750001	9.67587890625	1.16729736328125	2.8839111328125	-70.18280029296875
6.416	-1.14242431640625	-0.1149609375	9.95130615234375	0.5645751953125	2.61688232421875	-76.751708984375
6.427	-2.0142114257812502	-0.4742138671875	9.64474365234375	0.22125244140625	-2.3345947265625	-77.9876708984375
6.438	-1.791474609375	0.38320312500000003	9.60163330078125	-0.4425048828125	-0.69427490234375	-83.648681640625
6.45	-1.178349609375	0.5245092773437501	9.54894287109375	1.35040283203125	1.51824951171875	-87.59307861328125
6.46	-1.7483642578125	0.49337402343750003	9.54894287109375	0.41961669921875	-2.7313232421875	-80.81817626953125
6.471	-1.7244140625000002	0.1772314453125	9.62558349609375	1.18255615234375	-0.244140625	-82.4432373046875
6.481	-0.7520361328125	0.10777587890625001	9.6710888671875	0.701904296875	-1.9378662109375	-75.66070556640625
6.493	-0.3113525390625	0.42391845703125003	9.570498046875	0.32806396484375	-1.65557861328125	-71.18988037109375
6.503	0.43349853515625003	0.5412744140625	9.71180419921875	0.83160400390625	-1.8157958984375	-70.64056396484375
6.513	1.0011181640625	0.18681152343750002	9.7381494140625	-0.0457763671875	-0.4119873046875	-56.78558349609375
6.523	0.3113525390625	-0.16525634765625	9.65911376953125	0.40435791015625	-3.16619873046875	-59.48638916015625
6.534	0.07903564453125	-0.3448828125	9.7189892578125	0.45013427734375	-3.2806396484375	-62.3931884765625
6.545	-0.71611083984375	-0.49337402343750003	9.88424560546875	-0.02288818359375	-3.80706787109375	-68.7408447265625
6.555	-0.0335302734375	-0.39038818359375	9.5417578125	-1.03759765625	-0.18310546875	-82.1075439453125
6.565	-0.19639160156250002	0.0	9.7860498046875	-0.20599365234375	-2.12860107421875	-91.43829345703125
6.577	-0.1580712890625	0.143701171875	9.6040283203125	0.34332275390625	-1.56402587890625	-96.4813232421875
6.587	0.55564453125	-0.5867797851562501	9.359736328125	4.791259765625	3.8604736328125	-96.73309326171875
6.597	0.27542724609375	-0.34727783203125	9.48667236328125	2.05230712890625	0.00762939453125	-94.970703125
6.607	0.124541015625	0.16046630859375	9.67587890625	2.01416015625	2.74658203125	-94.58160400390625
6.618	0.41433837890625	0.22513183593750002	10.03752685546875	0.37384033203125	0.54931640625	-95.05462646484375
6.628	0.37122802734375004	0.13172607421875002	9.82676513671875	1.861572265625	3.59344482421875	-97.35870361328125
6.639	0.35206787109375004	-0.9005273437500001	9.71419921875	1.04522705078125	0.26702880859375	-92.65899658203125
6.649	0.54366943359375	-0.63228515625	9.71180419921875	1.129150390625	0.1068115234375	-88.61541748046875
6.66	0.15328125	-0.14609619140625002	9.65432373046875	1.2664794921875	-0.75531005859375	-82.4432373046875
6.671	-0.26345214843750003	0.05748046875	9.6998291015625	1.0986328125	-0.67901611328125	-81.8023681640625
6.681	-0.36643798828125	0.23231689453125	9.6998291015625	1.21307373046875	0.11444091796875	-82.86285400390625
6.692	-1.1256591796875	0.7616162109375001	9.71180419921875	2.28118896484375	-0.1983642578125	-85.63995361328125
6.703	-0.718505859375	0.2682421875	9.5848681640625	2.3193359375	0.3509521484375	-90.62957763671875
6.713	-0.5795947265625	0.023950195312500002	9.5465478515625	2.40325927734375	0.67138671875	-92.04864501953125
6.724	-0.6083349609375001	0.469423828125	9.72617431640625	2.3956298828125	1.46484375	-96.01593017578125
6.734	-1.0705737304687502	0.469423828125	9.666298828125	2.655029296875	1.15203857421875	-98.36578369140625
6.746	-1.1927197265625	0.8071215820312501	9.69743408203125	2.3345947265625	0.0762939453125	-107.29217529296875
6.757	-0.8574169921875	0.70892578125	9.69264404296875	2.41851806640625	-0.23651123046875	-111.81640625
6.767	-0.36164794921875004	0.55324951171875	9.66390380859375	2.38037109375	0.18310546875	-112.95318603515625
6.777	-0.07424560546875	0.29937744140625	9.73575439453125	2.1514892578125	0.22125244140625	-107.36846923828125
6.789	-0.1580712890625	-0.10777587890625001	9.63037353515625	2.25067138671875	0.579833984375	-97.87750244140625
6.799	-0.24668701171875002	-0.55803955078125	9.66390380859375	1.9378662109375	0.213623046875	-89.05029296875
6.81	-0.53887939453125	-1.16158447265625	9.613608398437501	1.88446044921875	1.13677978515625	-80.78765869140625
6.821	-0.9196875	-1.3148657226562501	9.649533691406251	1.74713134765625	-0.17547607421875	-75.347900390625
6.833	-1.1256591796875	-1.0346484375	9.702224121093751	1.44195556640625	-1.3580322265625	-73.6846923828125
6.844	-1.197509765625	-0.8190966796875	9.67587890625	1.44195556640625	-2.92205810546875	-79.8187255859375
6.856	-1.0011181640625	-0.5867797851562501	9.747729492187501	1.495361328125	-2.83050537109375	-93.1549072265625
6.866	-0.62989013671875	-0.41912841796875	9.666298828125	1.59454345703125	0.5035400390625	-103.6376953125
6.878	-0.38559814453125	-0.53408935546875	9.7381494140625	1.2359619140625	-1.07574462890625	-104.71343994140625
6.889	0.09580078125000001	-0.3113525390625	9.6710888671875	1.5869140625	0.81634521484375	-102.16522216796875
6.899	0.15328125	-0.10298583984375001	9.649533691406251	1.5869140625	0.8697509765625	-93.7652587890625
6.909	0.54366943359375	0.3113525390625	9.560917968750001	1.5869140625	0.91552734375	-88.0279541015625
6.921	0.6682104492187501	0.7328759765625	9.60642333984375	1.39617919921875	1.16729736328125	-81.36749267578125
6.931	0.6825805664062501	1.26217529296875	9.64474365234375	1.5106201171875	1.33514404296875	-74.97406005859375
6.941	0.5245092773437501	1.4250366210937502	9.6231884765625	1.2359619140625	0.69427490234375	-68.99261474609375
6.952	0.6825805664062501	1.465751953125	9.673483886718751	1.33514404296875	0.89263916015625	-62.88909912109375
6.962	0.277822265625	1.47772705078125	9.6183984375	0.92315673828125	0.091552734375	-57.85369873046875
6.973	0.02155517578125	1.350791015625	9.72138427734375	0.87738037109375	-0.9765625	-55.77850341796875
6.983	-0.19878662109375	1.22385498046875	9.642348632812501	0.9002685546875	-2.00653076171875	-57.0526123046875
6.994	-0.6466552734375001	0.929267578125	9.680668945312501	0.79345703125	-2.593994140625	-60.15777587890625
7.006	-0.75443115234375	0.737666015625	9.680668945312501	0.77056884765625	-3.12042236328125	-65.2618408203125
7.017	-0.5676196289062501	0.6274951171875001	9.67587890625	1.07574462890625	-2.99072265625	-70.88470458984375
7.027	-0.3879931640625	0.48139892578125004	9.6327685546875	0.87738037109375	-2.7008056640625	-72.5860595703125
7.038	-0.1772314453125	0.31853759765625	9.656718750000001	0.9613037109375	-2.3193359375	-73.73809814453125
7.049	0.27303222656250004	0.35206787109375004	9.72617431640625	0.8087158203125	-1.64794921875	-70.37353515625
7.059	0.19878662109375	0.124541015625	9.61121337890625	0.732421875	-1.35040283203125	-63.262939453125
7.069	0.3065625	-0.17483642578125	9.747729492187501	0.48828125	-1.48773193359375	-56.63299560546875
7.079	-0.11735595703125	-0.24189697265625001	9.685458984375	0.11444091796875	-2.66265869140625	-48.95782470703125
7.091	-0.39278320312500004	-0.62031005859375	9.74533447265625	0.213623046875	-3.72314453125	-45.89080810546875
7.102	-0.5269042968750001	-0.6753955078125	9.635163574218751	-0.22125244140625	-4.06646728515625	-45.98236083984375
7.112	-0.32572265625	-0.6274951171875001	9.6998291015625	0.16021728515625	-3.88336181640625	-45.2728271484375
7.123	-0.5460644531250001	-0.56282958984375	9.6519287109375	0.0	-4.2877197265625	-48.75946044921875
7.134	-0.47181884765625004	-0.46702880859375	9.733359375000001	0.0457763671875	-5.08880615234375	-54.8553466796875
7.144	-0.4358935546875	-0.30416748046875003	9.63995361328125	-0.0457763671875	-4.638671875	-59.21173095703125
7.155	-0.6562353515625	-0.39517822265625	9.75970458984375	-0.0457763671875	-4.57763671875	-64.63623046875
7.165	-0.35685791015625	-0.57240966796875	9.6710888671875	-0.17547607421875	-4.2266845703125	-68.10760498046875
7.177	-0.4646337890625	-0.5508544921875	9.742939453125	-0.1068115234375	-3.68499755859375	-74.03564453125
7.188	-0.20836669921875	-0.6083349609375001	9.613608398437501	-0.091552734375	-2.52532958984375	-77.850341796875
7.199	-0.07903564453125	-0.53887939453125	9.63995361328125	-0.030517578125	-1.10626220703125	-79.07867431640625
7.209	-0.17244140625	-0.32332763671875003	9.72138427734375	0.0152587890625	-0.8392333984375	-80.84869384765625
7.22	0.0431103515625	0.0	9.673483886718751	0.091552734375	-0.43487548828125	-84.442138671875
7.229	0.37122802734375004	0.12693603515625002	9.66869384765625	0.18310546875	-0.3509521484375	-86.09771728515625
7.239	0.6083349609375001	0.11735595703125	9.733359375000001	0.34332275390625	0.09918212890625	-83.32061767578125
7.249	0.6634204101562501	0.21076171875000002	9.680668945312501	0.2593994140625	0.0762939453125	-80.38330078125
7.26	0.57240966796875	0.34727783203125	9.75970458984375	0.05340576171875	-0.09918212890625	-78.1402587890625
7.27	0.4646337890625	0.41912841796875	9.70701416015625	-0.09918212890625	-0.23651123046875	-76.904296875
7.28	0.21076171875000002	0.37601806640625	9.7381494140625	0.091552734375	-0.52642822265625	-76.9500732421875
7.29	-0.05748046875	0.3209326171875	9.769284667968751	0.335693359375	-1.434326171875	-76.94244384765625
7.301	-0.03113525390625	0.27542724609375	9.58726318359375	0.518798828125	-2.06756591796875	-77.52227783203125
7.312	-0.8071215820312501	-0.19399658203125	9.649533691406251	0.86212158203125	-3.36456298828125	-81.65740966796875
7.324	-1.159189453125	-0.46223876953125004	9.642348632812501	0.80108642578125	-5.05828857421875	-94.99359130859375
7.335	-0.7616162109375001	-0.30177246093750004	9.754914550781251	0.457763671875	-4.92095947265625	-107.82623291015625
7.346	-0.21076171875000002	-0.0622705078125	9.6231884765625	0.4730224609375	-3.1280517578125	-116.63818359375
7.357	0.09340576171875001	-0.3305126953125	9.627978515625001	0.8697509765625	-2.28118896484375	-120.7122802734375
7.367	0.076640625	-0.3975732421875	9.73096435546875	0.4425048828125	-1.79290771484375	-122.467041015625
7.378	0.2682421875	-0.24189697265625001	9.71180419921875	0.48828125	-0.84686279296875	-123.95477294921875
7.389	0.39278320312500004	-0.12693603515625002	9.77886474609375	0.732421875	-0.1068115234375	-121.917724609375
7.399	0.19399658203125	-0.28740234375	9.673483886718751	1.1444091796875	-0.7781982421875	-120.44525146484375
7.41	0.01916015625	-0.3784130859375	9.57768310546875	0.93841552734375	-0.74005126953125	-120.880126953125
7.421	-0.28740234375	-0.30416748046875003	9.7381494140625	1.1749267578125	-0.9307861328125	-123.9776611328125
7.432	-0.22752685546875	-0.229921875	9.642348632812501	1.02996826171875	-0.96893310546875	-128.89862060546875
7.443	-0.36643798828125	-0.26345214843750003	9.71419921875	1.46484375	-1.3885498046875	-134.75799560546875
7.454	-0.124541015625	-0.25626708984375	9.71419921875	1.57928466796875	-1.1138916015625	-142.20428466796875
7.465	-0.21794677734375	-0.28500732421875	9.75251953125	1.39617919921875	-1.39617919921875	-147.36175537109375
7.477	-0.1772314453125	-0.20357666015625	9.680668945312501	1.8463134765625	-1.6021728515625	-155.975341796875
7.487	0.02155517578125	0.85502197265625	10.202783203125	0.457763671875	-3.9215087890625	-158.660888671875
7.498	0.3688330078125	1.8321899414062501	9.1729248046875	1.44195556640625	-3.60870361328125	-142.49420166015625
7.51	-0.124541015625	0.29219238281250004	9.881850585937501	1.03759765625	-4.21905517578125	-128.28826904296875
7.52	0.11017089843750001	-2.2369482421875	9.402846679687501	2.2735595703125	1.617431640625	-123.80218505859375
7.531	1.5471826171875	-2.3471191406250003	9.560917968750001	3.19671630859375	9.04083251953125	-123.809814453125
7.542	1.638193359375	0.63468017578125	10.02794677734375	2.29644775390625	3.021240234375	-115.570068359375
7.554	0.61072998046875	0.9220825195312501	9.877060546875	1.59454345703125	-3.662109375	-109.375
7.564	-0.40236328125000004	0.0143701171875	9.649533691406251	0.9613037109375	-6.96563720703125	-98.0224609375
7.576	-1.26217529296875	-0.36643798828125	9.6615087890625	1.678466796875	-10.040283203125	-88.82904052734375
7.587	-1.57352783203125	0.1149609375	9.853110351562501	1.44195556640625	-11.14654541015625	-89.874267578125
7.599	-1.2669653320312502	0.12693603515625002	9.635163574218751	1.42669677734375	-7.20977783203125	-89.17236328125
7.61	-0.39278320312500004	-0.42391845703125003	9.55852294921875	1.27410888671875	-5.33294677734375	-84.47265625
7.621	-0.17483642578125	-1.005908203125	9.73575439453125	1.36566162109375	-5.2032470703125	-78.1707763671875
7.632	-0.2682421875	-1.350791015625	9.793234863281251	0.64849853515625	-4.7149658203125	-76.416015625
7.644	-0.7999365234375	-1.4992822265625	9.649533691406251	1.01470947265625	-5.71441650390625	-77.0416259765625
7.656	-0.8262817382812501	-1.42024658203125	9.68306396484375	0.5950927734375	-3.76129150390625	-87.7227783203125
7.667	-1.3555810546875	-1.3915063476562501	9.72138427734375	1.22833251953125	-1.85394287109375	-103.8055419921875
7.678	-0.95561279296875	-1.01788330078125	9.838740234375	0.93841552734375	-3.021240234375	-123.52752685546875
7.691	-0.49337402343750003	-0.75922119140625	9.551337890625	1.434326171875	-2.8076171875	-138.93890380859375
7.702	-0.77359130859375	-0.3879931640625	9.77886474609375	1.89971923828125	-3.12042236328125	-151.1077880859375
7.713	-0.6682104492187501	-0.4454736328125	9.69743408203125	1.31988525390625	-1.28173828125	-160.4766845703125
7.725	-1.14242431640625	-0.052690429687500005	9.82676513671875	3.13568115234375	-4.79888916015625	-170.3033447265625
7.736	-0.57719970703125	0.37601806640625	9.41482177734375	4.608154296875	-3.3721923828125	-180.39703369140625
7.746	-0.4358935546875	0.19399658203125	9.58726318359375	3.90625	-2.55584716796875	-177.703857421875
7.757	-0.756826171875	0.39517822265625	9.45793212890625	3.204345703125	-1.83868408203125	-168.9300537109375
7.769	-0.5460644531250001	0.21555175781250002	9.596843261718751	2.67791748046875	-0.43487548828125	-167.7703857421875
7.779	-0.2442919921875	0.277822265625	9.687854003906251	2.7008056640625	-0.396728515625	-162.65106201171875
7.789	0.49576904296875	0.43110351562500004	9.7716796875	2.09808349609375	0.37384033203125	-150.87127685546875
7.799	0.13651611328125002	0.661025390625	9.7381494140625	2.11334228515625	0.67138671875	-134.75799560546875
7.81	-0.1772314453125	0.70892578125	9.702224121093751	1.62506103515625	0.7476806640625	-119.60601806640625
7.821	-0.24668701171875002	0.57240966796875	9.66869384765625	2.17437744140625	-0.31280517578125	-108.9630126953125
7.831	-0.023950195312500002	0.71611083984375	9.702224121093751	1.45721435546875	-0.61798095703125	-101.1505126953125
7.842	-0.162861328125	0.6562353515625	9.7381494140625	0.98419189453125	-1.1749267578125	-95.80230712890625
7.854	-0.2347119140625	0.31853759765625	9.687854003906251	0.42724609375	-1.36566162109375	-89.2486572265625
7.864	-0.1580712890625	0.047900390625000004	9.72138427734375	0.42724609375	-3.24249267578125	-84.54132080078125
7.874	0.009580078125	0.07903564453125	9.7381494140625	0.55694580078125	-3.50189208984375	-78.28521728515625
7.884	-0.22513183593750002	-0.09580078125000001	9.57289306640625	0.54168701171875	-3.6163330078125	-74.8291015625
7.895	-0.1389111328125	-0.335302734375	9.7381494140625	0.03814697265625	-3.6468505859375	-72.4639892578125
7.906	-0.0622705078125	-0.45744873046875	9.61600341796875	0.23651123046875	-4.1351318359375	-75.23345947265625
7.916	-0.45265869140625004	-0.51971923828125	9.747729492187501	-0.02288818359375	-3.6163330078125	-80.80291748046875
7.927	-0.9005273437500001	-0.15567626953125	9.70701416015625	0.396728515625	-2.74658203125	-88.409423828125
7.939	-0.33290771484375004	-0.3975732421875	9.740544433593751	-0.57220458984375	-1.678466796875	-92.72003173828125
7.95	-0.61552001953125	-0.124541015625	9.8052099609375	-0.11444091796875	-1.8310546875	-89.8895263671875
7.961	-0.89334228515625	-0.1580712890625	9.7381494140625	-0.213623046875	-4.50897216796875	-93.65081787109375
7.973	-0.8430468750000001	-0.20118164062500002	9.79083984375	-0.8392333984375	-4.2724609375	-93.34564208984375
7.985	-0.3784130859375	0.0335302734375	9.649533691406251	-1.36566162109375	-3.34930419921875	-87.921142578125
7.994	0.5269042968750001	0.023950195312500002	9.48188232421875	-1.678466796875	1.89971923828125	-72.418212890625
8.005	-0.40236328125000004	0.0	9.6998291015625	-1.861572265625	-0.9613037109375	-65.00244140625
8.015	-0.40954833984375	-0.3400927734375	9.647138671875	-2.08282470703125	-0.762939453125	-61.0198974609375
8.027	-0.3975732421875	-0.19639160156250002	9.8722705078125	-1.9989013671875	-0.946044921875	-57.44171142578125
8.038	-0.19399658203125	0.14130615234375002	9.695039062500001	-2.22015380859375	-0.5645751953125	-55.2215576171875
8.048	-0.31853759765625	0.21794677734375	9.687854003906251	-2.09808349609375	-0.98419189453125	-55.36651611328125
8.059	-0.076640625	0.42152343750000004	9.68306396484375	-2.29644775390625	-0.3814697265625	-54.7943115234375
8.07	-0.316142578125	0.3448828125	9.6710888671875	-2.26593017578125	-0.1983642578125	-52.3681640625
8.081	-0.29458740234375	0.21315673828125	9.75970458984375	-2.1514892578125	-0.1983642578125	-52.0477294921875
8.091	-0.20836669921875	0.28979736328125	9.75251953125	-2.166748046875	-0.823974609375	-52.29949951171875
8.102	-0.5460644531250001	0.34248779296875004	9.66869384765625	-1.7242431640625	-0.9613037109375	-52.25372314453125
8.114	-0.49337402343750003	0.4646337890625	9.836345214843751	-1.89971923828125	-1.28936767578125	-52.31475830078125
8.124	-0.01676513671875	0.6873706054687501	9.596843261718751	-1.64031982421875	-1.3885498046875	-46.63848876953125
8.135	0.086220703125	0.41194335937500004	9.613608398437501	-1.16729736328125	-0.79345703125	-43.37310791015625
8.145	-0.13412109375	0.32811767578125	9.666298828125	-0.72479248046875	-0.213623046875	-42.18292236328125
8.156	-0.296982421875	-0.10538085937500001	9.7668896484375	-0.52642822265625	-0.02288818359375	-44.33441162109375
8.167	-0.53408935546875	-0.699345703125	9.635163574218751	0.0	-0.98419189453125	-49.591064453125
8.177	-0.2442919921875	-0.8382568359375	9.6710888671875	-0.05340576171875	-1.12152099609375	-54.89349365234375
8.188	-0.11735595703125	-0.833466796875	9.762099609375001	-0.51116943359375	-1.73187255859375	-54.96978759765625
8.2	-0.42870849609375	-0.756826171875	9.649533691406251	-0.8392333984375	-1.556396484375	-53.01666259765625
8.211	-0.4071533203125	-0.7664062500000001	9.709409179687501	-0.762939453125	-0.6256103515625	-50.80413818359375
8.221	-0.19399658203125	-0.42870849609375	9.66869384765625	-0.72479248046875	-0.0457763671875	-45.1202392578125
8.231	-0.18681152343750002	-0.3400927734375	9.61600341796875	-0.75531005859375	-0.06103515625	-38.3453369140625
8.242	-0.0047900390625	-0.0718505859375	9.77886474609375	-0.84686279296875	0.1678466796875	-30.3192138671875
8.252	0.32332763671875003	0.21315673828125	9.723779296875	-0.66375732421875	1.0223388671875	-20.3094482421875
8.262	0.5269042968750001	0.35206787109375004	9.67827392578125	-0.40435791015625	0.5950927734375	-10.84136962890625
8.272	0.4742138671875	0.18202148437500001	9.733359375000001	-0.4425048828125	-0.1678466796875	-4.8828125
8.282	-0.0335302734375	0.28021728515625	9.7860498046875	0.3509521484375	0.67901611328125	-3.8604736328125
8.291	-0.0622705078125	-0.00239501953125	9.71419921875	-0.22125244140625	0.05340576171875	-6.28662109375
8.301	-0.40475830078125	-0.28500732421875	9.63995361328125	-0.32806396484375	-0.2288818359375	-9.1552734375
8.312	-0.3592529296875	-0.43110351562500004	9.5848681640625	-0.0762939453125	-0.37384033203125	-13.24462890625
8.323	0.10538085937500001	-0.39517822265625	9.754914550781251	-0.762939453125	-1.3580322265625	-12.97760009765625
8.334	-0.3209326171875	0.3879931640625	9.73575439453125	-0.8392333984375	-0.9918212890625	-10.040283203125
8.344	-0.22034179687500002	0.9029223632812501	9.740544433593751	0.244140625	0.32806396484375	-5.31768798828125
8.354	-0.47181884765625004	1.44419677734375	9.66390380859375	-0.28228759765625	2.288818359375	-2.38800048828125
8.366	-1.76991943359375	1.4729370117187501	9.829160156250001	-0.6561279296875	-2.43377685546875	-10.74981689453125
8.376	-1.56394775390625	3.62366455078125	9.72138427734375	0.67138671875	1.1138916015625	-32.21893310546875
8.387	0.81670166015625	3.2428564453125	9.553732910156251	1.190185546875	4.150390625	-30.35736083984375
8.397	0.19878662109375	3.2141162109375	9.63037353515625	2.29644775390625	6.7596435546875	-30.5328369140625
8.408	-0.01676513671875	2.77582763671875	9.829160156250001	1.983642578125	5.5389404296875	-41.84722900390625
8.418	0.4742138671875	2.1243823242187503	9.78844482421875	1.47247314453125	4.50897216796875	-40.29083251953125
8.428	0.15088623046875002	1.79865966796875	9.71419921875	0.9307861328125	3.7384033203125	-38.16986083984375
8.438	0.316142578125	1.302890625	9.75012451171875	0.2899169921875	2.76947021484375	-38.63525390625
8.449	-0.14130615234375002	0.7999365234375	9.627978515625001	0.732421875	2.29644775390625	-39.9017333984375
8.459	0.011975097656250001	1.5112573242187501	9.71180419921875	0.30517578125	2.1209716796875	-35.17913818359375
8.469	-0.047900390625000004	1.916015625	9.6615087890625	-0.09918212890625	3.25775146484375	-26.49688720703125
8.479	-0.3400927734375	1.96631103515625	9.66390380859375	-0.16021728515625	2.79998779296875	-16.0064697265625
8.491	-0.1580712890625	1.32444580078125	9.656718750000001	-0.1068115234375	1.9683837890625	-5.9814453125
8.5	-0.11017089843750001	0.26105712890625	9.7285693359375	-0.640869140625	0.81634521484375	0.2593994140625
8.51	-0.09819580078125001	-0.0718505859375	9.6615087890625	-0.28228759765625	-0.244140625	0.43487548828125
8.519	-0.026345214843750003	0.0	9.685458984375	-0.38909912109375	-1.13677978515625	0.6103515625
8.528	0.01676513671875	-0.11256591796875001	9.6231884765625	-0.244140625	-1.2664794921875	0.66375732421875
8.538	0.009580078125	-0.06466552734375	9.69743408203125	-0.14495849609375	-1.4801025390625	0.518798828125
8.547	0.0335302734375	-0.04071533203125	9.769284667968751	-0.12969970703125	-1.47247314453125	0.60272216796875
8.557	-0.0431103515625	0.0143701171875	9.709409179687501	-0.18310546875	-1.85394287109375	0.46539306640625
8.566	0.052690429687500005	-0.028740234375	9.66390380859375	-0.74005126953125	-2.13623046875	0.6866455078125
8.576	0.0718505859375	-0.052690429687500005	9.747729492187501	-0.6561279296875	-2.593994140625	0.54931640625
8.586	0.067060546875	-0.04071533203125	9.67587890625	-0.66375732421875	-2.6092529296875	0.78582763671875
8.595	0.11256591796875001	0.009580078125	9.687854003906251	-0.48828125	-2.60162353515625	0.80108642578125
8.605	0.08861572265625	-0.026345214843750003	9.77407470703125	-0.91552734375	-2.6397705078125	0.7476806640625
8.615	0.11017089843750001	-0.045505371093750004	9.56331298828125	-0.9002685546875	-2.3193359375	0.7781982421875
8.625	0.10777587890625001	0.026345214843750003	9.72617431640625	-0.9002685546875	-2.410888671875	0.54931640625
8.635	0.143701171875	-0.03113525390625	9.6615087890625	-0.9613037109375	-1.861572265625	0.48065185546875
8.644	0.1676513671875	-0.026345214843750003	9.63755859375	-0.89263916015625	-0.8697509765625	0.3509521484375
8.654	0.14130615234375002	-0.045505371093750004	9.608818359375	-1.12152099609375	0.06866455078125	0.32806396484375
8.663	0.19160156250000002	-0.026345214843750003	9.740544433593751	-0.732421875	2.0904541015625	0.1678466796875
8.673	0.17483642578125	-0.009580078125	9.704619140625	-0.40435791015625	4.67681884765625	-0.03814697265625
8.682	0.12693603515625002	-0.01676513671875	9.6998291015625	-0.5340576171875	6.23321533203125	0.08392333984375
8.691	0.0383203125	-0.01916015625	9.70701416015625	-0.74005126953125	6.1798095703125	-0.16021728515625
8.701	-0.07903564453125	-0.047900390625000004	9.7956298828125	-1.07574462890625	7.7362060546875	-0.05340576171875
8.712	-0.19399658203125	-0.11017089843750001	9.9105908203125	-7.1868896484375	-31.005859375	1.6632080078125
8.723	0.047900390625000004	-0.14609619140625002	9.66390380859375	-2.84576416015625	-7.9803466796875	0.9002685546875
8.732	0.25147705078125	-0.11017089843750001	9.695039062500001	-1.617431640625	0.49591064453125	0.74005126953125
8.742	0.24908203125	-0.06945556640625	9.75251953125	-1.5869140625	-0.03814697265625	0.7781982421875
8.752	0.07424560546875	-0.047900390625000004	9.7860498046875	-2.1820068359375	1.9989013671875	0.640869140625
8.761	0.15088623046875002	-0.028740234375	9.807604980468751	-2.17437744140625	2.25067138671875	0.5645751953125
8.771	0.17004638671875	-0.10298583984375001	9.75251953125	-0.93841552734375	1.50299072265625	0.69427490234375
8.78	0.026345214843750003	-0.13412109375	9.5561279296875	-0.60272216796875	0.57220458984375	0.457763671875
8.79	0.16525634765625	-0.09580078125000001	9.70701416015625	-0.335693359375	0.06866455078125	0.69427490234375
8.799	0.0814306640625	-0.06945556640625	9.7716796875	-0.09918212890625	-0.244140625	0.49591064453125
8.809	0.1484912109375	-0.10777587890625001	9.69743408203125	-0.3662109375	-0.22125244140625	0.3814697265625
8.818	0.09340576171875001	-0.0814306640625	9.64474365234375	-0.31280517578125	0.09918212890625	0.4425048828125
8.827	0.13172607421875002	-0.09580078125000001	9.754914550781251	-0.2899169921875	-0.09918212890625	0.45013427734375
8.837	0.07424560546875	-0.04071533203125	9.70701416015625	-0.335693359375	-0.29754638671875	0.54168701171875
8.846	0.07424560546875	-0.052690429687500005	9.656718750000001	-0.20599365234375	-0.05340576171875	0.732421875
8.856	0.14609619140625002	-0.0718505859375	9.742939453125	-0.2899169921875	-0.0762939453125	0.5645751953125
8.865	0.1293310546875	-0.045505371093750004	9.71180419921875	-0.2593994140625	-0.02288818359375	0.61798095703125
8.875	0.09819580078125001	-0.06466552734375	9.71180419921875	-0.22125244140625	0.00762939453125	0.457763671875
8.884	0.08861572265625	-0.09101074218750001	9.75970458984375	-0.29754638671875	-0.06103515625	0.55694580078125
8.893	0.1389111328125	-0.026345214843750003	9.666298828125	0.02288818359375	-0.08392333984375	0.5950927734375
8.901	0.05748046875	-0.0622705078125	9.6902490234375	-0.16021728515625	0.05340576171875	0.5035400390625
8.91	0.13412109375	-0.055085449218750006	9.7381494140625	-0.2288818359375	0.0152587890625	0.38909912109375
8.92	0.086220703125	-0.0622705078125	9.68306396484375	-0.35858154296875	0.0152587890625	0.58746337890625
8.928	0.050295410156250005	-0.05748046875	9.7189892578125	-0.35858154296875	0.06103515625	0.49591064453125
8.937	0.05748046875	-0.12693603515625002	9.687854003906251	-0.0762939453125	-0.0152587890625	0.60272216796875
8.946	0.067060546875	-0.12214599609375	9.67587890625	-0.11444091796875	-0.25177001953125	0.518798828125
8.955	0.052690429687500005	-0.05987548828125	9.687854003906251	-0.244140625	-0.45013427734375	0.67138671875
8.965	0.086220703125	-0.086220703125	9.66869384765625	-0.14495849609375	0.08392333984375	0.30517578125
8.974	0.10777587890625001	-0.076640625	9.7860498046875	-0.34332275390625	0.0762939453125	0.5645751953125
8.984	0.1676513671875	-0.07903564453125	9.635163574218751	0.00762939453125	-0.2899169921875	0.3204345703125
8.992	0.1676513671875	-0.07903564453125	9.7285693359375	-0.244140625	0.02288818359375	0.55694580078125
9.001	0.1149609375	-0.09101074218750001	9.819580078125	-0.244140625	0.0152587890625	0.43487548828125
9.011	0.13172607421875002	-0.06466552734375	9.6998291015625	-0.1220703125	-0.03814697265625	0.5340576171875
9.021	0.1149609375	-0.076640625	9.75970458984375	-0.2288818359375	-0.09918212890625	0.46539306640625
9.03	0.086220703125	-0.023950195312500002	9.7189892578125	-0.17547607421875	-0.06103515625	0.43487548828125
9.039	0.11735595703125	-0.11017089843750001	9.64474365234375	-0.05340576171875	0.20599365234375	0.518798828125
9.049	0.06466552734375	-0.028740234375	9.67827392578125	-0.09918212890625	-0.00762939453125	0.7781982421875
9.058	0.11735595703125	-0.07424560546875	9.6710888671875	-0.22125244140625	-0.31280517578125	0.43487548828125
9.067	0.1197509765625	-0.04071533203125	9.68306396484375	-0.244140625	-0.06103515625	0.4425048828125
9.076	0.05748046875	-0.10538085937500001	9.704619140625	-0.1373291015625	0.00762939453125	0.54931640625
