Time	ax	ay	az	gx	gy	gz
0.014	-0.01916015625	-0.1197509765625	9.72617431640625	0.25177001953125	0.55694580078125	0.26702880859375
0.022	0.0047900390625	-0.124541015625	9.73575439453125	0.152587890625	0.4730224609375	0.30517578125
0.03	-0.0335302734375	-0.09101074218750001	9.6710888671875	0.244140625	0.38909912109375	0.51116943359375
0.038	0.05748046875	-0.086220703125	9.71419921875	-0.05340576171875	0.213623046875	0.29754638671875
0.047	-0.028740234375	-0.1389111328125	9.7381494140625	0.030517578125	0.48065185546875	0.2288818359375
0.056	-0.01916015625	-0.10777587890625001	9.74533447265625	-0.30517578125	0.152587890625	0.40435791015625
0.064	-0.0047900390625	-0.10298583984375001	9.6998291015625	-0.12969970703125	0.34332275390625	0.40435791015625
0.073	-0.01916015625	-0.10777587890625001	9.67587890625	-0.18310546875	0.1373291015625	0.49591064453125
0.081	-0.055085449218750006	-0.10538085937500001	9.74533447265625	-0.1678466796875	0.02288818359375	0.35858154296875
0.091	-0.023950195312500002	-0.09101074218750001	9.71180419921875	-0.29754638671875	-0.06866455078125	0.19073486328125
0.099	-0.047900390625000004	-0.124541015625	9.704619140625	-0.3204345703125	0.00762939453125	0.38909912109375
0.108	-0.02155517578125	-0.14130615234375002	9.67587890625	-0.3204345703125	0.18310546875	0.46539306640625
0.117	-0.028740234375	-0.143701171875	9.73096435546875	-0.4425048828125	0.55694580078125	0.28228759765625
0.125	0.0143701171875	-0.07424560546875	9.695039062500001	-0.2899169921875	0.67138671875	0.29754638671875
0.135	-0.0431103515625	-0.11017089843750001	9.742939453125	-0.274658203125	0.823974609375	0.518798828125
0.144	-0.0383203125	-0.11256591796875001	9.6902490234375	-0.12969970703125	1.04522705078125	0.3509521484375
0.153	-0.00239501953125	-0.10298583984375001	9.70701416015625	0.1068115234375	1.01470947265625	0.23651123046875
0.162	-0.02155517578125	-0.09819580078125001	9.723779296875	-0.152587890625	0.96893310546875	0.23651123046875
0.172	0.0335302734375	-0.13412109375	9.716594238281251	-0.08392333984375	0.640869140625	0.4730224609375
0.181	0.023950195312500002	-0.12214599609375	9.666298828125	0.02288818359375	0.8087158203125	0.41961669921875
0.189	-0.076640625	-0.1293310546875	9.72617431640625	0.06103515625	0.46539306640625	0.32806396484375
0.198	-0.06945556640625	-0.05748046875	9.6710888671875	-0.1373291015625	0.20599365234375	0.32806396484375
0.207	0.0047900390625	-0.10059082031250001	9.666298828125	0.16021728515625	0.06866455078125	0.29754638671875
0.216	-0.047900390625000004	-0.11735595703125	9.742939453125	-0.1068115234375	-0.2899169921875	0.41961669921875
0.225	-0.023950195312500002	-0.17244140625	9.71419921875	0.00762939453125	-0.34332275390625	0.48828125
0.233	0.05987548828125	-0.10059082031250001	9.762099609375001	-0.1983642578125	-0.06103515625	0.3204345703125
0.242	-0.045505371093750004	-0.05987548828125	9.6998291015625	0.34332275390625	0.396728515625	0.2593994140625
0.251	0.009580078125	-0.055085449218750006	9.6710888671875	0.08392333984375	0.75531005859375	0.3662109375
0.26	0.0143701171875	-0.10538085937500001	9.762099609375001	-0.14495849609375	0.46539306640625	0.25177001953125
0.269	-0.028740234375	-0.11735595703125	9.69264404296875	-0.02288818359375	0.57220458984375	0.41961669921875
0.277	-0.04071533203125	-0.1293310546875	9.79083984375	0.02288818359375	0.66375732421875	0.49591064453125
0.286	0.00239501953125	-0.10059082031250001	9.7668896484375	0.152587890625	0.74005126953125	0.43487548828125
0.294	-0.05748046875	-0.10777587890625001	9.742939453125	0.2288818359375	0.75531005859375	0.4119873046875
0.303	-0.011975097656250001	-0.04071533203125	9.709409179687501	0.091552734375	0.7781982421875	0.31280517578125
0.312	-0.050295410156250005	-0.1484912109375	9.71180419921875	0.22125244140625	0.51116943359375	0.35858154296875
0.321	0.0622705078125	-0.08382568359375	9.680668945312501	0.05340576171875	0.66375732421875	0.3662109375
0.329	0.023950195312500002	-0.06945556640625	9.69743408203125	0.0457763671875	0.54931640625	0.42724609375
0.337	-0.02155517578125	-0.09340576171875001	9.69264404296875	-0.06866455078125	0.5645751953125	0.48065185546875
0.347	0.03592529296875	-0.0814306640625	9.6998291015625	0.091552734375	0.6103515625	0.28228759765625
0.355	-0.050295410156250005	-0.055085449218750006	9.71419921875	-0.09918212890625	0.7781982421875	0.2899169921875
0.364	-0.0143701171875	-0.1293310546875	9.6902490234375	0.08392333984375	0.92315673828125	0.335693359375
0.373	-0.01916015625	-0.11256591796875001	9.673483886718751	0.06103515625	0.61798095703125	0.55694580078125
0.381	0.011975097656250001	-0.12214599609375	9.70701416015625	0.06866455078125	0.7476806640625	0.19073486328125
0.39	-0.0335302734375	-0.1149609375	9.66869384765625	-0.0457763671875	0.58746337890625	0.32806396484375
0.399	-0.052690429687500005	-0.1389111328125	9.74533447265625	-0.09918212890625	0.20599365234375	0.42724609375
0.408	-0.07903564453125	-0.143701171875	9.73575439453125	-0.0457763671875	0.11444091796875	0.457763671875
0.417	-0.028740234375	-0.09819580078125001	9.75970458984375	-0.152587890625	-0.43487548828125	0.4119873046875
0.427	0.00718505859375	-0.1149609375	9.69264404296875	-0.34332275390625	-0.3509521484375	0.4425048828125
0.436	-0.01916015625	-0.086220703125	9.6183984375	-0.11444091796875	-0.20599365234375	0.40435791015625
0.445	0.0	-0.11256591796875001	9.733359375000001	-0.335693359375	-0.17547607421875	0.42724609375
0.454	0.02155517578125	-0.0718505859375	9.747729492187501	-0.3509521484375	-0.32806396484375	0.45013427734375
0.463	-0.09580078125000001	-0.1389111328125	9.7860498046875	-0.42724609375	-0.0457763671875	0.45013427734375
0.473	-0.07424560546875	-0.05987548828125	9.740544433593751	-0.1220703125	-0.1678466796875	0.09918212890625
0.482	-0.09340576171875001	-0.11735595703125	9.75970458984375	-0.2288818359375	-0.02288818359375	0.3509521484375
0.491	-0.055085449218750006	-0.11256591796875001	9.709409179687501	-0.18310546875	-0.0457763671875	0.57220458984375
0.5	-0.02155517578125	-0.1149609375	9.800419921875001	-0.2899169921875	0.4119873046875	0.2288818359375
0.509	-0.0718505859375	-0.055085449218750006	9.6710888671875	-0.1220703125	0.213623046875	0.23651123046875
0.519	-0.0431103515625	-0.13651611328125002	9.70701416015625	-0.09918212890625	0.37384033203125	0.4119873046875
0.528	-0.0335302734375	-0.11017089843750001	9.687854003906251	-0.2593994140625	0.335693359375	0.4425048828125
0.537	-0.07424560546875	-0.0814306640625	9.776469726562501	0.0	0.19073486328125	0.34332275390625
0.545	-0.067060546875	-0.12693603515625002	9.70701416015625	0.02288818359375	0.02288818359375	0.42724609375
0.555	0.011975097656250001	-0.14609619140625002	9.762099609375001	-0.091552734375	-0.12969970703125	0.3509521484375
0.564	-0.07903564453125	-0.07424560546875	9.7573095703125	-0.08392333984375	-0.030517578125	0.5035400390625
0.573	-0.02155517578125	-0.14609619140625002	9.73096435546875	-0.18310546875	0.02288818359375	0.14495849609375
0.581	0.009580078125	-0.10059082031250001	9.63995361328125	-0.030517578125	0.030517578125	0.1983642578125
0.59	-0.045505371093750004	-0.12214599609375	9.704619140625	-0.0762939453125	-0.1068115234375	0.37384033203125
0.6	-0.023950195312500002	-0.076640625	9.7381494140625	-0.030517578125	-0.18310546875	0.34332275390625
0.608	-0.028740234375	-0.124541015625	9.71419921875	0.00762939453125	0.0762939453125	0.31280517578125
0.617	-0.05748046875	-0.0814306640625	9.620793457031251	-0.09918212890625	0.12969970703125	0.31280517578125
0.626	-0.04071533203125	-0.10777587890625001	9.6998291015625	0.091552734375	0.25177001953125	0.32806396484375
0.635	-0.11256591796875001	-0.10538085937500001	9.7381494140625	-0.1068115234375	0.17547607421875	0.46539306640625
0.644	-0.05748046875	-0.124541015625	9.7189892578125	-0.03814697265625	-0.0152587890625	0.29754638671875
0.653	-0.023950195312500002	-0.10538085937500001	9.702224121093751	-0.02288818359375	-0.0762939453125	0.4119873046875
0.663	-0.05987548828125	-0.11256591796875001	9.7716796875	-0.08392333984375	-0.274658203125	0.37384033203125
0.671	0.0047900390625	-0.08382568359375	9.72617431640625	-0.1068115234375	-0.1220703125	0.23651123046875
0.68	-0.06466552734375	-0.03592529296875	9.72138427734375	-0.0152587890625	-0.213623046875	0.3814697265625
0.69	-0.009580078125	-0.12693603515625002	9.709409179687501	-0.152587890625	-0.05340576171875	0.2593994140625
0.699	-0.10059082031250001	-0.09580078125000001	9.69264404296875	-0.12969970703125	0.14495849609375	0.2899169921875
0.708	-0.0143701171875	-0.1676513671875	9.7573095703125	-0.14495849609375	-0.06866455078125	0.396728515625
0.717	-0.045505371093750004	-0.06466552734375	9.733359375000001	-0.31280517578125	-0.2593994140625	0.31280517578125
0.727	-0.0814306640625	-0.09101074218750001	9.77407470703125	-0.3814697265625	-0.57220458984375	0.4425048828125
0.737	-0.05748046875	-0.0718505859375	9.656718750000001	-0.3662109375	-0.6561279296875	0.25177001953125
0.746	-0.0383203125	-0.1389111328125	9.72617431640625	-0.244140625	-0.57220458984375	0.37384033203125
0.755	-0.045505371093750004	-0.1197509765625	9.69743408203125	-0.335693359375	-0.18310546875	0.29754638671875
0.764	-0.045505371093750004	-0.09340576171875001	9.769284667968751	-0.213623046875	-0.06103515625	0.30517578125
0.774	0.0	-0.06945556640625	9.695039062500001	-0.1983642578125	0.152587890625	0.29754638671875
0.782	-0.07424560546875	-0.0047900390625	9.75012451171875	-0.2899169921875	-0.0152587890625	0.28228759765625
0.791	-0.0622705078125	-0.09580078125000001	9.69743408203125	-0.09918212890625	0.06866455078125	0.3814697265625
0.8	-0.06945556640625	-0.07424560546875	9.762099609375001	-0.03814697265625	-0.213623046875	0.396728515625
0.809	-0.03113525390625	-0.1293310546875	9.68306396484375	-0.06866455078125	-0.18310546875	0.2899169921875
0.819	-0.0814306640625	-0.05748046875	9.72138427734375	-0.14495849609375	-0.19073486328125	0.45013427734375
0.828	-0.0143701171875	-0.10059082031250001	9.673483886718751	-0.02288818359375	-0.2593994140625	0.4119873046875
0.837	-0.086220703125	-0.16046630859375	9.596843261718751	-0.05340576171875	-0.28228759765625	0.5645751953125
0.846	-0.047900390625000004	-0.08861572265625	9.72138427734375	-0.16021728515625	-0.28228759765625	0.32806396484375
0.856	-0.0047900390625	-0.16046630859375	9.6615087890625	-0.1373291015625	-0.23651123046875	0.16021728515625
0.865	-0.05748046875	-0.15088623046875002	9.6710888671875	0.05340576171875	-0.25177001953125	0.45013427734375
0.873	-0.009580078125	-0.11256591796875001	9.73096435546875	-0.1068115234375	0.0152587890625	0.23651123046875
0.882	-0.052690429687500005	-0.09101074218750001	9.740544433593751	0.05340576171875	-0.0762939453125	0.58746337890625
0.891	-0.09340576171875001	-0.0718505859375	9.75251953125	0.32806396484375	0.25177001953125	0.4730224609375
0.901	-0.067060546875	-0.09101074218750001	9.656718750000001	-0.03814697265625	0.11444091796875	0.5340576171875
0.909	-0.047900390625000004	-0.15088623046875002	9.702224121093751	-0.05340576171875	0.457763671875	0.37384033203125
0.918	-0.050295410156250005	-0.14130615234375002	9.7285693359375	0.06866455078125	0.1678466796875	0.43487548828125
0.926	-0.0383203125	-0.07424560546875	9.57768310546875	-0.06103515625	0.09918212890625	0.09918212890625
0.935	-0.067060546875	-0.08382568359375	9.723779296875	0.0457763671875	0.0	0.2288818359375
0.944	0.009580078125	-0.067060546875	9.800419921875001	0.00762939453125	-0.2288818359375	0.3204345703125
0.953	0.0383203125	-0.0718505859375	9.6902490234375	-0.030517578125	0.1220703125	0.41961669921875
0.962	-0.07424560546875	-0.13412109375	9.73575439453125	-0.28228759765625	-0.1678466796875	0.457763671875
0.971	-0.086220703125	-0.0622705078125	9.704619140625	-0.29754638671875	-0.18310546875	0.3509521484375
0.982	-0.0622705078125	-0.10777587890625001	9.709409179687501	-0.4119873046875	-0.22125244140625	0.457763671875
0.991	-0.06945556640625	-0.1293310546875	9.75012451171875	-0.1678466796875	-0.16021728515625	0.34332275390625
1.0	-0.055085449218750006	-0.13412109375	9.75251953125	-0.2593994140625	-0.19073486328125	0.37384033203125
1.009	-0.03592529296875	-0.11256591796875001	9.762099609375001	-0.43487548828125	-0.3509521484375	0.5645751953125
1.019	0.00239501953125	-0.10298583984375001	9.77886474609375	-0.1678466796875	-0.16021728515625	0.396728515625
1.029	-0.009580078125	-0.05987548828125	9.76449462890625	-0.14495849609375	-0.3814697265625	0.396728515625
1.038	-0.023950195312500002	-0.15567626953125	9.73096435546875	-0.38909912109375	0.02288818359375	0.32806396484375
1.047	-0.009580078125	-0.0622705078125	9.81718505859375	-0.26702880859375	-0.28228759765625	0.54168701171875
1.056	-0.0335302734375	-0.09580078125000001	9.73096435546875	-0.17547607421875	-0.19073486328125	0.32806396484375
1.067	0.0	-0.13651611328125002	9.75970458984375	-0.20599365234375	-0.1220703125	0.3662109375
1.076	-0.0814306640625	-0.0718505859375	9.75012451171875	-0.29754638671875	-0.41961669921875	0.46539306640625
1.085	-0.04071533203125	-0.1293310546875	9.6998291015625	-0.25177001953125	-0.0457763671875	0.37384033203125
1.094	-0.03113525390625	-0.09819580078125001	9.7716796875	0.05340576171875	0.37384033203125	0.41961669921875
1.103	-0.07903564453125	-0.10777587890625001	9.687854003906251	0.0457763671875	0.40435791015625	0.43487548828125
1.113	0.00718505859375	-0.10298583984375001	9.6710888671875	0.17547607421875	0.5340576171875	0.396728515625
1.121	-0.03113525390625	-0.08861572265625	9.723779296875	0.274658203125	0.77056884765625	0.2899169921875
1.13	-0.0431103515625	-0.06466552734375	9.723779296875	-0.03814697265625	0.11444091796875	0.1678466796875
1.139	-0.1484912109375	-0.1197509765625	9.6710888671875	-0.12969970703125	0.030517578125	0.3814697265625
1.149	0.01916015625	-0.15567626953125	9.69264404296875	-0.20599365234375	0.1678466796875	0.46539306640625
1.158	-0.028740234375	-0.05987548828125	9.673483886718751	-0.05340576171875	0.0152587890625	0.35858154296875
1.167	-0.023950195312500002	-0.09101074218750001	9.7189892578125	-0.19073486328125	0.08392333984375	0.457763671875
1.176	0.028740234375	-0.1197509765625	9.67827392578125	-0.02288818359375	0.16021728515625	0.37384033203125
1.185	0.0	-0.13172607421875002	9.656718750000001	-0.0762939453125	0.1220703125	0.34332275390625
1.193	0.01916015625	-0.10059082031250001	9.72138427734375	-0.244140625	0.16021728515625	0.4119873046875
1.203	0.0143701171875	-0.13651611328125002	9.71419921875	-0.11444091796875	0.091552734375	0.20599365234375
1.212	-0.01916015625	-0.09580078125000001	9.687854003906251	-0.31280517578125	0.1678466796875	0.396728515625
1.221	0.009580078125	-0.14130615234375002	9.6998291015625	-0.09918212890625	0.05340576171875	0.5035400390625
1.231	-0.06466552734375	-0.13172607421875002	9.7860498046875	-0.2593994140625	-0.1220703125	0.35858154296875
1.241	-0.076640625	-0.10298583984375001	9.70701416015625	-0.12969970703125	-0.12969970703125	0.38909912109375
1.251	-0.0718505859375	-0.047900390625000004	9.74533447265625	-0.14495849609375	-0.19073486328125	0.3662109375
1.26	-0.07424560546875	-0.0622705078125	9.7716796875	0.0	0.16021728515625	0.3814697265625
1.269	-0.10298583984375001	-0.1389111328125	9.7716796875	-0.03814697265625	-0.0457763671875	0.40435791015625
1.278	-0.0383203125	-0.09580078125000001	9.709409179687501	-0.22125244140625	0.1068115234375	0.3509521484375
1.288	-0.055085449218750006	-0.1197509765625	9.71180419921875	-0.06103515625	0.1068115234375	0.213623046875
1.297	-0.0335302734375	-0.0814306640625	9.73575439453125	-0.17547607421875	-0.0762939453125	0.1983642578125
1.306	-0.09819580078125001	-0.10059082031250001	9.747729492187501	0.0457763671875	0.0762939453125	0.4425048828125
1.315	-0.045505371093750004	-0.124541015625	9.7716796875	-0.1068115234375	-0.25177001953125	0.40435791015625
1.326	-0.05987548828125	-0.1149609375	9.70701416015625	-0.274658203125	-0.0762939453125	0.37384033203125
1.335	0.011975097656250001	-0.143701171875	9.754914550781251	-0.09918212890625	-0.1373291015625	0.457763671875
1.344	-0.045505371093750004	-0.08382568359375	9.70701416015625	-0.08392333984375	0.12969970703125	0.18310546875
1.354	-0.086220703125	-0.09819580078125001	9.742939453125	-0.08392333984375	-0.030517578125	0.2899169921875
1.363	-0.03592529296875	-0.14130615234375002	9.733359375000001	-0.1068115234375	0.0762939453125	0.4119873046875
1.373	-0.09819580078125001	-0.028740234375	9.7189892578125	-0.05340576171875	-0.06103515625	0.2899169921875
1.382	0.0	-0.09340576171875001	9.73575439453125	0.0	-0.12969970703125	0.518798828125
1.391	-0.09101074218750001	-0.067060546875	9.67827392578125	-0.091552734375	-0.54168701171875	0.3509521484375
1.4	-0.0047900390625	-0.09819580078125001	9.76449462890625	-0.1678466796875	-0.5035400390625	0.35858154296875
1.41	-0.04071533203125	-0.09101074218750001	9.709409179687501	-0.02288818359375	-0.152587890625	0.40435791015625
1.419	-0.023950195312500002	-0.12693603515625002	9.642348632812501	0.0	-0.43487548828125	0.3509521484375
1.428	-0.08382568359375	-0.10538085937500001	9.6998291015625	0.00762939453125	-0.43487548828125	0.29754638671875
1.437	-0.09819580078125001	-0.10777587890625001	9.776469726562501	-0.03814697265625	-0.29754638671875	0.30517578125
1.447	-0.05987548828125	-0.08861572265625	9.7381494140625	0.02288818359375	-0.49591064453125	0.2899169921875
1.457	-0.01916015625	-0.1149609375	9.647138671875	-0.09918212890625	-0.35858154296875	0.2899169921875
1.466	0.02155517578125	-0.047900390625000004	9.71180419921875	0.02288818359375	-0.40435791015625	0.38909912109375
1.475	-0.07424560546875	-0.10298583984375001	9.6615087890625	-0.12969970703125	-0.30517578125	0.3662109375
1.484	-0.09819580078125001	-0.08861572265625	9.6902490234375	-0.0457763671875	-0.20599365234375	0.48828125
1.495	-0.0718505859375	-0.09819580078125001	9.7189892578125	0.16021728515625	-0.1068115234375	0.35858154296875
1.504	-0.07903564453125	-0.15328125	9.702224121093751	0.18310546875	0.19073486328125	0.29754638671875
1.513	-0.03592529296875	-0.10777587890625001	9.6902490234375	0.1220703125	0.2288818359375	0.41961669921875
1.522	-0.0431103515625	-0.07424560546875	9.7716796875	0.05340576171875	0.54168701171875	0.38909912109375
1.531	-0.045505371093750004	-0.09580078125000001	9.709409179687501	0.25177001953125	0.78582763671875	0.28228759765625
1.541	-0.026345214843750003	-0.03592529296875	9.716594238281251	0.2593994140625	0.57220458984375	0.5340576171875
1.549	-0.055085449218750006	-0.06945556640625	9.75012451171875	0.30517578125	0.64849853515625	0.30517578125
1.558	-0.0622705078125	-0.045505371093750004	9.63995361328125	0.1373291015625	0.2899169921875	0.40435791015625
1.567	-0.050295410156250005	-0.162861328125	9.6710888671875	0.05340576171875	-0.03814697265625	0.29754638671875
1.576	0.009580078125	-0.11735595703125	9.7716796875	0.06866455078125	-0.22125244140625	0.38909912109375
1.585	-0.045505371093750004	-0.09340576171875001	9.6710888671875	-0.00762939453125	-0.457763671875	0.2899169921875
1.595	-0.05987548828125	-0.0814306640625	9.754914550781251	-0.09918212890625	-0.51116943359375	0.58746337890625
1.604	-0.05987548828125	-0.09340576171875001	9.70701416015625	-0.06866455078125	-0.30517578125	0.244140625
1.614	-0.050295410156250005	-0.10298583984375001	9.71419921875	-0.1983642578125	-0.18310546875	0.34332275390625
1.624	-0.0143701171875	-0.1149609375	9.68306396484375	-0.152587890625	-0.701904296875	0.43487548828125
1.634	-0.023950195312500002	-0.13172607421875002	9.69743408203125	-0.20599365234375	-0.41961669921875	0.29754638671875
1.643	-0.07903564453125	-0.1197509765625	9.75251953125	0.0	-0.48065185546875	0.3204345703125
1.652	-0.09819580078125001	-0.03592529296875	9.78365478515625	-0.23651123046875	-0.1678466796875	0.396728515625
1.662	-0.06945556640625	-0.18202148437500001	9.680668945312501	-0.22125244140625	-0.41961669921875	0.48828125
1.672	-0.01916015625	-0.0622705078125	9.69743408203125	-0.213623046875	-0.26702880859375	0.3509521484375
1.681	-0.055085449218750006	-0.10777587890625001	9.6998291015625	-0.1678466796875	-0.030517578125	0.48065185546875
1.69	-0.052690429687500005	-0.1389111328125	9.73096435546875	-0.091552734375	0.09918212890625	0.42724609375
1.7	-0.050295410156250005	-0.0718505859375	9.75970458984375	-0.19073486328125	0.31280517578125	0.51116943359375
1.71	-0.055085449218750006	-0.11256591796875001	9.747729492187501	0.030517578125	0.4119873046875	0.34332275390625
1.718	-0.0383203125	-0.08382568359375	9.6902490234375	-0.14495849609375	0.43487548828125	0.35858154296875
1.727	-0.0383203125	-0.0622705078125	9.649533691406251	-0.03814697265625	0.31280517578125	0.40435791015625
1.736	-0.0814306640625	-0.11256591796875001	9.723779296875	-0.0457763671875	0.152587890625	0.3204345703125
1.746	-0.067060546875	-0.0718505859375	9.702224121093751	-0.1678466796875	-0.00762939453125	0.40435791015625
1.756	-0.04071533203125	-0.1293310546875	9.723779296875	-0.1220703125	-0.05340576171875	0.3662109375
1.765	-0.0143701171875	-0.10777587890625001	9.7285693359375	-0.17547607421875	0.1220703125	0.28228759765625
1.774	0.067060546875	-0.13172607421875002	9.747729492187501	-0.091552734375	0.25177001953125	0.46539306640625
1.783	-0.009580078125	-0.067060546875	9.6998291015625	0.03814697265625	0.5950927734375	0.4730224609375
1.793	-0.067060546875	-0.076640625	9.754914550781251	0.1373291015625	0.61798095703125	0.457763671875
1.802	-0.0814306640625	-0.10538085937500001	9.649533691406251	0.0152587890625	0.4730224609375	0.5035400390625
1.811	-0.08861572265625	-0.09580078125000001	9.821975097656251	-0.0152587890625	0.274658203125	0.25177001953125
1.82	-0.00239501953125	-0.09580078125000001	9.75251953125	0.05340576171875	0.2288818359375	0.5035400390625
1.829	-0.03592529296875	-0.07424560546875	9.67587890625	-0.19073486328125	0.1373291015625	0.5035400390625
1.839	-0.08382568359375	-0.0383203125	9.62558349609375	-0.31280517578125	-0.213623046875	0.43487548828125
1.848	-0.00718505859375	-0.0622705078125	9.6710888671875	-0.17547607421875	-0.02288818359375	0.45013427734375
1.857	-0.06466552734375	-0.05748046875	9.7189892578125	-0.29754638671875	-0.11444091796875	0.34332275390625
1.867	-0.08382568359375	-0.08861572265625	9.7189892578125	-0.2899169921875	-0.29754638671875	0.3814697265625
1.876	-0.047900390625000004	-0.05748046875	9.680668945312501	-0.25177001953125	-0.30517578125	0.54168701171875
1.887	-0.0143701171875	-0.09819580078125001	9.687854003906251	-0.2288818359375	-0.34332275390625	0.30517578125
1.896	-0.05987548828125	-0.09819580078125001	9.75970458984375	-0.3814697265625	-0.38909912109375	0.2593994140625
1.905	-0.01916015625	-0.0383203125	9.66390380859375	-0.25177001953125	-0.274658203125	0.3509521484375
1.914	-0.02155517578125	-0.055085449218750006	9.642348632812501	-0.1068115234375	-0.0152587890625	0.30517578125
1.924	0.00239501953125	-0.12693603515625002	9.79802490234375	-0.09918212890625	-0.18310546875	0.3204345703125
1.934	-0.026345214843750003	-0.09101074218750001	9.64474365234375	-0.244140625	-0.1678466796875	0.40435791015625
1.943	-0.0431103515625	-0.1197509765625	9.762099609375001	0.091552734375	-0.213623046875	0.26702880859375
1.952	-0.04071533203125	-0.05987548828125	9.73096435546875	0.030517578125	-0.1678466796875	0.32806396484375
1.961	-0.0335302734375	-0.14130615234375002	9.695039062500001	-0.05340576171875	-0.152587890625	0.4425048828125
1.971	-0.05748046875	-0.10538085937500001	9.72617431640625	0.02288818359375	0.091552734375	0.40435791015625
1.979	-0.055085449218750006	-0.10059082031250001	9.733359375000001	-0.030517578125	0.0	0.34332275390625
1.988	-0.13412109375	-0.05987548828125	9.6183984375	-0.05340576171875	0.1373291015625	0.38909912109375
1.997	-0.052690429687500005	-0.07903564453125	9.7716796875	-0.1678466796875	0.25177001953125	0.22125244140625
2.007	0.011975097656250001	-0.076640625	9.71419921875	0.0152587890625	0.335693359375	0.335693359375
2.016	-0.03113525390625	-0.14609619140625002	9.6998291015625	0.1220703125	0.0762939453125	0.51116943359375
2.025	-0.13412109375	-0.11735595703125	9.7285693359375	-0.11444091796875	-0.0762939453125	0.34332275390625
2.035	-0.1149609375	-0.12214599609375	9.73575439453125	-0.09918212890625	-0.16021728515625	0.48828125
2.045	-0.09340576171875001	-0.10059082031250001	9.73096435546875	-0.1983642578125	-0.25177001953125	0.457763671875
2.055	-0.023950195312500002	-0.08861572265625	9.70701416015625	-0.19073486328125	-0.2899169921875	0.244140625
2.064	-0.02155517578125	-0.067060546875	9.704619140625	-0.12969970703125	-0.0762939453125	0.29754638671875
2.074	-0.052690429687500005	-0.10538085937500001	9.71180419921875	-0.1220703125	-0.16021728515625	0.23651123046875
2.083	-0.0718505859375	-0.09340576171875001	9.821975097656251	-0.152587890625	-0.29754638671875	0.28228759765625
2.093	0.028740234375	-0.10298583984375001	9.673483886718751	-0.030517578125	-0.25177001953125	0.5950927734375
2.103	-0.08382568359375	-0.143701171875	9.7285693359375	-0.1983642578125	-0.64849853515625	0.213623046875
2.112	-0.02155517578125	-0.06945556640625	9.73096435546875	-0.05340576171875	-0.46539306640625	0.26702880859375
2.122	-0.086220703125	-0.09340576171875001	9.74533447265625	-0.16021728515625	-0.579833984375	0.457763671875
2.131	-0.009580078125	-0.1197509765625	9.687854003906251	-0.1373291015625	-0.19073486328125	0.30517578125
2.141	-0.10538085937500001	-0.076640625	9.635163574218751	-0.26702880859375	0.030517578125	0.457763671875
2.15	-0.03592529296875	-0.09340576171875001	9.6902490234375	-0.1983642578125	-0.00762939453125	0.25177001953125
2.16	-0.076640625	-0.11735595703125	9.7716796875	-0.09918212890625	0.030517578125	0.32806396484375
2.169	-0.03592529296875	-0.11735595703125	9.776469726562501	-0.08392333984375	0.14495849609375	0.396728515625
2.179	-0.07424560546875	-0.11017089843750001	9.716594238281251	-0.18310546875	0.213623046875	0.35858154296875
2.188	-0.02155517578125	-0.1676513671875	9.72617431640625	0.12969970703125	-0.0152587890625	0.5035400390625
2.197	-0.0622705078125	-0.0383203125	9.70701416015625	0.17547607421875	0.0	0.40435791015625
2.206	-0.086220703125	-0.11017089843750001	9.72138427734375	-0.0152587890625	-0.37384033203125	0.244140625
2.215	0.00718505859375	-0.05748046875	9.776469726562501	-0.091552734375	-0.244140625	0.4730224609375
2.225	-0.028740234375	-0.1293310546875	9.76449462890625	0.0762939453125	-0.03814697265625	0.35858154296875
2.234	-0.02155517578125	-0.09101074218750001	9.819580078125	-0.06103515625	0.06866455078125	0.3662109375
2.242	0.01676513671875	-0.076640625	9.79802490234375	0.09918212890625	0.12969970703125	0.3509521484375
2.251	-0.0383203125	-0.07424560546875	9.73096435546875	0.0457763671875	0.152587890625	0.26702880859375
2.26	-0.0335302734375	-0.09340576171875001	9.642348632812501	-0.0762939453125	0.06103515625	0.42724609375
2.269	-0.028740234375	-0.05748046875	9.66390380859375	-0.03814697265625	0.03814697265625	0.3662109375
2.278	-0.03113525390625	-0.09819580078125001	9.75970458984375	-0.05340576171875	-0.2288818359375	0.4119873046875
2.287	-0.055085449218750006	-0.0622705078125	9.72617431640625	-0.12969970703125	-0.35858154296875	0.457763671875
2.297	-0.086220703125	-0.17004638671875	9.608818359375	-0.14495849609375	-0.4425048828125	0.29754638671875
2.307	-0.02155517578125	-0.06466552734375	9.642348632812501	-0.48828125	-0.54168701171875	0.396728515625
2.317	-0.0814306640625	-0.08382568359375	9.78844482421875	-0.274658203125	-0.5035400390625	0.3662109375
2.326	0.026345214843750003	-0.0814306640625	9.77407470703125	-0.1068115234375	-0.1068115234375	0.19073486328125
2.336	-0.0143701171875	-0.143701171875	9.7189892578125	-0.29754638671875	-0.20599365234375	0.52642822265625
2.345	-0.03113525390625	-0.1197509765625	9.71419921875	-0.1983642578125	-0.06866455078125	0.244140625
2.355	-0.05748046875	-0.045505371093750004	9.81	-0.18310546875	-0.030517578125	0.3204345703125
2.364	-0.0383203125	-0.08382568359375	9.7189892578125	0.06103515625	0.12969970703125	0.17547607421875
2.373	-0.0814306640625	-0.086220703125	9.76449462890625	-0.18310546875	-0.0457763671875	0.32806396484375
2.382	0.0	-0.07424560546875	9.7189892578125	-0.20599365234375	-0.06866455078125	0.2288818359375
2.392	-0.08861572265625	-0.06945556640625	9.66390380859375	-0.14495849609375	-0.030517578125	0.274658203125
2.401	-0.050295410156250005	-0.050295410156250005	9.75251953125	-0.152587890625	-0.34332275390625	0.40435791015625
2.411	-0.08861572265625	-0.076640625	9.656718750000001	-0.1373291015625	-0.12969970703125	0.43487548828125
2.42	-0.07424560546875	-0.07903564453125	9.7668896484375	-0.3662109375	-0.25177001953125	0.45013427734375
2.43	-0.045505371093750004	-0.07424560546875	9.685458984375	-0.091552734375	-0.152587890625	0.213623046875
2.44	-0.09340576171875001	-0.12214599609375	9.73096435546875	-0.29754638671875	-0.1983642578125	0.244140625
2.449	-0.067060546875	-0.09340576171875001	9.716594238281251	-0.06866455078125	0.0152587890625	0.274658203125
2.459	-0.076640625	-0.067060546875	9.704619140625	-0.1220703125	-0.09918212890625	0.08392333984375
2.468	-0.045505371093750004	-0.11256591796875001	9.77886474609375	-0.3204345703125	-0.0762939453125	0.57220458984375
2.479	-0.0383203125	-0.1149609375	9.78365478515625	-0.1678466796875	-0.30517578125	0.4730224609375
2.488	-0.03592529296875	-0.067060546875	9.67827392578125	-0.1068115234375	-0.091552734375	0.3814697265625
2.497	-0.0431103515625	-0.10538085937500001	9.6519287109375	-0.1220703125	-0.00762939453125	0.26702880859375
2.506	-0.0431103515625	-0.09340576171875001	9.68306396484375	-0.32806396484375	-0.06866455078125	0.518798828125
2.515	-0.04071533203125	-0.0622705078125	9.72617431640625	-0.06103515625	-0.1373291015625	0.05340576171875
2.526	-0.052690429687500005	-0.1293310546875	9.762099609375001	-0.22125244140625	-0.12969970703125	0.35858154296875
2.534	-0.0383203125	-0.05748046875	9.7381494140625	-0.00762939453125	0.0457763671875	0.32806396484375
2.543	-0.028740234375	-0.076640625	9.754914550781251	-0.0457763671875	-0.0152587890625	0.31280517578125
2.552	-0.0431103515625	-0.09580078125000001	9.72617431640625	-0.08392333984375	0.06103515625	0.23651123046875
2.562	-0.01676513671875	-0.0622705078125	9.7381494140625	0.091552734375	0.0	0.66375732421875
2.57	-0.01676513671875	-0.09580078125000001	9.6519287109375	-0.08392333984375	-0.05340576171875	0.25177001953125
2.58	0.0431103515625	-0.067060546875	9.80281494140625	-0.17547607421875	-0.05340576171875	0.48065185546875
2.589	-0.023950195312500002	-0.0622705078125	9.6902490234375	-0.12969970703125	-0.23651123046875	0.335693359375
2.598	-0.04071533203125	-0.09340576171875001	9.7285693359375	-0.34332275390625	-0.23651123046875	0.41961669921875
2.608	-0.045505371093750004	-0.03592529296875	9.6710888671875	-0.30517578125	-0.16021728515625	0.32806396484375
2.618	-0.0383203125	-0.1149609375	9.71180419921875	-0.32806396484375	-0.35858154296875	0.42724609375
2.627	-0.011975097656250001	-0.09819580078125001	9.747729492187501	-0.22125244140625	-0.335693359375	0.29754638671875
2.636	-0.04071533203125	-0.07903564453125	9.620793457031251	-0.1678466796875	-0.32806396484375	0.3662109375
2.647	-0.076640625	-0.10777587890625001	9.6519287109375	-0.26702880859375	-0.34332275390625	0.23651123046875
2.656	-0.05987548828125	-0.067060546875	9.716594238281251	-0.030517578125	-0.274658203125	0.42724609375
2.666	-0.03113525390625	-0.09819580078125001	9.740544433593751	-0.3509521484375	-0.22125244140625	0.41961669921875
2.675	-0.03113525390625	-0.047900390625000004	9.6902490234375	-0.22125244140625	-0.4425048828125	0.2593994140625
2.685	-0.05987548828125	-0.05987548828125	9.793234863281251	-0.4119873046875	-0.28228759765625	0.26702880859375
2.695	-0.009580078125	-0.0431103515625	9.742939453125	-0.274658203125	0.17547607421875	0.25177001953125
2.704	-0.009580078125	-0.06466552734375	9.66869384765625	-0.09918212890625	0.213623046875	0.29754638671875
2.713	-0.050295410156250005	-0.11735595703125	9.73096435546875	0.0152587890625	0.29754638671875	0.19073486328125
2.721	-0.050295410156250005	-0.086220703125	9.723779296875	0.09918212890625	0.0762939453125	0.46539306640625
2.731	-0.09340576171875001	-0.10777587890625001	9.60642333984375	0.0457763671875	0.0	0.3509521484375
2.74	0.01676513671875	-0.047900390625000004	9.776469726562501	0.091552734375	-0.0762939453125	0.4119873046875
2.748	-0.011975097656250001	-0.1484912109375	9.64474365234375	0.03814697265625	0.00762939453125	0.29754638671875
2.757	0.0	-0.0431103515625	9.71180419921875	-0.1373291015625	-0.06866455078125	0.5035400390625
2.765	-0.03113525390625	-0.1389111328125	9.575288085937501	-0.244140625	0.0762939453125	0.26702880859375
2.776	-0.0814306640625	-0.086220703125	9.695039062500001	-0.02288818359375	0.17547607421875	0.457763671875
2.785	0.03592529296875	-0.047900390625000004	9.72617431640625	-0.03814697265625	0.38909912109375	0.152587890625
2.793	-0.02155517578125	-0.1389111328125	9.72138427734375	0.20599365234375	0.34332275390625	0.38909912109375
2.802	-0.09101074218750001	-0.12214599609375	9.76449462890625	0.08392333984375	0.30517578125	0.3204345703125
2.811	-0.11735595703125	-0.08382568359375	9.66869384765625	0.05340576171875	0.2899169921875	0.1983642578125
2.821	0.009580078125	-0.09101074218750001	9.75012451171875	0.00762939453125	0.4119873046875	0.29754638671875
2.83	-0.07424560546875	-0.086220703125	9.75012451171875	-0.1678466796875	-0.0762939453125	0.46539306640625
2.839	-0.04071533203125	-0.13412109375	9.75012451171875	0.0152587890625	0.152587890625	0.4119873046875
2.848	-0.0622705078125	-0.05987548828125	9.7668896484375	-0.18310546875	0.1068115234375	0.30517578125
2.859	-0.0718505859375	-0.10298583984375001	9.685458984375	-0.17547607421875	-0.091552734375	0.34332275390625
2.868	-0.023950195312500002	-0.08382568359375	9.716594238281251	-0.1983642578125	-0.0762939453125	0.3662109375
2.877	-0.052690429687500005	-0.10777587890625001	9.73096435546875	-0.12969970703125	-0.1068115234375	0.2899169921875
2.887	-0.07903564453125	-0.0718505859375	9.67587890625	-0.152587890625	-0.09918212890625	0.457763671875
2.897	-0.10298583984375001	-0.10777587890625001	9.7668896484375	-0.1678466796875	-0.244140625	0.48065185546875
2.907	-0.0143701171875	-0.08861572265625	9.7573095703125	-0.31280517578125	-0.41961669921875	0.43487548828125
2.916	-0.0383203125	-0.07903564453125	9.67587890625	-0.43487548828125	-0.41961669921875	0.55694580078125
2.926	-0.0431103515625	-0.1197509765625	9.75012451171875	-0.3662109375	-0.41961669921875	0.30517578125
2.935	-0.0431103515625	-0.076640625	9.71180419921875	-0.2288818359375	-0.23651123046875	0.43487548828125
2.946	-0.052690429687500005	-0.143701171875	9.742939453125	-0.26702880859375	-0.3204345703125	0.457763671875
2.955	-0.047900390625000004	-0.09101074218750001	9.73096435546875	-0.2899169921875	-0.17547607421875	0.5645751953125
2.964	-0.00718505859375	-0.076640625	9.7381494140625	-0.1220703125	-0.06103515625	0.30517578125
2.973	-0.04071533203125	-0.11735595703125	9.754914550781251	-0.20599365234375	-0.42724609375	0.12969970703125
2.983	-0.0143701171875	-0.11735595703125	9.79802490234375	-0.3662109375	-0.60272216796875	0.579833984375
2.993	-0.026345214843750003	-0.13412109375	9.75251953125	-0.1678466796875	-0.60272216796875	0.29754638671875
3.003	-0.045505371093750004	-0.11256591796875001	9.762099609375001	-0.1220703125	-0.38909912109375	0.34332275390625
3.012	-0.01916015625	-0.0718505859375	9.73096435546875	-0.1983642578125	-0.16021728515625	0.46539306640625
3.022	-0.0814306640625	-0.1293310546875	9.6998291015625	-0.28228759765625	-0.1678466796875	0.37384033203125
3.032	-0.08382568359375	-0.11017089843750001	9.66869384765625	-0.16021728515625	0.02288818359375	0.518798828125
3.041	0.0143701171875	-0.11017089843750001	9.740544433593751	-0.2288818359375	0.091552734375	0.396728515625
3.05	-0.00718505859375	-0.1149609375	9.687854003906251	-0.06103515625	-0.03814697265625	0.4119873046875
3.059	-0.0431103515625	-0.045505371093750004	9.72617431640625	-0.091552734375	0.29754638671875	0.396728515625
3.067	0.0143701171875	-0.045505371093750004	9.7381494140625	0.00762939453125	0.00762939453125	0.28228759765625
3.076	0.0047900390625	-0.067060546875	9.747729492187501	-0.16021728515625	0.1373291015625	0.2899169921875
3.085	-0.03592529296875	-0.045505371093750004	9.635163574218751	-0.213623046875	-0.00762939453125	0.40435791015625
3.094	-0.0143701171875	-0.055085449218750006	9.67827392578125	-0.05340576171875	0.22125244140625	0.41961669921875
3.103	0.0143701171875	-0.0431103515625	9.635163574218751	-0.05340576171875	0.26702880859375	0.22125244140625
3.111	-0.05987548828125	-0.15088623046875002	9.747729492187501	-0.1220703125	0.75531005859375	0.35858154296875
3.122	-0.09819580078125001	-0.12693603515625002	9.6902490234375	-0.0762939453125	0.3814697265625	0.48828125
3.131	-0.0718505859375	-0.1389111328125	9.65432373046875	-0.00762939453125	0.64849853515625	0.38909912109375
3.14	0.00239501953125	-0.11735595703125	9.5848681640625	-0.1068115234375	0.640869140625	0.274658203125
3.149	-0.05748046875	-0.1676513671875	9.695039062500001	-0.091552734375	0.72479248046875	0.2899169921875
3.159	-0.0431103515625	-0.14609619140625002	9.75970458984375	-0.08392333984375	0.29754638671875	0.46539306640625
3.168	-0.03113525390625	-0.124541015625	9.666298828125	-0.091552734375	0.22125244140625	0.48065185546875
3.177	-0.0718505859375	-0.0814306640625	9.6710888671875	-0.1983642578125	0.335693359375	0.335693359375
3.187	-0.05987548828125	-0.13412109375	9.781259765625	-0.2899169921875	-0.30517578125	0.396728515625
3.197	-0.0622705078125	-0.11256591796875001	9.70701416015625	-0.23651123046875	-0.1983642578125	0.30517578125
3.207	-0.03113525390625	-0.11735595703125	9.81	-0.17547607421875	-0.4730224609375	0.4730224609375
3.217	-0.09580078125000001	-0.09101074218750001	9.793234863281251	-0.17547607421875	-0.396728515625	0.54168701171875
3.226	-0.0335302734375	-0.10777587890625001	9.79083984375	-0.06866455078125	-0.26702880859375	0.6561279296875
3.235	-0.10298583984375001	-0.1293310546875	9.75251953125	-0.02288818359375	-0.3509521484375	0.32806396484375
3.246	-0.0718505859375	-0.1197509765625	9.7381494140625	-0.030517578125	-0.43487548828125	0.25177001953125
3.255	-0.009580078125	-0.143701171875	9.74533447265625	-0.12969970703125	-0.75531005859375	0.08392333984375
3.265	-0.011975097656250001	-0.1149609375	9.75012451171875	-0.11444091796875	-0.84686279296875	0.20599365234375
3.274	-0.0335302734375	-0.01916015625	9.7668896484375	-0.11444091796875	-0.99945068359375	0.3204345703125
3.283	-0.01916015625	-0.086220703125	9.73096435546875	0.12969970703125	-1.89971923828125	0.5645751953125
3.294	-0.07424560546875	-0.09819580078125001	9.673483886718751	-0.0762939453125	-1.40380859375	0.3662109375
3.304	-0.045505371093750004	-0.055085449218750006	9.79802490234375	-0.30517578125	-1.9989013671875	0.3509521484375
3.313	-0.03592529296875	-0.13651611328125002	9.72617431640625	-0.1373291015625	-2.5482177734375	0.46539306640625
3.323	-0.17244140625	-0.11735595703125	9.6615087890625	0.0	-2.72369384765625	0.49591064453125
3.333	-0.0047900390625	-0.124541015625	9.6519287109375	0.274658203125	-1.64794921875	0.518798828125
3.342	0.0431103515625	-0.08861572265625	9.776469726562501	0.29754638671875	-1.5716552734375	0.5035400390625
3.352	-0.067060546875	-0.08382568359375	9.77407470703125	0.1068115234375	-1.373291015625	0.58746337890625
3.361	-0.0383203125	-0.1389111328125	9.66869384765625	0.701904296875	-1.4190673828125	0.7781982421875
3.372	-0.0143701171875	-0.19160156250000002	9.73575439453125	0.640869140625	-1.708984375	0.7781982421875
3.381	-0.0047900390625	-0.23710693359375	9.70701416015625	1.0833740234375	-0.25177001953125	0.98419189453125
3.391	-0.53408935546875	-1.47533203125	9.742939453125	0.00762939453125	-0.274658203125	2.34222412109375
3.401	-0.076640625	-0.737666015625	9.84592529296875	0.579833984375	0.54931640625	2.471923828125
3.411	0.06466552734375	-1.20469482421875	9.38608154296875	2.03704833984375	1.2664794921875	5.3863525390625
3.421	0.13412109375	-0.814306640625	9.762099609375001	0.06103515625	0.32806396484375	4.7454833984375
3.43	0.20357666015625	-0.51732421875	9.716594238281251	0.335693359375	0.8087158203125	5.34820556640625
3.439	0.124541015625	-0.6514453125	9.7860498046875	0.0762939453125	0.60272216796875	5.98907470703125
3.449	0.09819580078125001	-0.6442602539062501	9.769284667968751	-0.1678466796875	0.60272216796875	6.12640380859375
3.46	0.162861328125	-0.8238867187500001	9.702224121093751	0.3204345703125	1.24359130859375	6.64520263671875
3.47	0.1293310546875	-1.063388671875	9.6327685546875	0.18310546875	1.373291015625	8.11004638671875
3.479	0.0335302734375	-1.2549902343750001	9.77886474609375	-0.03814697265625	0.8544921875	9.46807861328125
3.489	-0.011975097656250001	-1.6238232421875	9.776469726562501	0.05340576171875	0.67138671875	9.918212890625
3.5	-0.21315673828125	-1.53999755859375	9.73096435546875	-0.2288818359375	0.20599365234375	8.7127685546875
3.511	-0.15328125	-1.4418017578125	9.86508544921875	-0.9307861328125	-1.190185546875	8.68988037109375
3.521	-0.25147705078125	-0.8813671875000001	9.81718505859375	-0.74005126953125	-1.1444091796875	9.3841552734375
3.532	-0.3305126953125	-0.87897216796875	9.695039062500001	-0.31280517578125	-0.0762939453125	6.378173828125
3.542	-0.11256591796875001	-1.02746337890625	9.66390380859375	0.0	0.518798828125	6.38580322265625
3.552	0.15567626953125	-1.01309326171875	9.83155517578125	-0.55694580078125	0.091552734375	7.08770751953125
3.562	0.29219238281250004	-1.005908203125	9.666298828125	-0.20599365234375	0.1983642578125	8.880615234375
3.571	0.19639160156250002	-1.13284423828125	9.70701416015625	-0.030517578125	0.37384033203125	10.31494140625
3.581	0.0143701171875	-1.542392578125	9.6231884765625	0.0457763671875	0.98419189453125	9.72747802734375
3.591	-0.0335302734375	-1.48730712890625	9.829160156250001	-0.213623046875	0.6256103515625	6.66046142578125
3.601	0.43828857421875	-1.64058837890625	9.836345214843751	-0.152587890625	0.6866455078125	6.66046142578125
3.611	0.18441650390625	-1.6238232421875	9.83155517578125	-0.244140625	1.28173828125	6.103515625
3.62	0.39996826171875	-1.4801220703125	9.63037353515625	-0.31280517578125	0.35858154296875	5.18798828125
3.631	-0.1484912109375	-1.12805419921875	9.8339501953125	0.0	0.1373291015625	2.51007080078125
3.641	-0.10538085937500001	-0.9915380859375	9.7573095703125	-0.18310546875	0.3814697265625	-0.1678466796875
3.65	-0.02155517578125	-1.1352392578125001	9.709409179687501	0.11444091796875	0.74005126953125	0.06866455078125
3.659	0.047900390625000004	-1.0154882812500001	9.723779296875	-0.22125244140625	0.60272216796875	2.471923828125
3.668	0.047900390625000004	-1.063388671875	9.687854003906251	0.1220703125	0.72479248046875	4.1351318359375
3.679	-0.050295410156250005	-1.140029296875	9.8052099609375	-0.25177001953125	0.93841552734375	4.8065185546875
3.689	-0.1484912109375	-1.36755615234375	9.673483886718751	-0.091552734375	1.12152099609375	2.7923583984375
3.699	-0.4167333984375	-1.49209716796875	9.297465820312501	-0.20599365234375	4.7454833984375	0.3662109375
3.709	0.2682421875	-1.41066650390625	9.709409179687501	0.09918212890625	1.13677978515625	-0.70953369140625
3.719	0.890947265625	-1.14242431640625	9.7956298828125	0.03814697265625	2.83050537109375	2.00653076171875
3.73	0.7041357421875001	-1.2765454101562501	9.64474365234375	0.22125244140625	3.35693359375	8.97216796875
3.74	0.67060546875	-1.09931396484375	9.73575439453125	-0.1678466796875	2.3345947265625	15.0909423828125
3.75	0.30895751953125	-1.13763427734375	9.81239501953125	-0.08392333984375	2.2735595703125	17.303466796875
3.761	0.13651611328125002	-1.28373046875	9.81239501953125	-0.06103515625	1.79290771484375	13.99993896484375
3.771	0.30177246093750004	-1.3962963867187501	9.776469726562501	-0.02288818359375	2.2735595703125	7.65228271484375
3.781	0.316142578125	-1.4346166992187501	9.704619140625	0.1983642578125	1.739501953125	7.5531005859375
3.791	0.47900390625	-1.38192626953125	9.814790039062501	0.12969970703125	1.312255859375	8.9263916015625
3.801	0.258662109375	-1.2502001953125002	9.7573095703125	-0.1373291015625	0.55694580078125	12.18414306640625
3.812	-0.052690429687500005	-1.0538085937500001	9.69264404296875	-0.22125244140625	-0.091552734375	11.71112060546875
3.822	-0.19878662109375	-0.8957373046875	9.781259765625	-0.51116943359375	0.30517578125	11.260986328125
3.832	-0.18920654296875	-0.67779052734375	9.769284667968751	-0.61798095703125	0.54168701171875	9.07135009765625
3.843	-0.27063720703125	-0.85502197265625	9.723779296875	-0.55694580078125	0.4730224609375	7.5836181640625
3.853	-0.2682421875	-0.7903564453125	9.6710888671875	-0.29754638671875	0.457763671875	5.5694580078125
3.863	-0.38559814453125	-1.04662353515625	9.67827392578125	-0.22125244140625	-0.11444091796875	1.82342529296875
3.873	-0.2442919921875	-1.08494384765625	9.73575439453125	0.16021728515625	0.335693359375	-4.38690185546875
3.884	-0.12693603515625002	-0.95082275390625	9.709409179687501	-0.66375732421875	-0.5340576171875	-7.75909423828125
3.895	-0.2347119140625	-0.88855224609375	9.742939453125	-0.29754638671875	-0.46539306640625	-13.1072998046875
3.906	-0.25626708984375	-0.8430468750000001	9.71180419921875	-0.17547607421875	-0.55694580078125	-18.5089111328125
3.916	-0.11735595703125	-0.69216064453125	9.78365478515625	0.30517578125	0.4119873046875	-21.484375
3.927	-0.124541015625	-0.6753955078125	9.77886474609375	-0.06103515625	0.3509521484375	-19.75250244140625
3.936	0.00239501953125	-0.87418212890625	9.733359375000001	0.05340576171875	-0.03814697265625	-15.76995849609375
3.947	-0.11017089843750001	-0.99872314453125	9.89382568359375	-0.14495849609375	-0.213623046875	-14.35089111328125
3.957	-0.4981640625	-1.1160791015625	9.627978515625001	-0.30517578125	0.3814697265625	-13.0615234375
3.969	-0.47181884765625004	-1.0538085937500001	9.8483203125	-0.335693359375	0.54931640625	-14.2974853515625
3.979	-0.5029541015625	-0.7041357421875001	9.709409179687501	-0.02288818359375	-0.02288818359375	-20.80535888671875
3.988	-0.335302734375	-0.51492919921875	9.7285693359375	0.0457763671875	0.42724609375	-23.99444580078125
3.999	-0.41433837890625	-0.49097900390625004	9.733359375000001	-0.030517578125	-0.640869140625	-24.55902099609375
4.009	-0.45744873046875	-0.35206787109375004	9.733359375000001	0.4425048828125	-1.4190673828125	-27.58026123046875
4.02	-0.38559814453125	-0.1772314453125	9.72617431640625	0.31280517578125	-0.9002685546875	-26.87835693359375
4.03	-0.48139892578125004	-0.20836669921875	9.7716796875	0.579833984375	0.0457763671875	-27.70233154296875
4.041	-0.3688330078125	-0.49576904296875	9.6710888671875	0.95367431640625	-0.14495849609375	-28.8543701171875
4.051	-0.45265869140625004	-0.41912841796875	9.7956298828125	0.90789794921875	-0.34332275390625	-30.17425537109375
4.062	-0.37122802734375004	-0.39278320312500004	9.80281494140625	0.48828125	0.213623046875	-30.87615966796875
4.072	-0.3879931640625	-0.35206787109375004	9.71419921875	0.38909912109375	0.84686279296875	-29.62493896484375
4.083	-0.06466552734375	0.6873706054687501	9.81718505859375	-0.0762939453125	-5.85174560546875	-14.21356201171875
4.093	-0.55324951171875	-0.11735595703125	9.680668945312501	0.70953369140625	1.24359130859375	-10.96343994140625
4.104	-0.4454736328125	-0.0622705078125	9.73096435546875	-0.02288818359375	0.4425048828125	-10.20050048828125
4.114	-0.49576904296875	-0.19399658203125	9.69264404296875	-0.579833984375	-0.28228759765625	-15.05279541015625
4.124	-0.40236328125000004	0.00239501953125	9.821975097656251	-0.83160400390625	-0.3662109375	-19.87457275390625
4.134	-0.124541015625	-0.067060546875	9.685458984375	-0.45013427734375	-0.3204345703125	-22.8424072265625
4.145	-0.17962646484375	0.30177246093750004	9.881850585937501	-0.2899169921875	0.1373291015625	-20.69854736328125
4.155	-0.30895751953125	0.277822265625	9.65911376953125	-0.0457763671875	-0.70953369140625	-21.87347412109375
4.166	-0.69216064453125	0.38320312500000003	9.65432373046875	-0.2593994140625	-0.48065185546875	-21.43096923828125
4.176	-0.6251000976562501	0.47900390625	9.620793457031251	0.00762939453125	-0.1068115234375	-22.72796630859375
4.186	-0.47660888671875	0.3879931640625	9.740544433593751	0.45013427734375	-0.091552734375	-16.92962646484375
4.197	-0.6035449218750001	0.6514453125	9.695039062500001	0.17547607421875	-0.0762939453125	-11.077880859375
4.207	-0.87897216796875	0.5484594726562501	9.56331298828125	-0.05340576171875	0.03814697265625	-7.78961181640625
4.216	-0.9053173828125001	0.56282958984375	9.75251953125	-0.457763671875	0.396728515625	-6.16455078125
4.228	-0.7256909179687501	0.55324951171875	9.709409179687501	0.3204345703125	1.0528564453125	-8.90350341796875
4.238	-0.6873706054687501	0.44786865234375	9.68306396484375	-0.28228759765625	0.54168701171875	-11.04736328125
4.248	-0.258662109375	0.3784130859375	9.72617431640625	-0.2288818359375	0.9307861328125	-14.15252685546875
4.258	0.38320312500000003	0.7256909179687501	9.857900390625	-0.18310546875	3.204345703125	-14.9078369140625
4.269	-0.11017089843750001	0.536484375	9.781259765625	-0.8544921875	0.83160400390625	-5.4473876953125
4.279	-0.11017089843750001	0.73048095703125	9.7381494140625	-0.31280517578125	0.9613037109375	-7.05718994140625
4.289	0.02155517578125	0.59396484375	9.6998291015625	0.26702880859375	-0.32806396484375	-4.98199462890625
4.298	0.13172607421875002	0.47181884765625004	9.61121337890625	0.64849853515625	-2.1209716796875	-5.72967529296875
4.307	-0.21794677734375	0.30177246093750004	9.793234863281251	0.05340576171875	0.1373291015625	-6.37054443359375
4.318	-0.18920654296875	0.1772314453125	9.709409179687501	0.17547607421875	0.74005126953125	-8.94927978515625
4.328	-0.067060546875	0.3113525390625	9.7860498046875	-0.09918212890625	0.8697509765625	-11.65008544921875
4.338	-0.10777587890625001	0.32811767578125	9.71419921875	-0.244140625	1.07574462890625	-12.42828369140625
4.348	-0.13412109375	0.42152343750000004	9.742939453125	-0.25177001953125	0.946044921875	-11.87896728515625
4.36	-0.10298583984375001	1.2334350585937501	9.76449462890625	-0.46539306640625	1.1444091796875	-12.87841796875
4.37	-0.17483642578125	1.5064672851562502	9.673483886718751	-0.244140625	-0.80108642578125	-19.59991455078125
4.38	0.5412744140625	0.10059082031250001	9.704619140625	1.4495849609375	1.1444091796875	-16.1285400390625
4.39	0.67300048828125	0.30177246093750004	9.673483886718751	1.53350830078125	1.5716552734375	-3.0059814453125
4.4	0.32811767578125	0.5460644531250001	9.742939453125	0.0457763671875	-0.43487548828125	7.24029541015625
4.409	0.09340576171875001	0.6370751953125	9.71419921875	0.091552734375	0.28228759765625	6.5155029296875
4.419	0.067060546875	0.8382568359375	9.800419921875001	-0.26702880859375	0.19073486328125	3.54766845703125
4.428	0.03592529296875	0.8214916992187501	9.656718750000001	0.18310546875	-0.1678466796875	0.20599365234375
4.438	0.162861328125	0.9077124023437501	9.77886474609375	0.18310546875	-0.0152587890625	-3.36456298828125
4.448	-0.01676513671875	1.99265625	9.7716796875	0.52642822265625	0.5950927734375	-8.8653564453125
4.458	0.01916015625	0.71132080078125	9.702224121093751	0.5950927734375	-4.84466552734375	-8.72039794921875
4.467	0.1772314453125	1.8273999023437502	9.800419921875001	0.54168701171875	-0.4730224609375	-14.7857666015625
4.478	0.09340576171875001	1.9782861328125	9.73096435546875	0.51116943359375	-1.18255615234375	-16.90673828125
4.489	-0.03592529296875	2.0166064453125	9.61600341796875	0.35858154296875	-1.45721435546875	-18.157958984375
4.499	-0.20836669921875	2.32556396484375	9.59205322265625	0.45013427734375	-1.2359619140625	-18.5699462890625
4.509	-0.49576904296875	2.6441015625	9.65911376953125	0.48828125	-0.6256103515625	-19.35577392578125
4.52	-0.70174072265625	2.8093579101562502	9.71419921875	0.16021728515625	-0.79345703125	-19.92034912109375
4.531	-0.06945556640625	2.86204833984375	9.82676513671875	-0.14495849609375	3.082275390625	-19.49310302734375
4.541	-0.35206787109375004	3.27399169921875	9.747729492187501	-0.05340576171875	0.3204345703125	-15.7470703125
4.552	-0.73048095703125	3.4679882812500002	9.59205322265625	0.12969970703125	-1.31988525390625	-12.77923583984375
4.563	-0.69695068359375	3.554208984375	9.5944482421875	0.26702880859375	-0.91552734375	-9.185791015625
4.574	-0.737666015625	3.4152978515625003	9.680668945312501	0.14495849609375	-0.7171630859375	-5.2642822265625
4.584	-0.6059399414062501	3.13029052734375	9.747729492187501	-0.05340576171875	-0.6561279296875	-1.51824951171875
4.594	-0.29458740234375	2.45968505859375	9.620793457031251	-0.3509521484375	-1.0986328125	0.66375732421875
4.604	-0.15088623046875002	-0.1293310546875	9.73096435546875	-0.579833984375	-1.50299072265625	0.63323974609375
4.615	-0.055085449218750006	-0.13651611328125002	9.67587890625	-1.06048583984375	-2.37274169921875	0.5340576171875
4.625	-0.050295410156250005	-0.14609619140625002	9.723779296875	-1.3427734375	-3.4332275390625	0.70953369140625
4.634	-0.0431103515625	-0.12214599609375	9.685458984375	-1.16729736328125	-3.05938720703125	0.5035400390625
4.644	-0.0383203125	-0.13172607421875002	9.75251953125	-1.28173828125	-2.84576416015625	0.45013427734375
4.655	-0.09819580078125001	-0.0383203125	9.695039062500001	-1.30462646484375	-3.04412841796875	0.43487548828125
4.665	-0.09580078125000001	-0.15088623046875002	9.75970458984375	-1.312255859375	-3.95965576171875	0.34332275390625
4.676	-0.0814306640625	-0.10059082031250001	9.754914550781251	-1.86920166015625	-6.866455078125	0.1983642578125
4.686	-0.05987548828125	-0.08861572265625	9.656718750000001	-1.5869140625	-7.537841796875	-0.457763671875
4.697	-0.26584716796875	-0.045505371093750004	9.7716796875	-1.18255615234375	-6.84356689453125	-2.62451171875
4.708	-0.39996826171875	0.0383203125	9.72138427734375	-0.52642822265625	-2.9754638671875	-9.4146728515625
4.717	-0.41433837890625	0.0335302734375	9.6519287109375	0.7476806640625	-0.25177001953125	-22.01080322265625
4.727	-0.45026367187500005	0.0718505859375	9.75970458984375	0.823974609375	0.579833984375	-36.1785888671875
4.738	-0.32811767578125	-0.10298583984375001	9.6998291015625	1.59454345703125	2.1209716796875	-48.5076904296875
4.749	-0.6562353515625	0.009580078125	9.72617431640625	1.51824951171875	0.83160400390625	-61.42425537109375
4.759	-0.5700146484375	0.045505371093750004	9.67587890625	2.1514892578125	1.53350830078125	-75.70648193359375
4.769	-0.87418212890625	-0.11735595703125	9.76449462890625	2.01416015625	1.1749267578125	-93.170166015625
4.781	-0.9340576171875	-0.00718505859375	9.73096435546875	2.28118896484375	0.74005126953125	-114.38751220703125
4.791	-0.8837622070312501	-0.06945556640625	9.829160156250001	2.74658203125	0.06103515625	-134.2315673828125
4.802	-0.6514453125	0.055085449218750006	9.649533691406251	2.8533935546875	-0.732421875	-151.9012451171875
4.812	-3.190166015625	0.0335302734375	9.73575439453125	2.13623046875	-2.14385986328125	-187.44659423828125
4.824	-1.025068359375	1.5543676757812501	9.68306396484375	5.08880615234375	0.8544921875	-228.09600830078125
4.835	-1.2334350585937501	-0.17244140625	9.84592529296875	4.85992431640625	-1.52587890625	-250.0
4.847	-0.8214916992187501	-0.2442919921875	9.709409179687501	5.69915771484375	-2.25830078125	-250.0
4.858	-0.9244775390625001	-0.2682421875	9.6519287109375	5.9814453125	-3.33404541015625	-250.0
4.869	-0.22752685546875	0.07903564453125	9.781259765625	6.0272216796875	-2.54058837890625	-250.0
4.88	1.5232324218750002	0.97716796875	9.79083984375	5.340576171875	-1.82342529296875	-250.0
4.891	1.389111328125	0.67779052734375	9.83155517578125	4.547119140625	-3.0670166015625	-250.0
4.902	-0.5604345703125	0.143701171875	9.7860498046875	5.6610107421875	-3.34930419921875	-250.0
4.914	-0.354462890625	-0.12214599609375	9.77407470703125	6.1187744140625	-2.9754638671875	-250.0
4.925	-0.40475830078125	-0.44307861328125003	9.776469726562501	6.11114501953125	-3.37982177734375	-250.0
4.936	5.3983740234375	-5.451064453125	14.798825683593751	20.904541015625	22.8271484375	-250.0
4.947	5.939648437500001	1.1088940429687502	11.07696533203125	2.593994140625	5.615234375	-200.653076171875
4.959	1.9782861328125	1.561552734375	9.9968115234375	1.6021728515625	-4.3792724609375	-121.4141845703125
4.97	-1.3962963867187501	-0.8837622070312501	9.702224121093751	3.88336181640625	-4.18853759765625	-120.0714111328125
4.982	-2.0549267578125	-0.7256909179687501	9.881850585937501	3.0059814453125	-5.5694580078125	-158.4014892578125
4.993	-0.21076171875000002	0.0	9.71419921875	2.9144287109375	-4.69207763671875	-163.76495361328125
5.004	-0.7711962890625	0.28500732421875	9.702224121093751	1.8768310546875	-4.974365234375	-170.166015625
5.015	-0.85023193359375	0.1293310546875	9.702224121093751	2.4871826171875	-7.51495361328125	-174.01123046875
5.026	-0.38320312500000003	0.51971923828125	9.6040283203125	1.800537109375	-10.30731201171875	-172.210693359375
5.038	-1.06578369140625	1.1112890625	9.857900390625	1.18255615234375	-11.3067626953125	-165.82489013671875
5.049	-0.9220825195312501	1.22625	9.65432373046875	0.518798828125	-11.04736328125	-159.73663330078125
5.06	-0.8861572265625001	1.44419677734375	9.649533691406251	0.457763671875	-8.27789306640625	-144.439697265625
5.071	-1.01309326171875	1.33402587890625	9.673483886718751	0.03814697265625	-5.9356689453125	-135.12420654296875
5.083	-1.1879296875	0.3688330078125	9.702224121093751	0.579833984375	-4.1656494140625	-140.0604248046875
5.094	-1.29091552734375	-0.46223876953125004	9.7285693359375	1.62506103515625	-2.90679931640625	-152.33612060546875
5.105	-1.235830078125	-0.6514453125	9.69743408203125	-0.29754638671875	-4.791259765625	-168.80035400390625
5.116	0.0383203125	-0.9436376953125001	9.781259765625	0.42724609375	-7.4615478515625	-193.3746337890625
5.127	-0.16525634765625	-0.277822265625	10.34887939453125	0.579833984375	-4.3182373046875	-205.40618896484375
5.138	0.29219238281250004	-0.06466552734375	10.86380859375	1.25885009765625	-4.2724609375	-197.71575927734375
5.149	1.676513671875	1.0705737304687502	9.71180419921875	-0.48828125	-1.01470947265625	-192.55828857421875
5.159	2.5004003906250003	0.33290771484375004	10.71052734375	0.6561279296875	-5.77545166015625	-170.89080810546875
5.171	2.0932470703125	-0.40475830078125	8.650810546875	3.28826904296875	-7.43865966796875	-169.57855224609375
5.183	3.6068994140625	2.9530590820312503	12.11640380859375	-6.11114501953125	-15.37322998046875	-151.26800537109375
5.193	5.15168701171875	0.45744873046875	9.836345214843751	3.6468505859375	3.0059814453125	-41.0308837890625
5.203	1.9255957031250002	0.10777587890625001	10.164462890625	2.14385986328125	0.091552734375	-27.04620361328125
5.214	1.60226806640625	-0.026345214843750003	9.69264404296875	2.105712890625	0.28228759765625	-13.05389404296875
5.224	0.5053491210937501	-0.46702880859375	9.92256591796875	1.09100341796875	-0.885009765625	-2.838134765625
5.234	-0.11256591796875001	-0.076640625	9.8722705078125	0.80108642578125	-0.3662109375	-2.9449462890625
5.243	0.162861328125	0.13412109375	9.769284667968751	0.05340576171875	-1.31988525390625	-4.0130615234375
5.254	0.6035449218750001	0.42391845703125003	9.71180419921875	0.12969970703125	-0.3814697265625	-3.7384033203125
5.264	0.91250244140625	1.1448193359375	9.68306396484375	0.26702880859375	1.2054443359375	1.60980224609375
5.274	0.7999365234375	0.79275146484375	9.63755859375	1.33514404296875	4.57763671875	5.401611328125
5.283	0.028740234375	0.6825805664062501	9.9010107421875	0.28228759765625	4.76837158203125	4.46319580078125
5.293	0.29458740234375	0.0047900390625	9.915380859375	1.495361328125	7.66754150390625	4.3487548828125
5.303	0.06945556640625	-0.833466796875	10.106982421875001	1.74713134765625	4.96673583984375	6.18743896484375
5.313	0.45026367187500005	-0.6179150390625	9.81	0.43487548828125	6.53076171875	16.3116455078125
5.323	0.83107177734375	-0.6059399414062501	9.793234863281251	-0.0457763671875	5.523681640625	24.97100830078125
5.334	1.09452392578125	-0.5029541015625	10.03752685546875	-0.335693359375	13.60321044921875	32.958984375
5.344	0.7065307617187501	-0.44786865234375	9.8339501953125	-0.60272216796875	5.31005859375	38.61236572265625
5.355	0.6179150390625	-0.19639160156250002	9.9010107421875	-1.01470947265625	8.97216796875	42.56439208984375
5.365	0.25147705078125	-0.023950195312500002	9.75970458984375	-0.84686279296875	4.67681884765625	45.18890380859375
5.376	-0.10298583984375001	0.023950195312500002	9.740544433593751	-1.1749267578125	1.3427734375	48.5992431640625
5.386	-0.10538085937500001	-0.04071533203125	9.75012451171875	-1.1444091796875	1.7852783203125	50.7049560546875
5.396	-0.1197509765625	-0.32572265625	9.79802490234375	-0.5950927734375	1.94549560546875	51.30767822265625
5.407	0.22034179687500002	-0.81191162109375	9.75012451171875	-1.22833251953125	-0.54931640625	56.41937255859375
5.417	0.28740234375	-1.47772705078125	9.77407470703125	-1.41143798828125	-1.21307373046875	61.2335205078125
5.429	-0.20357666015625	-1.791474609375	9.66390380859375	-0.6256103515625	-0.3509521484375	59.906005859375
5.439	-0.48139892578125004	-2.06211181640625	9.8243701171875	-0.42724609375	-0.05340576171875	48.75946044921875
5.449	-0.52929931640625	-1.6908837890625001	9.72617431640625	0.18310546875	-0.42724609375	33.65325927734375
5.459	-0.852626953125	-1.1136840820312501	9.814790039062501	0.02288818359375	1.3885498046875	25.4669189453125
5.47	-0.7640112304687501	-1.2597802734375	9.60642333984375	0.46539306640625	0.17547607421875	17.03643798828125
5.481	-0.9675878906250001	-1.5280224609375002	9.77886474609375	0.518798828125	-0.91552734375	3.07464599609375
5.492	-0.85023193359375	-1.4561718750000001	9.75970458984375	0.9765625	-1.068115234375	-15.90728759765625
5.502	-0.718505859375	-1.28133544921875	9.72617431640625	1.25885009765625	0.43487548828125	-25.1312255859375
5.514	-0.44786865234375	-1.01788330078125	9.79083984375	1.8768310546875	0.81634521484375	-31.73065185546875
5.524	0.22752685546875	-0.5795947265625	9.68306396484375	2.1820068359375	1.5411376953125	-30.0750732421875
5.534	0.8478369140625001	0.1197509765625	9.7189892578125	2.1209716796875	1.71661376953125	-15.98358154296875
5.544	1.10410400390625	-0.57240966796875	9.7716796875	1.48773193359375	1.1444091796875	0.83160400390625
5.556	0.7232958984375001	-0.7711962890625	9.814790039062501	1.12152099609375	1.28173828125	12.8326416015625
5.566	0.22273681640625	-1.65974853515625	9.67827392578125	0.7476806640625	1.2664794921875	19.67620849609375
5.576	-0.27063720703125	-2.0261865234375	9.84592529296875	0.335693359375	1.10626220703125	17.02880859375
5.586	-0.536484375	-1.5328125000000001	9.81239501953125	0.31280517578125	1.8463134765625	16.357421875
5.597	-0.613125	-0.9244775390625001	9.702224121093751	0.2899169921875	1.25885009765625	20.1416015625
5.608	-0.7280859375000001	-0.9220825195312501	9.687854003906251	0.06866455078125	1.04522705078125	20.9808349609375
5.618	-0.7065307617187501	-0.33290771484375004	9.57289306640625	0.40435791015625	1.33514404296875	17.26531982421875
5.628	-0.89334228515625	-0.63947021484375	9.7381494140625	0.5645751953125	1.47247314453125	5.27191162109375
5.639	-0.25626708984375	-1.082548828125	9.68306396484375	1.35040283203125	1.36566162109375	-7.49969482421875
5.65	0.10777587890625001	-0.7520361328125	9.656718750000001	1.1749267578125	1.3275146484375	-14.62554931640625
5.66	0.5843847656250001	-0.09819580078125001	9.857900390625	1.495361328125	2.13623046875	-20.97320556640625
5.671	0.83586181640625	-0.9723779296875	9.814790039062501	1.83868408203125	2.83050537109375	-25.21514892578125
5.682	0.64905029296875	-0.96998291015625	9.8626904296875	0.93841552734375	1.57928466796875	-15.11383056640625
5.692	0.01676513671875	-1.2214599609375	9.97525634765625	0.8087158203125	3.70025634765625	-20.89691162109375
5.703	-0.7855664062500001	-0.29458740234375	9.77407470703125	0.95367431640625	3.50189208984375	-29.60205078125
5.714	-0.79275146484375	-0.15567626953125	9.821975097656251	1.24359130859375	3.62396240234375	-36.1175537109375
5.725	-0.3592529296875	0.32332763671875003	9.709409179687501	2.35748291015625	2.9296875	-40.99273681640625
5.735	-0.26584716796875	0.5125341796875	9.76449462890625	3.1280517578125	3.72314453125	-42.45758056640625
5.745	0.44307861328125003	-0.162861328125	9.838740234375	2.5787353515625	3.79180908203125	-43.27392578125
5.756	0.5125341796875	-0.7711962890625	9.723779296875	1.89208984375	2.7923583984375	-39.72625732421875
5.767	0.40475830078125	-1.81302978515625	9.680668945312501	0.9765625	0.46539306640625	-39.51263427734375
5.777	0.890947265625	-1.5184423828125	9.54415283203125	1.8463134765625	1.6021728515625	-30.4412841796875
5.788	0.718505859375	-1.063388671875	9.6902490234375	0.8087158203125	-0.1220703125	-14.45770263671875
5.798	0.08861572265625	-0.47660888671875	9.63755859375	-0.54168701171875	-1.3275146484375	2.46429443359375
5.809	0.086220703125	-0.23710693359375	9.762099609375001	-1.03759765625	-0.823974609375	13.7939453125
5.819	-0.04071533203125	-0.622705078125	9.81718505859375	-0.1220703125	1.861572265625	26.336669921875
5.829	0.2682421875	-0.33769775390625	9.83155517578125	-1.22833251953125	0.09918212890625	36.49139404296875
5.84	0.11735595703125	-0.06945556640625	9.80281494140625	-1.28173828125	-0.08392333984375	45.26519775390625
5.851	0.0718505859375	0.124541015625	9.55852294921875	-1.94549560546875	-2.9144287109375	49.43084716796875
5.861	-0.10777587890625001	0.30177246093750004	9.608818359375	-2.38037109375	-4.70733642578125	47.69134521484375
5.872	-0.4646337890625	-0.08382568359375	9.776469726562501	-2.40325927734375	-5.27191162109375	46.844482421875
5.883	-1.2789404296875	0.9723779296875	9.029223632812501	-2.69317626953125	-8.11767578125	34.56878662109375
5.894	0.11017089843750001	-0.04071533203125	9.762099609375001	-1.68609619140625	-4.09698486328125	24.1241455078125
5.905	0.26105712890625	-1.063388671875	9.807604980468751	-1.7242431640625	-0.49591064453125	25.4058837890625
5.915	-0.086220703125	-1.3555810546875	9.70701416015625	-1.617431640625	-0.11444091796875	33.5693359375
5.926	-0.07903564453125	-1.2214599609375	9.647138671875	-1.24359130859375	-0.274658203125	42.97637939453125
5.938	-0.20357666015625	-1.09452392578125	9.68306396484375	-1.5106201171875	1.2054443359375	50.35400390625
5.947	0.00718505859375	-0.910107421875	9.6710888671875	-0.64849853515625	1.62506103515625	54.50439453125
5.958	-0.21794677734375	0.64905029296875	9.8435302734375	-1.79290771484375	0.823974609375	60.455322265625
5.968	0.59635986328125	1.3100756835937502	9.75970458984375	-2.99835205078125	-0.640869140625	60.98175048828125
5.979	1.4561718750000001	1.0921289062500001	9.742939453125	-3.36456298828125	0.09918212890625	61.981201171875
5.99	1.5088623046875	0.9412426757812501	9.80281494140625	-3.02886962890625	-0.3204345703125	57.464599609375
6.0	1.57352783203125	0.8574169921875	9.81239501953125	-2.3956298828125	-1.007080078125	43.3197021484375
6.011	1.18553466796875	0.5700146484375	9.740544433593751	-1.251220703125	-1.93023681640625	21.27838134765625
6.022	0.41912841796875	0.028740234375	9.74533447265625	-0.9002685546875	-2.11334228515625	-2.410888671875
6.031	-0.09101074218750001	0.00718505859375	9.723779296875	0.06103515625	-2.62451171875	-20.04241943359375
6.042	-0.61552001953125	0.9604028320312501	9.647138671875	0.54168701171875	-1.556396484375	-31.91375732421875
6.052	-0.5843847656250001	1.3364208984375001	9.723779296875	0.28228759765625	-0.2593994140625	-32.99713134765625
6.063	-0.63468017578125	1.1088940429687502	9.649533691406251	-0.02288818359375	-0.4119873046875	-27.99224853515625
6.074	-0.42152343750000004	1.1136840820312501	9.79083984375	-0.2288818359375	-0.89263916015625	-24.80316162109375
6.084	-0.009580078125	1.25738525390625	9.81239501953125	-0.25177001953125	-0.61798095703125	-21.65985107421875
6.095	-0.19878662109375	0.795146484375	9.781259765625	-0.3509521484375	-0.7476806640625	-20.782470703125
6.106	-0.076640625	-0.22273681640625	9.642348632812501	-0.6103515625	-1.83868408203125	-24.80316162109375
6.116	0.10777587890625001	-0.30416748046875003	9.742939453125	-0.3814697265625	-0.05340576171875	-30.00640869140625
6.126	0.18441650390625	-0.60114990234375	9.85550537109375	-0.67901611328125	0.4425048828125	-31.22711181640625
6.137	-0.23710693359375	-0.85981201171875	9.747729492187501	-0.274658203125	0.63323974609375	-30.35736083984375
6.148	0.22034179687500002	-0.680185546875	9.666298828125	-0.38909912109375	0.6103515625	-26.947021484375
6.159	-0.7831713867187501	-0.488583984375	9.74533447265625	-0.640869140625	4.49371337890625	-28.4576416015625
6.17	-1.2717553710937501	-1.16637451171875	10.0638720703125	-0.8087158203125	7.82012939453125	-22.98736572265625
6.181	-0.948427734375	-1.4322216796875	9.53936279296875	0.579833984375	2.8533935546875	-11.23809814453125
6.192	-1.04662353515625	-0.5029541015625	9.73575439453125	1.52587890625	1.41143798828125	-4.81414794921875
6.202	-0.5891748046875	-0.8646020507812501	9.68306396484375	1.07574462890625	0.030517578125	-0.1983642578125
6.212	-0.40954833984375	-0.49097900390625004	9.769284667968751	1.5411376953125	-0.3509521484375	-2.31170654296875
6.221	0.18441650390625	0.11735595703125	9.6231884765625	1.3885498046875	0.54931640625	-6.3934326171875
6.232	-0.08861572265625	0.05748046875	9.5465478515625	2.2735595703125	1.5869140625	-8.7738037109375
6.242	0.21315673828125	-0.076640625	9.6615087890625	3.997802734375	0.518798828125	-8.36181640625
6.252	0.239501953125	0.40954833984375	9.635163574218751	4.06646728515625	-0.457763671875	-6.50787353515625
6.262	0.44786865234375	0.39517822265625	9.7189892578125	3.41033935546875	-1.8463134765625	-6.38580322265625
6.273	0.7448510742187501	0.45026367187500005	9.64474365234375	3.2501220703125	-2.00653076171875	-9.91058349609375
6.284	0.75443115234375	0.83107177734375	9.754914550781251	3.07464599609375	-2.62451171875	-15.61737060546875
6.294	0.9604028320312501	2.07169189453125	9.61121337890625	3.79180908203125	-3.79180908203125	-16.8914794921875
6.305	1.68848876953125	1.2334350585937501	9.7189892578125	2.5482177734375	-2.44140625	-12.22991943359375
6.317	0.7831713867187501	0.8382568359375	9.74533447265625	2.31170654296875	-4.43267822265625	-12.07733154296875
6.327	0.3305126953125	1.0585986328125	9.84592529296875	2.75421142578125	-5.79833984375	-16.19720458984375
6.338	-0.29458740234375	1.44419677734375	9.608818359375	3.0364990234375	-5.16510009765625	-22.2930908203125
6.349	-0.85502197265625	1.2502001953125002	9.680668945312501	3.50189208984375	-5.08880615234375	-29.8614501953125
6.361	-1.1160791015625	1.6094531250000002	9.7285693359375	2.67791748046875	-3.39508056640625	-34.87396240234375
6.372	-1.082548828125	1.7387841796875	9.59923828125	2.38800048828125	-2.4261474609375	-32.2113037109375
6.382	-0.6873706054687501	2.4932153320312502	9.64474365234375	2.1820068359375	-0.1068115234375	-22.92633056640625
6.393	-0.49337402343750003	2.62494140625	9.83155517578125	0.78582763671875	1.0528564453125	-11.993408203125
6.403	-0.3879931640625	3.5446289062500003	9.7189892578125	0.66375732421875	1.57928466796875	5.22613525390625
6.413	-0.33290771484375004	3.6452197265625004	9.513017578125	0.0	2.3651123046875	18.48602294921875
6.423	-0.641865234375	3.190166015625	9.6519287109375	0.11444091796875	1.73187255859375	21.91925048828125
6.433	0.3305126953125	3.3218920898437503	9.642348632812501	0.396728515625	2.29644775390625	13.86260986328125
6.443	0.052690429687500005	2.2106030273437502	9.8243701171875	-0.31280517578125	1.54876708984375	1.94549560546875
6.453	-0.01676513671875	-0.023950195312500002	9.61600341796875	-0.4425048828125	-2.2430419921875	0.58746337890625
6.462	0.24189697265625001	0.0335302734375	9.762099609375001	-1.04522705078125	-2.4566650390625	0.0457763671875
6.472	0.10538085937500001	-0.0047900390625	9.7189892578125	-1.51824951171875	-2.960205078125	-0.87738037109375
6.482	0.19160156250000002	-0.0143701171875	9.867480468750001	-1.373291015625	-0.84686279296875	-1.83868408203125
6.493	0.26584716796875	-0.17962646484375	9.96567626953125	-2.288818359375	-1.220703125	-0.92315673828125
6.502	0.5676196289062501	-0.0383203125	9.76449462890625	-1.33514404296875	6.9427490234375	0.0457763671875
6.512	0.21794677734375	-0.00239501953125	9.69743408203125	-2.25830078125	11.31439208984375	0.84686279296875
6.521	0.2347119140625	0.00239501953125	9.9680712890625	-3.2806396484375	16.2353515625	2.61688232421875
6.533	1.7866845703125	-1.4298266601562502	9.83155517578125	-5.5389404296875	14.34326171875	25.01678466796875
6.544	1.868115234375	-1.2885205078125002	9.77407470703125	-7.3699951171875	2.23541259765625	72.7081298828125
6.555	1.0753637695312501	-0.30895751953125	10.70334228515625	-15.37322998046875	-2.78472900390625	90.27862548828125
6.566	0.5460644531250001	-0.28500732421875	12.37985595703125	-36.6668701171875	13.1072998046875	93.07861328125
6.578	-0.9077124023437501	-0.57240966796875	13.175002441406251	-58.5479736328125	43.60198974609375	66.89453125
6.59	-1.89685546875	-0.56282958984375	13.92703857421875	-95.51239013671875	52.66571044921875	24.87945556640625
6.601	-1.312470703125	-0.9460327148437501	13.330678710937502	-121.3226318359375	57.38067626953125	-6.44683837890625
6.614	-1.1951147460937501	-0.9436376953125001	13.0049560546875	-143.53179931640625	56.2286376953125	-22.64404296875
6.626	-1.3364208984375001	-1.1256591796875	12.1810693359375	-172.9583740234375	53.76434326171875	-35.65216064453125
6.638	-1.68369873046875	-0.9244775390625001	11.0745703125	-201.22528076171875	58.75396728515625	-39.25323486328125
6.65	-0.59156982421875	-2.0142114257812502	10.45426025390625	-202.392578125	84.81597900390625	-40.21453857421875
6.663	-0.6562353515625	-4.531376953125	8.356223144531251	-187.8509521484375	96.50421142578125	-35.82000732421875
6.675	-0.53408935546875	-4.57927734375	7.735913085937501	-160.369873046875	98.32000732421875	-16.78466796875
6.686	-0.052690429687500005	-4.033212890625	8.205336914062501	-153.1829833984375	95.78704833984375	4.82940673828125
6.699	-0.795146484375	-3.5637890625	8.765771484375	-165.36712646484375	82.40509033203125	18.36395263671875
6.711	-1.45377685546875	-4.43318115234375	9.776469726562501	-183.93707275390625	66.20025634765625	28.13720703125
6.723	-1.4322216796875	-4.9433203125	10.21475830078125	-195.18280029296875	57.952880859375	28.8848876953125
6.734	-1.44419677734375	-4.25115966796875	10.56922119140625	-200.2410888671875	43.47991943359375	30.34210205078125
6.747	-1.60226806640625	-4.6607080078125005	10.4853955078125	-207.45086669921875	34.2254638671875	32.440185546875
6.759	-1.6310083007812501	-5.566025390625001	9.704619140625	-200.8209228515625	35.46142578125	39.215087890625
6.77	-1.0298583984375	-5.932463378906251	8.27000244140625	-188.6138916015625	23.6053466796875	36.14044189453125
6.781	-0.5676196289062501	-5.66422119140625	7.137158203125001	-189.72015380859375	7.32421875	36.2548828125
6.795	-1.0370434570312501	-6.025869140625001	6.0210791015625	-195.9686279296875	-19.9127197265625	31.6925048828125
6.807	-0.63468017578125	-6.138435058593751	7.4006103515625	-208.59527587890625	-31.6162109375	27.09197998046875
6.819	-2.3207739257812503	-5.07744140625	8.29395263671875	-215.98052978515625	-31.280517578125	25.3143310546875
6.832	-2.9698242187500004	-4.9097900390625	9.13699951171875	-211.17401123046875	-37.86468505859375	26.6265869140625
6.844	-2.30161376953125	-5.90851318359375	8.34185302734375	-209.06829833984375	-23.3001708984375	13.51165771484375
6.856	-2.71834716796875	-6.272556152343751	5.49177978515625	-212.24212646484375	-18.01300048828125	-9.368896484375
6.868	-1.5447875976562502	-6.0043139648437505	3.36021240234375	-207.977294921875	-36.3922119140625	-25.24566650390625
6.881	-1.101708984375	-4.77327392578125	4.071533203125	-195.48797607421875	-41.26739501953125	-14.22119140625
6.893	-1.5328125000000001	-4.93134521484375	4.66310302734375	-179.63409423828125	-31.99005126953125	-4.2572021484375
6.905	-2.0070263671875	-4.703818359375	4.6894482421875	-156.53228759765625	-25.26092529296875	-7.7056884765625
6.917	-1.30049560546875	-5.5253100585937505	4.136198730468751	-142.730712890625	-14.56451416015625	-6.378173828125
6.929	-1.09452392578125	-6.5000830078125	3.343447265625	-133.84246826171875	-23.00262451171875	-11.16180419921875
6.942	-1.02746337890625	-6.770720214843751	2.5698559570312502	-122.55096435546875	-49.4384765625	-28.228759765625
6.955	-1.4992822265625	-6.0881396484375	3.30752197265625	-109.12322998046875	-68.78662109375	-39.66522216796875
6.967	-2.22018310546875	-7.3718701171875	3.2189062500000003	-91.83502197265625	-76.74407958984375	-42.816162109375
6.979	-2.6297314453125002	-7.922724609375001	3.6739599609375	-67.2149658203125	-71.044921875	-27.0233154296875
6.991	-3.12071044921875	-8.98850830078125	3.7170703125	-49.50714111328125	-58.40301513671875	-15.68603515625
7.004	-2.9099487304687504	-9.3070458984375	4.15056884765625	-45.745849609375	-42.97637939453125	-5.91278076171875
7.015	-2.94347900390625	-9.433981933593751	3.7506005859375002	-49.43084716796875	-29.6478271484375	1.42669677734375
7.027	-2.5866210937500003	-9.48667236328125	3.65958984375	-55.27496337890625	-15.716552734375	-1.8157958984375
7.04	-1.96631103515625	-9.61121337890625	3.2117211914062502	-53.070068359375	-5.51605224609375	-11.810302734375
7.051	-1.70525390625	-9.6183984375	3.1494506835937504	-46.630859375	-4.00543212890625	-14.7552490234375
7.063	-1.40108642578125	-10.873388671875	2.9530590820312503	-38.4368896484375	-5.47027587890625	-8.819580078125
7.074	-1.4250366210937502	-11.4050830078125	2.67523681640625	-33.3099365234375	-6.7138671875	2.15911865234375
7.086	-1.791474609375	-11.8409765625	2.5004003906250003	-39.14642333984375	-2.79998779296875	4.84466552734375
7.097	-1.80823974609375	-12.17388427734375	2.6393115234375	-49.8199462890625	4.89044189453125	3.53240966796875
7.108	-1.829794921875	-12.20501953125	3.1422656250000003	-63.9495849609375	10.528564453125	1.220703125
7.12	-1.66693359375	-12.482841796875	3.2141162109375	-72.998046875	11.60430908203125	-1.1444091796875
7.132	-1.3148657226562501	-12.6409130859375	3.4679882812500002	-74.6612548828125	9.918212890625	0.23651123046875
7.143	-1.21906494140625	-12.83490966796875	3.3003369140625	-68.54248046875	1.62506103515625	5.66864013671875
7.154	-1.274150390625	-12.837304687500001	3.1422656250000003	-57.9986572265625	-10.97869873046875	13.69476318359375
7.166	-1.00351318359375	-13.2827783203125	2.787802734375	-51.6815185546875	-24.92523193359375	19.34814453125
7.179	-0.9532177734375	-13.33786376953125	2.519560546875	-42.38128662109375	-40.04669189453125	32.32574462890625
7.19	-1.2406201171875	-13.172607421875	2.4501049804687502	-27.70233154296875	-53.4820556640625	48.675537109375
7.202	-1.8154248046875001	-12.643308105468751	3.20693115234375	-16.2353515625	-62.09564208984375	57.97576904296875
7.215	-2.059716796875	-12.339140625	3.70988525390625	-9.17816162109375	-58.9752197265625	54.0618896484375
7.226	-2.0980371093750003	-12.444521484375	3.66677490234375	-8.64410400390625	-48.56109619140625	32.23419189453125
7.238	-1.9543359375	-12.1810693359375	2.93868896484375	-12.04681396484375	-38.91754150390625	8.38470458984375
7.25	-1.44419677734375	-11.9511474609375	2.70876708984375	-17.43316650390625	-33.935546875	-9.4451904296875
7.263	-1.1927197265625	-12.006232910156251	2.4381298828125	-20.02716064453125	-28.74755859375	-20.4620361328125
7.275	-1.197509765625	-11.529624023437501	2.61775634765625	-20.904541015625	-30.87615966796875	-24.45220947265625
7.287	-1.43701171875	-11.38831787109375	2.6872119140625	-23.4527587890625	-29.3121337890625	-26.39007568359375
7.3	-1.48251708984375	-11.5487841796875	2.462080078125	-21.05712890625	-22.91107177734375	-33.80584716796875
7.312	-1.3915063476562501	-11.536809082031251	2.08845703125	-19.63043212890625	-13.74053955078125	-37.567138671875
7.323	-1.4705419921875	-11.773916015625	1.43940673828125	-25.7415771484375	-3.997802734375	-41.229248046875
7.335	-1.37953125	-11.50806884765625	0.8574169921875	-34.6527099609375	1.861572265625	-49.78179931640625
7.347	-1.16637451171875	-11.0889404296875	0.64905029296875	-45.31097412109375	-2.1209716796875	-58.05206298828125
7.359	-1.10410400390625	-10.87578369140625	0.8430468750000001	-54.86297607421875	-5.51605224609375	-59.85260009765625
7.371	-0.9723779296875	-10.787167968750001	1.312470703125	-63.1103515625	-6.21795654296875	-56.732177734375
7.383	-1.2286450195312502	-10.605146484375	0.9675878906250001	-66.95556640625	-1.9073486328125	-55.91583251953125
7.395	-1.13284423828125	-10.91889404296875	0.98914306640625	-69.63348388671875	5.157470703125	-60.09674072265625
7.406	-1.5711328125000001	-10.7536376953125	0.35206787109375004	-68.939208984375	14.801025390625	-65.45257568359375
7.418	-1.6262182617187502	-10.5907763671875	0.18920654296875	-68.7713623046875	12.26806640625	-68.3441162109375
7.43	-1.72680908203125	-10.49258056640625	-0.354462890625	-65.17791748046875	5.19561767578125	-59.0057373046875
7.442	-1.24301513671875	-10.86620361328125	-0.076640625	-52.032470703125	-3.082275390625	-38.818359375
7.454	-1.753154296875	-10.1405126953125	0.13172607421875002	-40.9393310546875	-14.19830322265625	-24.20806884765625
7.465	-0.488583984375	-10.145302734375	0.77359130859375	-35.0189208984375	-21.56829833984375	-15.86151123046875
7.478	-0.40236328125000004	-10.31055908203125	0.42391845703125003	-17.8375244140625	-31.54754638671875	-10.80322265625
7.489	0.83586181640625	-10.765612792968751	1.01788330078125	-6.44683837890625	-34.1949462890625	-10.1165771484375
7.5	0.316142578125	-11.08175537109375	-0.21794677734375	2.35748291015625	-39.40582275390625	-23.8494873046875
7.512	0.3688330078125	-10.899733886718751	-0.59396484375	4.52423095703125	-61.37847900390625	-36.468505859375
7.523	0.34248779296875004	-11.14881591796875	-0.8262817382812501	-3.021240234375	-54.3975830078125	-44.7845458984375
7.535	0.41194335937500004	-10.24349853515625	0.21076171875000002	-10.81085205078125	-22.3846435546875	-49.62921142578125
7.545	0.32572265625	-10.67220703125	0.56282958984375	-31.219482421875	0.7476806640625	-56.66351318359375
7.557	-0.38559814453125	-9.85071533203125	-0.5053491210937501	-32.85980224609375	6.103515625	-56.243896484375
7.568	0.28500732421875	-9.4220068359375	0.5604345703125	-40.6036376953125	2.4261474609375	-42.6483154296875
7.579	0.8023315429687501	-8.78732666015625	0.06945556640625	-49.73602294921875	7.537841796875	-25.3448486328125
7.59	2.6776318359375	-9.97046630859375	-1.3555810546875	-36.224365234375	30.76934814453125	-5.37109375
7.602	1.5878979492187502	-8.71787109375	-0.29937744140625	-27.2369384765625	63.3087158203125	15.7470703125
7.614	1.0154882812500001	-9.022038574218751	-1.24541015625	-12.26043701171875	64.453125	28.4271240234375
7.625	0.7807763671875	-9.5561279296875	-0.75443115234375	-0.64849853515625	47.149658203125	26.83258056640625
7.636	0.8023315429687501	-9.21843017578125	-0.7664062500000001	6.866455078125	27.24456787109375	14.86968994140625
7.647	0.5891748046875	-9.1825048828125	-0.7256909179687501	10.711669921875	15.655517578125	4.8065185546875
7.658	-0.5843847656250001	-9.41482177734375	-0.3065625	9.94110107421875	8.75091552734375	-3.143310546875
7.668	-0.25147705078125	-9.034013671875	0.13412109375	-0.1983642578125	28.6102294921875	0.8087158203125
7.68	-0.2442919921875	-8.871152343750001	0.51971923828125	-11.199951171875	54.4281005859375	12.63427734375
7.691	0.51971923828125	-8.650810546875	0.15567626953125	-20.7366943359375	69.78607177734375	30.364990234375
7.702	0.42870849609375	-8.45681396484375	0.07424560546875	-22.74322509765625	70.9228515625	49.072265625
7.712	0.32332763671875003	-9.120234375	-0.55803955078125	-16.67022705078125	58.69293212890625	60.6842041015625
7.724	0.13412109375	-10.32013916015625	-0.9651928710937501	-2.655029296875	46.295166015625	69.98443603515625
7.736	-0.36643798828125	-10.09021728515625	-0.9196875	17.14324951171875	26.05438232421875	72.70050048828125
7.747	-0.42870849609375	-9.9393310546875	-0.7424560546875001	38.85650634765625	9.7808837890625	69.06890869140625
7.758	-0.6945556640625	-9.4124267578125	-0.54366943359375	51.73492431640625	3.50189208984375	61.97357177734375
7.769	-0.71132080078125	-9.402846679687501	0.00239501953125	53.13873291015625	-1.0528564453125	55.4046630859375
7.78	-0.43349853515625003	-9.35255126953125	0.60114990234375	47.63031005859375	1.2359619140625	48.92730712890625
7.79	-0.38320312500000003	-9.49625244140625	0.42391845703125003	32.6690673828125	11.60430908203125	44.3267822265625
7.801	0.48618896484375	-9.754914550781251	0.61552001953125	26.35955810546875	3.2196044921875	61.51580810546875
7.812	0.27063720703125	-9.022038574218751	0.18681152343750002	14.22119140625	4.44793701171875	70.64056396484375
7.823	0.20836669921875	-9.5273876953125	-0.47900390625	10.9100341796875	-6.4697265625	61.126708984375
7.834	-0.26105712890625	-10.121352539062501	-0.689765625	21.93450927734375	-9.82666015625	40.84014892578125
7.846	-0.67060546875	-9.97046630859375	-1.0921289062500001	44.88372802734375	-14.7552490234375	10.91766357421875
7.857	0.050295410156250005	-8.5454296875	-0.17483642578125	59.2041015625	-3.9215087890625	-12.85552978515625
7.868	0.23231689453125	-8.018525390625001	-0.11256591796875001	63.42315673828125	2.14385986328125	-27.740478515625
7.879	-0.45984375	-7.94427978515625	0.30895751953125	59.24224853515625	7.2174072265625	-30.5938720703125
7.89	-0.75443115234375	-7.37905517578125	0.42870849609375	51.12457275390625	5.8441162109375	-31.21185302734375
7.902	-1.0921289062500001	-7.477250976562501	0.31374755859375003	42.68646240234375	16.01409912109375	-25.909423828125
7.913	-0.91250244140625	-7.51078125	0.15567626953125	40.38238525390625	18.402099609375	-15.75469970703125
7.924	-1.13284423828125	-7.635322265625001	0.57719970703125	38.9404296875	21.9268798828125	1.33514404296875
7.936	-0.47181884765625004	-7.589816894531251	1.13763427734375	32.257080078125	28.45001220703125	19.95849609375
7.946	-0.19878662109375	-7.4580908203125	1.3962963867187501	25.6195068359375	24.07073974609375	34.46197509765625
7.957	0.0047900390625	-7.81015869140625	0.99393310546875	26.26800537109375	19.29473876953125	35.33172607421875
7.968	-0.239501953125	-8.0999560546875	0.7065307617187501	33.3709716796875	19.34814453125	28.0303955078125
7.979	-0.7807763671875	-8.7705615234375	0.32332763671875003	41.7938232421875	22.77374267578125	14.617919921875
7.99	-0.9077124023437501	-8.483159179687501	1.3747412109375001	38.71917724609375	35.45379638671875	6.99615478515625
8.001	-0.45744873046875	-8.353828125	1.944755859375	27.2064208984375	37.19329833984375	6.62994384765625
8.012	-0.25626708984375	-7.994575195312501	2.2106030273437502	16.88385009765625	37.78076171875	9.60540771484375
8.024	0.20357666015625	-8.152646484375001	1.59029296875	16.29638671875	35.78948974609375	12.58087158203125
8.034	-0.045505371093750004	-8.33466796875	1.01309326171875	23.61297607421875	31.62384033203125	7.8125
8.045	-0.3592529296875	-8.8663623046875	0.5748046875	36.8804931640625	35.49957275390625	1.03759765625
8.056	-0.39996826171875	-8.72505615234375	0.85981201171875	45.00579833984375	28.13720703125	-1.45721435546875
8.068	-0.67060546875	-8.6651806640625	1.50167724609375	42.68646240234375	19.5159912109375	-2.7008056640625
8.079	-0.67779052734375	-8.123906250000001	2.24892333984375	30.9906005859375	17.93670654296875	-3.7078857421875
8.09	-0.32572265625	-8.1095361328125	1.7842895507812502	24.90997314453125	12.0086669921875	-3.6468505859375
8.101	-0.37601806640625	-8.34185302734375	1.1567944335937501	29.79278564453125	5.76019287109375	-6.37054443359375
8.113	-0.6179150390625	-8.53345458984375	1.1136840820312501	34.04998779296875	9.20867919921875	-9.429931640625
8.124	-0.6059399414062501	-8.497529296875001	1.72680908203125	28.1982421875	16.9219970703125	-6.3323974609375
8.135	-0.23710693359375	-8.06642578125	2.4285498046875	13.4735107421875	16.4947509765625	0.2288818359375
8.145	-0.162861328125	-8.29395263671875	2.2537133789062502	5.21087646484375	17.5933837890625	4.2724609375
8.157	-0.30177246093750004	-8.24605224609375	1.60705810546875	8.5296630859375	11.7950439453125	9.30023193359375
8.168	-0.5125341796875	-8.344248046875	1.47772705078125	16.2200927734375	6.61468505859375	13.458251953125
8.178	-0.32811767578125	-8.0807958984375	1.52083740234375	19.99664306640625	-1.8310546875	25.68817138671875
8.19	-0.8861572265625001	-8.7035009765625	2.04295166015625	10.23101806640625	-13.32855224609375	36.01837158203125
8.202	-0.67779052734375	-9.022038574218751	2.768642578125	-7.62176513671875	-10.73455810546875	45.09735107421875
8.213	-0.39038818359375	-8.861572265625	2.74229736328125	-19.56939697265625	-7.476806640625	44.73876953125
8.225	-0.70174072265625	-9.0483837890625	2.39262451171875	-21.27838134765625	-13.214111328125	40.50445556640625
8.238	-0.6442602539062501	-9.4603271484375	1.88009033203125	-10.711669921875	-7.48443603515625	34.47723388671875
8.248	-1.3460009765625	-9.580078125	1.4849121093750002	0.11444091796875	0.46539306640625	24.444580078125
8.259	-1.561552734375	-9.52020263671875	1.80344970703125	4.6539306640625	8.2550048828125	15.35797119140625
8.269	-1.71722900390625	-9.36931640625	2.4668701171875003	3.265380859375	22.125244140625	5.05828857421875
8.281	-1.868115234375	-9.54415283203125	2.4285498046875	0.335693359375	32.20367431640625	-3.60107421875
8.292	-1.5184423828125	-9.448352050781251	2.38783447265625	-1.62506103515625	34.0576171875	-6.73675537109375
8.303	-1.59747802734375	-9.627978515625001	2.442919921875	-5.31768798828125	27.42767333984375	-6.1798095703125
8.315	-1.4346166992187501	-9.37171142578125	2.55548583984375	-10.12420654296875	26.91650390625	-5.40924072265625
8.327	-1.6645385742187502	-9.48427734375	2.0932470703125	-12.359619140625	27.87017822265625	-7.77435302734375
8.339	-1.7555493164062501	-9.575288085937501	1.64058837890625	-9.58251953125	24.627685546875	-9.55963134765625
8.351	-1.9591259765625002	-9.40763671875	2.02858154296875	-9.37652587890625	17.1356201171875	-7.50732421875
8.363	-1.5064672851562502	-9.07951904296875	2.222578125	-14.80865478515625	20.0653076171875	-1.922607421875
8.374	-1.40587646484375	-9.134604492187501	1.93278076171875	-17.8070068359375	16.41082763671875	2.99835205078125
8.385	-1.28133544921875	-9.2351953125	1.7004638671875	-16.937255859375	9.124755859375	6.744384765625
8.396	-1.5064672851562502	-9.508227539062501	1.3364208984375001	-11.83319091796875	5.2032470703125	1.8310546875
8.408	-1.983076171875	-9.9297509765625	1.17116455078125	-4.2724609375	7.4920654296875	-5.2032470703125
8.419	-1.8058447265625002	-9.6519287109375	1.6717236328125	-1.94549560546875	6.8817138671875	-7.75146484375
8.43	-1.9902612304687501	-9.5465478515625	1.77470947265625	-2.1209716796875	-0.46539306640625	-5.767822265625
8.441	-1.868115234375	-9.1825048828125	1.82021484375	-3.25775146484375	-4.4097900390625	-1.434326171875
8.453	-1.8010546875000002	-9.13699951171875	1.44419677734375	1.07574462890625	-10.7574462890625	2.86865234375
8.464	-1.829794921875	-9.194479980468751	1.13284423828125	7.904052734375	-14.86968994140625	2.89154052734375
8.476	-1.9112255859375	-9.52499267578125	1.22385498046875	10.94818115234375	-12.09259033203125	3.16619873046875
8.487	-1.5376025390625	-9.747729492187501	1.8441650390625002	4.66156005859375	-8.270263671875	7.1563720703125
8.499	-1.3364208984375001	-9.972861328125001	2.21539306640625	-4.69970703125	-4.8370361328125	10.955810546875
8.51	-0.871787109375	-10.07105712890625	2.0453466796875	-10.0860595703125	-2.83050537109375	11.69586181640625
8.521	-0.9148974609375	-10.10458740234375	1.7627343750000002	-7.24029541015625	5.7830810546875	5.615234375
8.532	-0.9005273437500001	-9.8339501953125	1.4705419921875	-0.762939453125	10.3607177734375	-4.119873046875
8.544	-1.0873388671875	-9.8483203125	1.2717553710937501	5.92803955078125	7.7667236328125	-12.969970703125
8.555	-1.4298266601562502	-9.90340576171875	1.5543676757812501	6.81304931640625	5.48553466796875	-16.326904296875
8.566	-1.5543676757812501	-9.68306396484375	1.8705102539062501	0.06103515625	6.744384765625	-15.98358154296875
8.578	-1.8920654296875001	-10.2458935546875	1.7866845703125	-3.13568115234375	9.05609130859375	-13.46588134765625
8.589	-1.8154248046875001	-9.934541015625001	2.0812719726562503	-6.24847412109375	7.2784423828125	-9.033203125
8.6	-1.81781982421875	-9.85550537109375	1.9519409179687501	-5.76019287109375	3.9520263671875	-6.40106201171875
8.611	-1.85135009765625	-9.723779296875	1.57352783203125	-1.9989013671875	1.3427734375	-4.2724609375
8.623	-2.06690185546875	-9.58726318359375	1.32205078125	2.3040771484375	-0.96893310546875	-3.95965576171875
8.634	-2.05732177734375	-9.5848681640625	1.41545654296875	3.814697265625	-3.95965576171875	0.79345703125
8.644	-1.791474609375	-9.314230957031251	1.4178515625	2.50244140625	-4.2724609375	4.486083984375
8.655	-1.95673095703125	-9.62558349609375	1.159189453125	1.53350830078125	-7.87353515625	8.27789306640625
8.668	-1.48251708984375	-9.328601074218751	1.79865966796875	-2.52532958984375	-10.1776123046875	10.1776123046875
8.679	-1.5376025390625	-9.3645263671875	1.916015625	-6.67572021484375	-11.80267333984375	9.30023193359375
8.69	-1.46335693359375	-9.73575439453125	1.47533203125	-5.56182861328125	-10.65826416015625	6.53839111328125
8.701	-1.5759228515625001	-9.857900390625	1.47533203125	-2.6397705078125	-6.9732666015625	1.28173828125
8.713	-1.37713623046875	-9.6998291015625	1.8273999023437502	-4.1046142578125	-5.40924072265625	-0.72479248046875
8.724	-1.51365234375	-9.80281494140625	1.8489550781250002	-7.171630859375	-6.1492919921875	-1.1444091796875
8.736	-1.65974853515625	-9.776469726562501	1.9806811523437502	-11.60430908203125	-6.50787353515625	-0.80108642578125
8.748	-1.36755615234375	-9.65911376953125	1.92799072265625	-14.62554931640625	-1.4190673828125	-0.61798095703125
8.759	-1.13763427734375	-9.63037353515625	1.8226098632812502	-16.01409912109375	3.80706787109375	-0.66375732421875
8.77	-1.32923583984375	-9.695039062500001	1.40108642578125	-15.11383056640625	-6.50787353515625	-1.312255859375
8.782	-1.3100756835937502	-9.75970458984375	1.6310083007812501	-15.93780517578125	-6.69097900390625	-3.73077392578125
8.794	-1.1951147460937501	-9.532177734375	1.7555493164062501	-20.111083984375	-2.0751953125	-4.82177734375
8.806	-1.16637451171875	-9.4890673828125	1.56873779296875	-24.0478515625	-4.24957275390625	-6.011962890625
