Time	ax	ay	az	gx	gy	gz
0.014	-0.1484912109375	-0.06945556640625	9.71180419921875	-0.18310546875	-0.12969970703125	0.42724609375
0.023	-0.08382568359375	-0.17244140625	9.73096435546875	0.00762939453125	-0.152587890625	0.25177001953125
0.031	-0.052690429687500005	-0.055085449218750006	9.723779296875	0.030517578125	0.18310546875	0.46539306640625
0.039	-0.0431103515625	-0.11017089843750001	9.75251953125	-0.0457763671875	-0.030517578125	0.457763671875
0.049	-0.04071533203125	-0.05987548828125	9.702224121093751	-0.1220703125	0.0457763671875	0.41961669921875
0.057	-0.08382568359375	-0.10777587890625001	9.78844482421875	-0.12969970703125	0.2593994140625	0.41961669921875
0.066	-0.09340576171875001	-0.09819580078125001	9.7189892578125	-0.1068115234375	0.11444091796875	0.335693359375
0.075	-0.052690429687500005	-0.06466552734375	9.687854003906251	-0.335693359375	0.0457763671875	0.19073486328125
0.084	-0.08861572265625	-0.07903564453125	9.742939453125	-0.23651123046875	0.1220703125	0.335693359375
0.093	-0.05748046875	-0.0622705078125	9.77407470703125	-0.3509521484375	0.11444091796875	0.274658203125
0.102	-0.0143701171875	-0.10298583984375001	9.71419921875	-0.18310546875	0.244140625	0.152587890625
0.111	-0.050295410156250005	-0.07424560546875	9.73096435546875	-0.28228759765625	0.2288818359375	0.41961669921875
0.12	-0.07903564453125	-0.050295410156250005	9.66869384765625	-0.1220703125	0.26702880859375	0.3509521484375
0.13	-0.11256591796875001	-0.067060546875	9.69743408203125	-0.08392333984375	-0.09918212890625	0.41961669921875
0.139	-0.09819580078125001	-0.0814306640625	9.747729492187501	-0.1068115234375	0.0152587890625	0.41961669921875
0.148	-0.10777587890625001	-0.06466552734375	9.702224121093751	0.12969970703125	-0.02288818359375	0.40435791015625
0.157	-0.08861572265625	-0.01916015625	9.733359375000001	-0.12969970703125	-0.29754638671875	0.38909912109375
0.166	-0.05748046875	-0.0431103515625	9.72617431640625	-0.1373291015625	-0.51116943359375	0.3509521484375
0.176	-0.067060546875	-0.05748046875	9.7956298828125	-0.14495849609375	-0.7781982421875	0.4119873046875
0.186	-0.06466552734375	-0.16046630859375	9.66390380859375	-0.0762939453125	-0.78582763671875	0.335693359375
0.195	-0.0622705078125	-0.009580078125	9.66869384765625	0.0152587890625	-0.87738037109375	0.4730224609375
0.204	-0.1149609375	-0.07424560546875	9.6615087890625	-0.16021728515625	-1.0223388671875	0.38909912109375
0.215	-0.0335302734375	-0.07903564453125	9.66869384765625	-0.00762939453125	-0.7781982421875	0.3814697265625
0.224	-0.0383203125	-0.143701171875	9.762099609375001	-0.1678466796875	-0.7171630859375	0.3662109375
0.233	-0.0814306640625	-0.07903564453125	9.695039062500001	-0.152587890625	-0.6561279296875	0.32806396484375
0.242	-0.02155517578125	-0.04071533203125	9.680668945312501	-0.09918212890625	-0.9765625	0.3509521484375
0.252	-0.03592529296875	-0.0814306640625	9.7381494140625	-0.09918212890625	-0.84686279296875	0.3662109375
0.262	-0.052690429687500005	-0.07903564453125	9.704619140625	0.18310546875	-1.15966796875	0.29754638671875
0.271	-0.0335302734375	-0.09580078125000001	9.73096435546875	-0.0457763671875	-0.93841552734375	0.35858154296875
0.28	0.0143701171875	-0.10059082031250001	9.74533447265625	0.0152587890625	-0.40435791015625	0.335693359375
0.288	-0.067060546875	-0.03592529296875	9.695039062500001	-0.213623046875	0.26702880859375	0.32806396484375
0.297	0.0	-0.06466552734375	9.821975097656251	-0.11444091796875	0.457763671875	0.213623046875
0.306	-0.023950195312500002	-0.052690429687500005	9.74533447265625	-0.1220703125	0.29754638671875	0.3509521484375
0.315	-0.0622705078125	-0.09580078125000001	9.793234863281251	-0.20599365234375	0.58746337890625	0.3662109375
0.324	-0.0143701171875	-0.06466552734375	9.7716796875	-0.14495849609375	0.57220458984375	0.244140625
0.333	-0.06466552734375	-0.0814306640625	9.72617431640625	-0.2288818359375	0.579833984375	0.35858154296875
0.344	-0.11256591796875001	-0.10777587890625001	9.67827392578125	-0.244140625	1.1138916015625	0.30517578125
0.353	-0.067060546875	-0.1149609375	9.63755859375	-0.22125244140625	1.16729736328125	0.23651123046875
0.362	-0.01676513671875	-0.047900390625000004	9.67827392578125	-0.16021728515625	1.0223388671875	0.3814697265625
0.371	-0.01676513671875	-0.0718505859375	9.75251953125	-0.0457763671875	1.495361328125	0.3204345703125
0.38	-0.045505371093750004	-0.09101074218750001	9.7285693359375	-0.0457763671875	2.2735595703125	0.19073486328125
0.39	-0.05987548828125	-0.0718505859375	9.75251953125	0.08392333984375	2.69317626953125	0.28228759765625
0.399	-0.04071533203125	-0.12693603515625002	9.769284667968751	0.14495849609375	2.08282470703125	0.213623046875
0.408	-0.1389111328125	-0.028740234375	9.75251953125	-0.0762939453125	2.08282470703125	0.4425048828125
0.417	-0.08382568359375	-0.0335302734375	9.709409179687501	-0.30517578125	1.88446044921875	0.30517578125
0.427	-0.1389111328125	-0.076640625	9.75251953125	-0.17547607421875	1.31988525390625	0.02288818359375
0.436	-0.15328125	-0.045505371093750004	9.65911376953125	-0.2288818359375	0.90789794921875	0.1220703125
0.445	-0.067060546875	-0.0143701171875	9.647138671875	-0.06866455078125	0.52642822265625	0.1220703125
0.454	-0.16046630859375	-0.09819580078125001	9.6710888671875	-0.20599365234375	0.030517578125	0.05340576171875
0.463	-0.01916015625	-0.12693603515625002	9.75251953125	-0.11444091796875	-0.0457763671875	0.335693359375
0.473	-0.026345214843750003	-0.086220703125	9.704619140625	-0.16021728515625	-0.1220703125	0.4119873046875
0.482	-0.07424560546875	-0.05987548828125	9.73096435546875	-0.1983642578125	-0.244140625	0.41961669921875
0.491	-0.09580078125000001	-0.08382568359375	9.67587890625	-0.091552734375	-0.60272216796875	0.38909912109375
0.501	-0.050295410156250005	-0.0814306640625	9.680668945312501	-0.11444091796875	-0.335693359375	0.57220458984375
0.509	-0.05987548828125	-0.047900390625000004	9.7189892578125	-0.0152587890625	-0.46539306640625	0.335693359375
0.52	-0.076640625	-0.05987548828125	9.747729492187501	-0.17547607421875	-0.86212158203125	0.35858154296875
0.529	-0.11256591796875001	-0.03592529296875	9.6710888671875	-0.0457763671875	-1.39617919921875	0.32806396484375
0.539	-0.08382568359375	-0.0814306640625	9.68306396484375	-0.18310546875	-1.42669677734375	0.3662109375
0.548	-0.04071533203125	-0.067060546875	9.73096435546875	-0.16021728515625	-1.5106201171875	0.35858154296875
0.559	-0.10298583984375001	-0.1149609375	9.69264404296875	-0.00762939453125	-1.70135498046875	0.457763671875
0.568	-0.07903564453125	-0.09819580078125001	9.69264404296875	0.23651123046875	-1.51824951171875	0.14495849609375
0.577	-0.03113525390625	-0.067060546875	9.687854003906251	-0.06866455078125	-0.9918212890625	0.43487548828125
0.586	-0.07424560546875	-0.076640625	9.709409179687501	0.03814697265625	-0.7781982421875	0.22125244140625
0.595	-0.03113525390625	-0.0718505859375	9.647138671875	0.030517578125	-0.5645751953125	0.41961669921875
0.605	-0.00718505859375	-0.05748046875	9.740544433593751	0.1373291015625	-0.25177001953125	0.2593994140625
0.614	-0.09101074218750001	-0.05748046875	9.716594238281251	-0.0457763671875	-0.34332275390625	0.40435791015625
0.622	-0.05987548828125	-0.08861572265625	9.6998291015625	0.06866455078125	-0.48065185546875	0.42724609375
0.631	0.026345214843750003	-0.07903564453125	9.6998291015625	-0.16021728515625	-0.51116943359375	0.1373291015625
0.641	-0.13651611328125002	-0.086220703125	9.68306396484375	-0.37384033203125	-0.00762939453125	0.29754638671875
0.651	-0.10777587890625001	-0.06945556640625	9.781259765625	-0.2593994140625	-0.00762939453125	0.12969970703125
0.659	-0.05748046875	-0.05987548828125	9.8626904296875	-0.1983642578125	0.08392333984375	0.244140625
0.668	-0.10059082031250001	-0.01916015625	9.716594238281251	-0.30517578125	0.06866455078125	0.1373291015625
0.677	-0.05748046875	-0.07903564453125	9.723779296875	-0.244140625	0.12969970703125	0.41961669921875
0.687	-0.0622705078125	-0.086220703125	9.821975097656251	-0.06103515625	0.0152587890625	0.2899169921875
0.695	-0.023950195312500002	-0.055085449218750006	9.7573095703125	-0.2288818359375	0.19073486328125	0.5645751953125
0.705	-0.0814306640625	-0.067060546875	9.73575439453125	-0.11444091796875	-0.08392333984375	0.335693359375
0.714	-0.06466552734375	-0.05748046875	9.821975097656251	-0.29754638671875	-0.00762939453125	0.41961669921875
0.722	-0.10298583984375001	0.01676513671875	9.71180419921875	-0.19073486328125	-0.12969970703125	0.29754638671875
0.732	-0.06945556640625	-0.0383203125	9.754914550781251	-0.0457763671875	-0.34332275390625	0.40435791015625
0.741	-0.067060546875	-0.045505371093750004	9.6902490234375	-0.0762939453125	-0.5645751953125	0.335693359375
0.75	-0.055085449218750006	-0.0383203125	9.66390380859375	-0.16021728515625	-0.1068115234375	0.3509521484375
0.759	-0.03113525390625	-0.047900390625000004	9.7189892578125	-0.1373291015625	-0.19073486328125	0.29754638671875
0.77	-0.12693603515625002	-0.12214599609375	9.73575439453125	-0.17547607421875	-0.3662109375	0.41961669921875
0.778	0.0143701171875	-0.10298583984375001	9.6231884765625	-0.091552734375	-0.05340576171875	0.1983642578125
0.787	-0.03113525390625	-0.09580078125000001	9.747729492187501	-0.1373291015625	0.030517578125	0.26702880859375
0.796	-0.06945556640625	-0.09101074218750001	9.740544433593751	-0.0762939453125	0.02288818359375	0.2899169921875
0.805	-0.09340576171875001	-0.076640625	9.73096435546875	-0.1068115234375	-0.213623046875	0.32806396484375
0.815	-0.09340576171875001	-0.07903564453125	9.635163574218751	-0.14495849609375	0.09918212890625	0.0457763671875
0.824	-0.0622705078125	-0.10538085937500001	9.656718750000001	-0.31280517578125	0.0	0.5950927734375
0.833	-0.076640625	-0.15328125	9.72617431640625	-0.18310546875	0.152587890625	0.40435791015625
0.842	-0.09580078125000001	-0.05987548828125	9.7573095703125	-0.2899169921875	0.213623046875	0.3662109375
0.851	-0.0718505859375	-0.050295410156250005	9.793234863281251	-0.2593994140625	-0.23651123046875	0.335693359375
0.861	-0.023950195312500002	-0.03113525390625	9.79083984375	-0.05340576171875	-0.3204345703125	0.3204345703125
0.87	0.0383203125	-0.076640625	9.6519287109375	-0.0152587890625	-0.0762939453125	0.457763671875
0.879	-0.04071533203125	-0.09580078125000001	9.6615087890625	-0.244140625	0.26702880859375	0.4119873046875
0.887	-0.0383203125	-0.1197509765625	9.72138427734375	0.0152587890625	-0.213623046875	0.46539306640625
0.897	-0.045505371093750004	-0.0718505859375	9.69264404296875	-0.3204345703125	-0.0762939453125	0.22125244140625
0.906	-0.028740234375	-0.12693603515625002	9.709409179687501	-0.05340576171875	0.0	0.31280517578125
0.914	-0.052690429687500005	-0.0383203125	9.769284667968751	-0.12969970703125	0.3509521484375	0.26702880859375
0.923	-0.10059082031250001	-0.05987548828125	9.747729492187501	-0.30517578125	0.335693359375	0.335693359375
0.932	-0.0431103515625	-0.0718505859375	9.7956298828125	-0.18310546875	0.06866455078125	0.3204345703125
0.942	-0.045505371093750004	-0.086220703125	9.733359375000001	-0.18310546875	-0.0152587890625	0.32806396484375
0.951	-0.086220703125	-0.050295410156250005	9.74533447265625	-0.16021728515625	-0.0152587890625	0.49591064453125
0.96	-0.0814306640625	-0.07903564453125	9.72138427734375	-0.26702880859375	-0.0152587890625	0.2288818359375
0.969	-0.01676513671875	-0.09580078125000001	9.75012451171875	-0.03814697265625	-0.08392333984375	0.335693359375
0.978	-0.14130615234375002	-0.09340576171875001	9.77407470703125	-0.18310546875	-0.3509521484375	0.38909912109375
0.988	-0.052690429687500005	-0.04071533203125	9.821975097656251	-0.18310546875	-0.29754638671875	0.2899169921875
0.997	-0.00239501953125	-0.050295410156250005	9.733359375000001	-0.3204345703125	-0.23651123046875	0.43487548828125
1.006	-0.0718505859375	-0.06466552734375	9.75012451171875	-0.00762939453125	-0.16021728515625	0.274658203125
1.015	-0.028740234375	-0.06945556640625	9.75012451171875	0.0	0.1373291015625	0.335693359375
1.025	-0.050295410156250005	-0.09819580078125001	9.68306396484375	-0.091552734375	-0.274658203125	0.35858154296875
1.034	-0.06466552734375	-0.01676513671875	9.80281494140625	-0.23651123046875	-0.396728515625	0.29754638671875
1.043	-0.0383203125	-0.08382568359375	9.709409179687501	-0.274658203125	-0.05340576171875	0.49591064453125
1.053	-0.0383203125	-0.086220703125	9.75012451171875	-0.22125244140625	-0.38909912109375	0.41961669921875
1.062	-0.0718505859375	-0.076640625	9.68306396484375	-0.030517578125	-0.17547607421875	0.34332275390625
1.073	-0.050295410156250005	-0.1197509765625	9.704619140625	-0.08392333984375	-0.18310546875	0.40435791015625
1.082	-0.026345214843750003	-0.067060546875	9.647138671875	-0.05340576171875	0.213623046875	0.335693359375
1.091	-0.0622705078125	-0.10777587890625001	9.702224121093751	-0.14495849609375	0.22125244140625	0.4730224609375
1.1	-0.047900390625000004	-0.06945556640625	9.762099609375001	0.11444091796875	-0.00762939453125	0.22125244140625
1.11	-0.10538085937500001	-0.09101074218750001	9.7956298828125	-0.12969970703125	-0.06103515625	0.274658203125
1.119	-0.05748046875	-0.05987548828125	9.72138427734375	-0.0457763671875	-0.091552734375	0.4119873046875
1.129	-0.06945556640625	-0.10298583984375001	9.72617431640625	0.00762939453125	-0.244140625	0.42724609375
1.138	-0.01676513671875	-0.067060546875	9.71419921875	-0.1983642578125	-0.4730224609375	0.4730224609375
1.147	0.009580078125	-0.045505371093750004	9.75970458984375	0.03814697265625	-0.457763671875	0.43487548828125
1.156	-0.10777587890625001	-0.10777587890625001	9.82676513671875	-0.11444091796875	0.0152587890625	0.34332275390625
1.166	-0.09819580078125001	-0.12693603515625002	9.75970458984375	-0.1220703125	-0.09918212890625	0.40435791015625
1.175	-0.00239501953125	-0.0383203125	9.69264404296875	-0.1373291015625	-0.14495849609375	0.5340576171875
1.184	-0.10059082031250001	-0.076640625	9.73575439453125	-0.30517578125	0.03814697265625	0.37384033203125
1.195	-0.07903564453125	-0.07903564453125	9.7668896484375	-0.12969970703125	-0.00762939453125	0.28228759765625
1.204	0.0	-0.067060546875	9.7381494140625	-0.152587890625	-0.06103515625	0.3814697265625
1.212	-0.026345214843750003	-0.09101074218750001	9.793234863281251	-0.152587890625	0.03814697265625	0.43487548828125
1.221	-0.052690429687500005	-0.07424560546875	9.77886474609375	-0.23651123046875	0.02288818359375	0.18310546875
1.23	-0.0335302734375	-0.067060546875	9.680668945312501	-0.030517578125	0.0457763671875	0.34332275390625
1.24	-0.11256591796875001	-0.023950195312500002	9.6998291015625	-0.17547607421875	0.152587890625	0.55694580078125
1.249	-0.028740234375	-0.10298583984375001	9.61600341796875	-0.2288818359375	0.2288818359375	0.18310546875
1.258	-0.10298583984375001	-0.09819580078125001	9.695039062500001	-0.1373291015625	0.06866455078125	0.16021728515625
1.267	-0.086220703125	-0.09101074218750001	9.78844482421875	-0.17547607421875	0.00762939453125	0.30517578125
1.276	-0.08382568359375	-0.09580078125000001	9.656718750000001	-0.11444091796875	-0.00762939453125	0.49591064453125
1.287	0.026345214843750003	-0.02155517578125	9.754914550781251	-0.16021728515625	-0.08392333984375	0.4730224609375
1.296	-0.0814306640625	-0.047900390625000004	9.80281494140625	-0.30517578125	-0.030517578125	0.457763671875
1.305	-0.06945556640625	-0.10298583984375001	9.7668896484375	-0.1983642578125	0.152587890625	0.4119873046875
1.314	-0.11017089843750001	-0.045505371093750004	9.687854003906251	0.02288818359375	-0.274658203125	0.26702880859375
1.324	-0.10059082031250001	-0.11017089843750001	9.75251953125	-0.0457763671875	-0.457763671875	0.4425048828125
1.333	-0.07424560546875	-0.12214599609375	9.69743408203125	0.02288818359375	-0.57220458984375	0.34332275390625
1.342	-0.045505371093750004	-0.02155517578125	9.75970458984375	-0.3509521484375	-0.3814697265625	0.43487548828125
1.352	-0.09819580078125001	-0.1149609375	9.72617431640625	-0.2899169921875	-0.762939453125	0.35858154296875
1.362	0.04071533203125	-0.0718505859375	9.762099609375001	-0.25177001953125	-0.55694580078125	0.40435791015625
1.372	-0.1197509765625	-0.047900390625000004	9.72617431640625	-0.11444091796875	-0.41961669921875	0.25177001953125
1.381	0.023950195312500002	-0.06945556640625	9.71419921875	-0.09918212890625	-0.90789794921875	0.38909912109375
1.39	-0.04071533203125	-0.124541015625	9.747729492187501	-0.05340576171875	-0.72479248046875	0.244140625
1.4	-0.026345214843750003	-0.09101074218750001	9.747729492187501	0.0	-0.52642822265625	0.5340576171875
1.41	-0.08861572265625	-0.086220703125	9.754914550781251	-0.091552734375	-0.75531005859375	0.18310546875
1.419	0.0	-0.04071533203125	9.647138671875	-0.05340576171875	-0.5340576171875	0.2288818359375
1.428	-0.08861572265625	-0.08861572265625	9.6327685546875	-0.29754638671875	-0.72479248046875	0.42724609375
1.438	-0.05987548828125	-0.10538085937500001	9.733359375000001	-0.152587890625	-0.6866455078125	0.28228759765625
1.447	-0.086220703125	-0.026345214843750003	9.673483886718751	-0.0762939453125	-0.55694580078125	0.46539306640625
1.458	-0.086220703125	-0.11735595703125	9.71419921875	-0.2288818359375	-0.244140625	0.4425048828125
1.467	-0.045505371093750004	-0.01676513671875	9.7860498046875	-0.34332275390625	-0.06103515625	0.28228759765625
1.476	-0.03113525390625	-0.10298583984375001	9.7668896484375	-0.0152587890625	0.152587890625	0.41961669921875
1.485	-0.052690429687500005	-0.09340576171875001	9.75251953125	-0.152587890625	0.08392333984375	0.2593994140625
1.495	-0.10538085937500001	-0.07903564453125	9.66390380859375	-0.26702880859375	0.17547607421875	0.45013427734375
1.504	-0.045505371093750004	-0.0622705078125	9.68306396484375	-0.30517578125	0.1983642578125	0.46539306640625
1.513	-0.047900390625000004	-0.0814306640625	9.77407470703125	-0.37384033203125	0.29754638671875	0.22125244140625
1.523	-0.10059082031250001	-0.0814306640625	9.6710888671875	-0.17547607421875	0.35858154296875	0.457763671875
1.532	-0.086220703125	-0.1293310546875	9.7381494140625	-0.0762939453125	0.16021728515625	0.28228759765625
1.542	-0.09580078125000001	-0.09580078125000001	9.742939453125	-0.1068115234375	-0.03814697265625	0.34332275390625
1.552	-0.076640625	-0.04071533203125	9.685458984375	-0.0762939453125	-0.02288818359375	0.34332275390625
1.561	-0.050295410156250005	-0.09340576171875001	9.70701416015625	-0.18310546875	-0.34332275390625	0.35858154296875
1.57	-0.02155517578125	-0.067060546875	9.704619140625	-0.35858154296875	-0.4425048828125	0.23651123046875
1.581	-0.026345214843750003	-0.03592529296875	9.73575439453125	-0.3662109375	-0.32806396484375	0.396728515625
1.59	-0.00718505859375	-0.03592529296875	9.680668945312501	-0.152587890625	-0.0457763671875	0.35858154296875
1.598	-0.02155517578125	-0.045505371093750004	9.709409179687501	-0.16021728515625	0.03814697265625	0.20599365234375
1.607	-0.07903564453125	-0.09819580078125001	9.86987548828125	-0.28228759765625	-0.030517578125	0.40435791015625
1.617	-0.02155517578125	-0.0814306640625	9.7189892578125	-0.14495849609375	-0.20599365234375	0.4425048828125
1.627	-0.00718505859375	-0.0431103515625	9.74533447265625	-0.1983642578125	-0.31280517578125	0.35858154296875
1.636	-0.0431103515625	-0.05748046875	9.7716796875	-0.1068115234375	-0.48065185546875	0.35858154296875
1.646	-0.03592529296875	-0.05987548828125	9.704619140625	-0.2899169921875	-0.17547607421875	0.335693359375
1.655	-0.047900390625000004	-0.08382568359375	9.7573095703125	-0.0152587890625	0.05340576171875	0.43487548828125
1.664	-0.009580078125	-0.06466552734375	9.7956298828125	-0.1373291015625	0.1678466796875	0.32806396484375
1.673	-0.10298583984375001	-0.10777587890625001	9.776469726562501	-0.06103515625	0.06866455078125	0.4730224609375
1.683	-0.076640625	-0.0622705078125	9.71419921875	-0.1678466796875	-0.152587890625	0.48065185546875
1.692	-0.047900390625000004	-0.07424560546875	9.702224121093751	-0.08392333984375	-0.14495849609375	0.37384033203125
1.701	-0.0383203125	-0.0622705078125	9.68306396484375	0.0	-0.18310546875	0.3509521484375
1.711	-0.03592529296875	-0.01916015625	9.762099609375001	-0.03814697265625	-0.1373291015625	0.19073486328125
1.72	0.009580078125	-0.09819580078125001	9.769284667968751	-0.35858154296875	-0.20599365234375	0.37384033203125
1.729	-0.06466552734375	-0.10538085937500001	9.79083984375	-0.1373291015625	0.06866455078125	0.4730224609375
1.738	-0.10059082031250001	-0.11017089843750001	9.65911376953125	0.0	-0.335693359375	0.22125244140625
1.748	-0.028740234375	-0.0143701171875	9.680668945312501	-0.0762939453125	-0.28228759765625	0.25177001953125
1.758	0.0	-0.1197509765625	9.685458984375	-0.091552734375	0.02288818359375	0.335693359375
1.766	-0.026345214843750003	-0.0383203125	9.7860498046875	-0.25177001953125	-0.1220703125	0.2593994140625
1.775	-0.023950195312500002	-0.09580078125000001	9.6327685546875	-0.17547607421875	-0.37384033203125	0.4425048828125
1.785	-0.055085449218750006	-0.10059082031250001	9.7189892578125	-0.14495849609375	-0.213623046875	0.335693359375
1.795	-0.0143701171875	-0.067060546875	9.704619140625	0.02288818359375	0.17547607421875	0.2899169921875
1.804	-0.047900390625000004	-0.07424560546875	9.740544433593751	-0.2899169921875	-0.08392333984375	0.28228759765625
1.813	-0.0335302734375	-0.05748046875	9.63995361328125	-0.18310546875	-0.2593994140625	0.2899169921875
1.823	-0.09580078125000001	-0.067060546875	9.67587890625	-0.14495849609375	-0.18310546875	0.38909912109375
1.832	-0.05987548828125	-0.09340576171875001	9.73096435546875	-0.06866455078125	-0.25177001953125	0.55694580078125
1.842	-0.023950195312500002	-0.03113525390625	9.687854003906251	-0.213623046875	0.1068115234375	0.16021728515625
1.851	-0.00718505859375	-0.12693603515625002	9.76449462890625	-0.244140625	0.1068115234375	0.37384033203125
1.86	-0.04071533203125	-0.06945556640625	9.6998291015625	-0.22125244140625	-0.06866455078125	0.23651123046875
1.87	-0.076640625	-0.0718505859375	9.702224121093751	-0.14495849609375	-0.11444091796875	0.40435791015625
1.88	-0.09340576171875001	-0.047900390625000004	9.685458984375	-0.18310546875	0.152587890625	0.244140625
1.889	-0.07424560546875	-0.086220703125	9.73575439453125	-0.16021728515625	0.1068115234375	0.3509521484375
1.899	-0.0814306640625	-0.124541015625	9.79802490234375	-0.1373291015625	-0.0762939453125	0.213623046875
1.908	-0.03592529296875	-0.10059082031250001	9.7860498046875	-0.2288818359375	0.0762939453125	0.35858154296875
1.918	-0.06466552734375	-0.05987548828125	9.6183984375	-0.17547607421875	-0.1068115234375	0.26702880859375
1.928	-0.028740234375	-0.10298583984375001	9.800419921875001	-0.09918212890625	0.18310546875	0.3814697265625
1.937	-0.04071533203125	-0.08382568359375	9.781259765625	-0.1220703125	0.152587890625	0.244140625
1.946	-0.052690429687500005	-0.045505371093750004	9.747729492187501	-0.16021728515625	0.00762939453125	0.4425048828125
1.955	-0.05987548828125	-0.12693603515625002	9.695039062500001	-0.2899169921875	0.0	0.335693359375
1.965	-0.09819580078125001	-0.1149609375	9.704619140625	-0.03814697265625	0.06103515625	0.32806396484375
1.974	-0.0431103515625	-0.07424560546875	9.6998291015625	-0.1373291015625	-0.1373291015625	0.54931640625
1.984	-0.09340576171875001	-0.08861572265625	9.60163330078125	-0.1373291015625	-0.030517578125	0.3662109375
1.993	-0.0622705078125	-0.09101074218750001	9.733359375000001	0.06103515625	0.1678466796875	0.274658203125
2.002	0.01676513671875	-0.10059082031250001	9.685458984375	-0.25177001953125	-0.09918212890625	0.274658203125
2.012	-0.01676513671875	-0.05987548828125	9.687854003906251	-0.335693359375	0.0457763671875	0.3662109375
2.021	-0.09340576171875001	-0.08861572265625	9.73096435546875	-0.28228759765625	-0.08392333984375	0.31280517578125
2.031	-0.09580078125000001	-0.06466552734375	9.69264404296875	-0.20599365234375	-0.18310546875	0.3509521484375
2.04	-0.00718505859375	-0.067060546875	9.78365478515625	-0.03814697265625	-0.1068115234375	0.38909912109375
2.05	-0.047900390625000004	-0.08861572265625	9.687854003906251	-0.14495849609375	-0.091552734375	0.3662109375
2.059	-0.1293310546875	-0.06466552734375	9.75012451171875	0.030517578125	0.19073486328125	0.2899169921875
2.069	-0.07424560546875	-0.086220703125	9.723779296875	-0.213623046875	0.17547607421875	0.31280517578125
2.078	-0.050295410156250005	-0.050295410156250005	9.723779296875	-0.091552734375	0.19073486328125	0.3204345703125
2.087	-0.0431103515625	-0.055085449218750006	9.72617431640625	-0.23651123046875	0.09918212890625	0.2288818359375
2.097	-0.10059082031250001	-0.0814306640625	9.72617431640625	-0.22125244140625	0.54168701171875	0.5340576171875
2.106	-0.12214599609375	-0.028740234375	9.6710888671875	-0.29754638671875	0.18310546875	0.19073486328125
2.115	-0.011975097656250001	-0.09340576171875001	9.69264404296875	-0.38909912109375	0.213623046875	0.49591064453125
2.124	0.0431103515625	-0.12214599609375	9.72138427734375	-0.0762939453125	0.579833984375	0.43487548828125
2.134	0.00239501953125	-0.17962646484375	9.7381494140625	-0.09918212890625	0.25177001953125	0.2899169921875
2.143	-0.086220703125	-0.09340576171875001	9.754914550781251	-0.3814697265625	0.05340576171875	0.35858154296875
2.152	-0.011975097656250001	-0.0814306640625	9.75251953125	-0.11444091796875	0.1068115234375	0.3204345703125
2.161	-0.11735595703125	-0.076640625	9.75970458984375	-0.17547607421875	0.0	0.4119873046875
2.17	-0.1197509765625	-0.055085449218750006	9.723779296875	-0.06866455078125	-0.02288818359375	0.20599365234375
2.18	-0.06466552734375	-0.0814306640625	9.6231884765625	-0.1373291015625	0.08392333984375	0.29754638671875
2.19	-0.11256591796875001	-0.07424560546875	9.733359375000001	-0.19073486328125	-0.3814697265625	0.48065185546875
2.199	-0.07424560546875	-0.076640625	9.74533447265625	-0.06103515625	-0.35858154296875	0.5645751953125
2.208	0.011975097656250001	-0.07424560546875	9.65432373046875	-0.16021728515625	-0.091552734375	0.30517578125
2.219	-0.009580078125	-0.06945556640625	9.814790039062501	-0.28228759765625	-0.0152587890625	0.17547607421875
2.228	0.00239501953125	-0.05987548828125	9.71419921875	-0.2593994140625	0.02288818359375	0.46539306640625
2.236	-0.0335302734375	-0.10777587890625001	9.73096435546875	-0.17547607421875	-0.3814697265625	0.3814697265625
2.246	-0.06945556640625	-0.050295410156250005	9.695039062500001	-0.29754638671875	-0.19073486328125	0.396728515625
2.255	-0.06945556640625	-0.06466552734375	9.65911376953125	-0.1220703125	-0.20599365234375	0.14495849609375
2.266	-0.076640625	-0.08382568359375	9.68306396484375	-0.20599365234375	-0.0457763671875	0.3204345703125
2.275	-0.05987548828125	-0.10777587890625001	9.7668896484375	-0.03814697265625	0.00762939453125	0.26702880859375
2.284	-0.02155517578125	-0.10777587890625001	9.7573095703125	-0.23651123046875	-0.03814697265625	0.3814697265625
2.293	-0.028740234375	-0.05987548828125	9.6998291015625	-0.28228759765625	0.20599365234375	0.25177001953125
2.304	-0.15328125	-0.0718505859375	9.754914550781251	-0.16021728515625	-0.1068115234375	0.3509521484375
2.313	-0.08382568359375	-0.023950195312500002	9.69264404296875	-0.18310546875	0.1678466796875	0.3509521484375
2.322	-0.05987548828125	-0.023950195312500002	9.71180419921875	-0.1373291015625	-0.11444091796875	0.28228759765625
2.332	-0.076640625	-0.13172607421875002	9.75012451171875	-0.23651123046875	0.14495849609375	0.28228759765625
2.341	-0.07424560546875	-0.14609619140625002	9.73575439453125	-0.457763671875	-0.02288818359375	0.2899169921875
2.351	-0.045505371093750004	-0.17004638671875	9.7381494140625	-0.26702880859375	-0.14495849609375	0.35858154296875
2.361	-0.067060546875	-0.047900390625000004	9.716594238281251	-0.23651123046875	-0.030517578125	0.45013427734375
2.37	-0.09580078125000001	-0.076640625	9.70701416015625	-0.2288818359375	-0.17547607421875	0.2593994140625
2.38	-0.10538085937500001	-0.09340576171875001	9.71419921875	-0.1068115234375	-0.396728515625	0.35858154296875
2.39	-0.07903564453125	-0.10538085937500001	9.723779296875	-0.19073486328125	-0.1068115234375	0.41961669921875
2.4	-0.0335302734375	-0.07424560546875	9.7189892578125	-0.1220703125	-0.274658203125	0.35858154296875
2.409	-0.0431103515625	-0.1293310546875	9.6902490234375	-0.00762939453125	-0.31280517578125	0.3814697265625
2.418	-0.10538085937500001	-0.0143701171875	9.72138427734375	-0.16021728515625	-0.43487548828125	0.29754638671875
2.428	-0.10059082031250001	-0.07424560546875	9.71180419921875	-0.1373291015625	-0.3814697265625	0.41961669921875
2.439	-0.0622705078125	-0.1149609375	9.747729492187501	0.12969970703125	-0.7781982421875	0.23651123046875
2.448	-0.0335302734375	-0.08861572265625	9.71180419921875	-0.02288818359375	-0.74005126953125	0.41961669921875
2.457	0.0	-0.067060546875	9.613608398437501	-0.02288818359375	-0.7171630859375	0.3662109375
2.466	-0.0431103515625	-0.09101074218750001	9.7381494140625	0.00762939453125	-0.66375732421875	0.43487548828125
2.476	-0.0718505859375	-0.05987548828125	9.723779296875	-0.0152587890625	-0.40435791015625	0.396728515625
2.485	-0.08382568359375	-0.09340576171875001	9.723779296875	0.0	-0.25177001953125	0.48065185546875
2.495	-0.05987548828125	-0.10059082031250001	9.77407470703125	-0.1678466796875	-0.2899169921875	0.30517578125
2.504	-0.10777587890625001	-0.09819580078125001	9.716594238281251	-0.14495849609375	0.12969970703125	0.20599365234375
2.513	-0.0143701171875	-0.086220703125	9.73096435546875	-0.29754638671875	0.1068115234375	0.35858154296875
2.523	-0.06466552734375	-0.07424560546875	9.79083984375	-0.1220703125	0.23651123046875	0.2899169921875
2.533	-0.055085449218750006	-0.10777587890625001	9.733359375000001	-0.23651123046875	0.274658203125	0.518798828125
2.542	-0.06945556640625	-0.09819580078125001	9.75970458984375	-0.17547607421875	-0.0152587890625	0.31280517578125
2.552	-0.0814306640625	-0.07903564453125	9.702224121093751	-0.1220703125	-0.3662109375	0.3204345703125
2.562	-0.026345214843750003	-0.1149609375	9.695039062500001	-0.0762939453125	-0.22125244140625	0.396728515625
2.571	-0.047900390625000004	-0.08861572265625	9.70701416015625	-0.1678466796875	-0.1983642578125	0.5035400390625
2.581	-0.06466552734375	-0.05748046875	9.716594238281251	-0.2593994140625	-0.0457763671875	0.1983642578125
2.59	-0.045505371093750004	-0.06466552734375	9.666298828125	0.0	-0.25177001953125	0.30517578125
2.599	-0.05748046875	-0.055085449218750006	9.7573095703125	-0.1068115234375	0.08392333984375	0.45013427734375
2.609	-0.07424560546875	-0.0814306640625	9.79802490234375	-0.0762939453125	-0.12969970703125	0.38909912109375
2.618	-0.0431103515625	-0.09340576171875001	9.7716796875	-0.2593994140625	-0.12969970703125	0.40435791015625
2.628	-0.01676513671875	-0.10777587890625001	9.73096435546875	-0.05340576171875	-0.11444091796875	0.38909912109375
2.637	-0.01676513671875	-0.11735595703125	9.77886474609375	0.00762939453125	-0.0762939453125	0.35858154296875
2.647	-0.08382568359375	-0.12214599609375	9.6519287109375	-0.1373291015625	0.03814697265625	0.2899169921875
2.656	-0.05987548828125	-0.0622705078125	9.75012451171875	-0.32806396484375	0.16021728515625	0.45013427734375
2.665	-0.10059082031250001	-0.08382568359375	9.72138427734375	-0.09918212890625	0.25177001953125	0.37384033203125
2.675	-0.067060546875	-0.08861572265625	9.72617431640625	-0.08392333984375	-0.02288818359375	0.45013427734375
2.684	-0.13172607421875002	-0.09101074218750001	9.82676513671875	-0.1373291015625	0.16021728515625	0.3204345703125
2.694	-0.11017089843750001	-0.01676513671875	9.6615087890625	-0.19073486328125	-0.05340576171875	0.3662109375
2.703	-0.0335302734375	-0.05748046875	9.776469726562501	-0.1983642578125	-0.030517578125	0.37384033203125
2.712	-0.067060546875	-0.124541015625	9.70701416015625	-0.213623046875	0.06103515625	0.1983642578125
2.722	-0.09819580078125001	-0.076640625	9.7573095703125	-0.152587890625	-0.213623046875	0.396728515625
2.732	0.02155517578125	-0.011975097656250001	9.647138671875	-0.06866455078125	-0.091552734375	0.4730224609375
2.741	-0.05987548828125	-0.07424560546875	9.709409179687501	0.00762939453125	-0.08392333984375	0.396728515625
2.75	-0.04071533203125	-0.10059082031250001	9.67587890625	-0.08392333984375	-0.16021728515625	0.45013427734375
2.76	-0.08382568359375	-0.08382568359375	9.6710888671875	-0.0457763671875	-0.43487548828125	0.25177001953125
2.769	-0.03113525390625	-0.10298583984375001	9.7668896484375	0.03814697265625	-0.22125244140625	0.20599365234375
2.779	-0.0718505859375	-0.10538085937500001	9.72617431640625	0.0152587890625	-0.1068115234375	0.3204345703125
2.788	-0.11017089843750001	-0.07903564453125	9.69743408203125	-0.18310546875	0.12969970703125	0.4730224609375
2.797	0.01916015625	-0.076640625	9.723779296875	-0.213623046875	0.17547607421875	0.3509521484375
2.806	-0.026345214843750003	-0.05748046875	9.754914550781251	-0.06866455078125	0.29754638671875	0.274658203125
2.816	-0.07903564453125	-0.10538085937500001	9.73096435546875	-0.17547607421875	0.32806396484375	0.4425048828125
2.825	-0.06945556640625	-0.09340576171875001	9.68306396484375	-0.1678466796875	0.48065185546875	0.1983642578125
2.834	-0.08861572265625	-0.067060546875	9.74533447265625	0.0152587890625	-0.11444091796875	0.52642822265625
2.844	0.0383203125	-0.09580078125000001	9.69743408203125	-0.1983642578125	0.23651123046875	0.31280517578125
2.853	-0.04071533203125	-0.124541015625	9.75251953125	-0.1983642578125	-0.3204345703125	0.3662109375
2.863	-0.055085449218750006	-0.09340576171875001	9.7860498046875	0.05340576171875	-0.12969970703125	0.19073486328125
2.872	-0.026345214843750003	-0.0383203125	9.73575439453125	-0.1220703125	-0.05340576171875	0.32806396484375
2.881	-0.01676513671875	-0.10777587890625001	9.7381494140625	-0.17547607421875	0.091552734375	0.244140625
2.89	-0.0383203125	-0.067060546875	9.747729492187501	-0.30517578125	-0.1983642578125	0.34332275390625
2.899	-0.09819580078125001	-0.07903564453125	9.754914550781251	-0.1220703125	0.03814697265625	0.22125244140625
2.909	-0.01916015625	-0.045505371093750004	9.73575439453125	-0.09918212890625	-0.03814697265625	0.31280517578125
2.919	-0.067060546875	-0.06466552734375	9.680668945312501	-0.30517578125	-0.11444091796875	0.28228759765625
2.928	-0.0814306640625	-0.07424560546875	9.7189892578125	-0.19073486328125	-0.14495849609375	0.3662109375
2.938	-0.028740234375	-0.07903564453125	9.723779296875	-0.17547607421875	-0.17547607421875	0.3204345703125
2.948	-0.04071533203125	-0.045505371093750004	9.76449462890625	-0.08392333984375	0.0	0.29754638671875
2.956	0.023950195312500002	-0.06945556640625	9.7573095703125	-0.0457763671875	-0.20599365234375	0.29754638671875
2.966	-0.0814306640625	-0.011975097656250001	9.6231884765625	-0.2593994140625	-0.49591064453125	0.32806396484375
2.975	-0.07424560546875	-0.1197509765625	9.687854003906251	-0.34332275390625	-0.48065185546875	0.396728515625
2.985	-0.01916015625	-0.086220703125	9.75251953125	-0.1220703125	-0.5645751953125	0.37384033203125
2.995	-0.047900390625000004	-0.086220703125	9.7381494140625	-0.11444091796875	-0.51116943359375	0.29754638671875
3.004	-0.01676513671875	-0.13412109375	9.74533447265625	-0.152587890625	-0.49591064453125	0.5340576171875
3.014	-0.01676513671875	-0.023950195312500002	9.6998291015625	-0.244140625	-0.244140625	0.40435791015625
3.023	-0.0431103515625	-0.050295410156250005	9.73575439453125	-0.213623046875	-0.2593994140625	0.3662109375
3.033	-0.10298583984375001	-0.07424560546875	9.70701416015625	-0.05340576171875	-0.34332275390625	0.37384033203125
3.042	-0.052690429687500005	-0.076640625	9.742939453125	-0.244140625	-0.030517578125	0.46539306640625
3.051	-0.12214599609375	-0.050295410156250005	9.71180419921875	0.0	-0.4119873046875	0.49591064453125
3.061	-0.067060546875	-0.11256591796875001	9.7285693359375	-0.1373291015625	-0.49591064453125	0.34332275390625
3.07	-0.0622705078125	-0.0814306640625	9.673483886718751	0.0457763671875	-0.77056884765625	0.3814697265625
3.081	-0.0814306640625	-0.05748046875	9.74533447265625	-0.1373291015625	-0.2593994140625	0.42724609375
3.09	-0.026345214843750003	-0.028740234375	9.78365478515625	-0.1678466796875	-0.20599365234375	0.335693359375
3.099	-0.045505371093750004	-0.086220703125	9.76449462890625	-0.23651123046875	0.17547607421875	0.35858154296875
3.108	-0.045505371093750004	-0.055085449218750006	9.73575439453125	0.02288818359375	0.030517578125	0.41961669921875
3.117	-0.03113525390625	-0.0143701171875	9.7189892578125	-0.14495849609375	-0.1068115234375	0.30517578125
3.127	-0.0143701171875	-0.09580078125000001	9.666298828125	-0.12969970703125	-0.274658203125	0.3662109375
3.136	-0.07424560546875	-0.1149609375	9.793234863281251	-0.1068115234375	-0.3204345703125	0.40435791015625
3.146	-0.10777587890625001	-0.09101074218750001	9.7189892578125	-0.091552734375	0.152587890625	0.28228759765625
3.155	-0.03592529296875	0.0431103515625	9.70701416015625	-0.08392333984375	0.19073486328125	0.34332275390625
3.165	-0.07424560546875	-0.052690429687500005	9.71180419921875	-0.31280517578125	-0.3204345703125	0.40435791015625
3.174	-0.0622705078125	-0.10538085937500001	9.666298828125	-0.0762939453125	-0.0457763671875	0.23651123046875
3.183	-0.10298583984375001	-0.10059082031250001	9.67587890625	-0.20599365234375	-0.06103515625	0.42724609375
3.193	-0.10777587890625001	-0.08861572265625	9.75012451171875	-0.091552734375	-0.17547607421875	0.23651123046875
3.203	-0.06466552734375	-0.0335302734375	9.702224121093751	-0.213623046875	0.02288818359375	0.43487548828125
3.212	0.01916015625	-0.09101074218750001	9.71180419921875	-0.09918212890625	0.030517578125	0.2288818359375
3.221	-0.045505371093750004	-0.09101074218750001	9.77407470703125	-0.28228759765625	0.08392333984375	0.4119873046875
3.23	-0.055085449218750006	-0.050295410156250005	9.7860498046875	-0.25177001953125	-0.12969970703125	0.49591064453125
3.239	-0.06466552734375	-0.1580712890625	9.73096435546875	-0.28228759765625	0.06103515625	0.3662109375
3.249	0.02155517578125	-0.12693603515625002	9.656718750000001	-0.29754638671875	0.11444091796875	0.23651123046875
3.258	-0.00718505859375	-0.0383203125	9.73096435546875	0.00762939453125	0.02288818359375	0.45013427734375
3.266	-0.10777587890625001	-0.0622705078125	9.71180419921875	-0.18310546875	0.31280517578125	0.26702880859375
3.276	-0.045505371093750004	-0.08861572265625	9.73096435546875	-0.213623046875	0.152587890625	0.30517578125
3.286	-0.0718505859375	-0.052690429687500005	9.79802490234375	-0.0152587890625	0.29754638671875	0.3509521484375
3.295	-0.07903564453125	-0.12693603515625002	9.742939453125	-0.1678466796875	0.08392333984375	0.213623046875
3.304	-0.028740234375	-0.03113525390625	9.75012451171875	-0.20599365234375	0.05340576171875	0.31280517578125
3.313	-0.067060546875	-0.13412109375	9.70701416015625	-0.22125244140625	-0.2288818359375	0.23651123046875
3.322	-0.0335302734375	-0.10777587890625001	9.7189892578125	-0.28228759765625	-0.28228759765625	0.42724609375
3.333	-0.023950195312500002	-0.0622705078125	9.74533447265625	-0.1068115234375	0.02288818359375	0.2593994140625
3.342	-0.0622705078125	-0.05748046875	9.75251953125	-0.17547607421875	-0.34332275390625	0.48065185546875
3.351	-0.06945556640625	-0.10298583984375001	9.75970458984375	-0.09918212890625	-0.51116943359375	0.335693359375
3.361	0.067060546875	-0.067060546875	9.68306396484375	-0.16021728515625	-0.54931640625	0.6561279296875
3.371	0.0	-0.09101074218750001	9.742939453125	-0.14495849609375	0.274658203125	0.4730224609375
3.38	-0.10777587890625001	-0.162861328125	9.704619140625	-0.26702880859375	1.76239013671875	0.3509521484375
3.389	-0.07903564453125	-0.00718505859375	9.71180419921875	-0.49591064453125	1.24359130859375	0.5950927734375
3.399	-0.076640625	-0.0143701171875	9.742939453125	-0.5950927734375	0.32806396484375	0.3662109375
3.408	-0.0814306640625	-0.055085449218750006	9.704619140625	-0.45013427734375	0.66375732421875	0.42724609375
3.418	-0.05748046875	-0.12214599609375	9.81	-0.54168701171875	0.18310546875	0.5340576171875
3.427	-0.0431103515625	-0.03592529296875	9.61600341796875	-0.6256103515625	0.48065185546875	0.4119873046875
3.436	-0.067060546875	-0.08861572265625	9.742939453125	-0.579833984375	0.42724609375	0.396728515625
3.446	-0.12693603515625002	-0.11735595703125	9.63755859375	-0.61798095703125	-0.030517578125	0.3814697265625
3.456	-0.14130615234375002	-0.086220703125	9.781259765625	-0.732421875	0.40435791015625	0.28228759765625
3.465	0.0047900390625	-0.08382568359375	9.6998291015625	-0.5035400390625	-0.05340576171875	0.4119873046875
3.474	-0.0718505859375	-0.0814306640625	9.67827392578125	-0.42724609375	0.70953369140625	0.29754638671875
3.483	-0.09819580078125001	-0.09101074218750001	9.680668945312501	-0.43487548828125	0.75531005859375	0.43487548828125
3.493	-0.17004638671875	-0.08861572265625	9.82676513671875	-0.05340576171875	-0.25177001953125	0.26702880859375
3.503	-0.00239501953125	-0.07424560546875	9.7189892578125	-0.48828125	0.06866455078125	0.37384033203125
3.512	-0.0383203125	-0.06945556640625	9.642348632812501	-0.37384033203125	-0.28228759765625	0.34332275390625
3.521	-0.0814306640625	-0.10298583984375001	9.723779296875	-0.34332275390625	-0.48065185546875	0.396728515625
3.531	-0.15567626953125	-0.14130615234375002	9.72138427734375	-0.22125244140625	-0.396728515625	0.30517578125
3.54	-0.086220703125	-0.10777587890625001	9.71180419921875	0.05340576171875	-0.5340576171875	0.3204345703125
3.551	-0.03592529296875	-0.162861328125	9.747729492187501	0.213623046875	-0.8544921875	0.51116943359375
3.56	-0.06466552734375	-0.10059082031250001	9.7285693359375	0.46539306640625	-1.03759765625	0.58746337890625
3.57	-0.03113525390625	-0.15567626953125	9.8339501953125	0.6103515625	-1.18255615234375	0.396728515625
3.579	-0.04071533203125	-0.11017089843750001	9.7285693359375	0.6866455078125	-1.1749267578125	0.84686279296875
3.59	-0.05748046875	-0.08861572265625	9.7668896484375	0.54931640625	-1.50299072265625	1.16729736328125
3.599	-0.01676513671875	-0.2682421875	9.57768310546875	0.67901611328125	-0.45013427734375	2.51007080078125
3.609	-0.02155517578125	-0.18681152343750002	9.7668896484375	0.58746337890625	-0.06866455078125	4.32586669921875
3.618	-0.0383203125	-0.21076171875000002	9.687854003906251	0.7171630859375	0.06103515625	6.59942626953125
3.628	0.045505371093750004	-0.335302734375	9.7381494140625	0.61798095703125	0.0	8.7432861328125
3.637	0.050295410156250005	-0.37122802734375004	9.733359375000001	0.640869140625	0.49591064453125	10.85662841796875
3.646	-0.03113525390625	-0.46223876953125004	9.73575439453125	0.4730224609375	0.87738037109375	12.20703125
3.656	0.026345214843750003	-0.6059399414062501	9.7189892578125	0.6256103515625	1.0833740234375	13.8702392578125
3.665	-0.00718505859375	-0.53887939453125	9.71180419921875	0.4119873046875	0.5340576171875	13.99993896484375
3.676	-0.01916015625	-0.6873706054687501	9.709409179687501	0.518798828125	0.19073486328125	13.78631591796875
3.686	-0.13651611328125002	-0.71132080078125	9.79802490234375	0.3509521484375	-0.244140625	14.007568359375
3.696	-0.2442919921875	-0.814306640625	9.67587890625	0.1068115234375	-0.55694580078125	13.31329345703125
3.707	-0.39996826171875	-0.6035449218750001	9.747729492187501	-0.1068115234375	-1.0528564453125	12.96234130859375
3.718	-0.31374755859375003	-0.87418212890625	9.5848681640625	-0.00762939453125	-1.6021728515625	13.702392578125
3.729	-0.4358935546875	-0.6658154296875001	9.69264404296875	-0.4425048828125	-1.41143798828125	14.068603515625
3.739	-0.20357666015625	-0.6562353515625	9.704619140625	-0.3662109375	-2.03704833984375	11.98577880859375
3.75	-0.5604345703125	-0.7616162109375001	10.12374755859375	0.52642822265625	-1.3275146484375	12.3291015625
3.761	-0.1293310546875	-0.53408935546875	9.71419921875	-0.457763671875	-0.6561279296875	11.7034912109375
3.771	-0.24668701171875002	-0.7256909179687501	9.67587890625	-0.1373291015625	-0.51116943359375	12.27569580078125
3.782	-0.277822265625	-0.7256909179687501	9.687854003906251	-0.22125244140625	-0.58746337890625	11.84844970703125
3.792	-0.00718505859375	-0.9148974609375	9.7381494140625	-0.61798095703125	-0.30517578125	11.749267578125
3.803	-0.055085449218750006	-0.8813671875000001	9.78844482421875	-0.5645751953125	-0.37384033203125	10.711669921875
3.813	-0.009580078125	-1.025068359375	9.7381494140625	-0.6103515625	-0.0762939453125	10.82611083984375
3.823	0.08861572265625	-1.0969189453125001	9.70701416015625	-0.335693359375	0.152587890625	10.2081298828125
3.833	0.06466552734375	-1.120869140625	9.685458984375	-0.4730224609375	0.152587890625	8.9263916015625
3.844	-0.09819580078125001	-1.02267333984375	9.702224121093751	-0.17547607421875	0.66375732421875	6.6070556640625
3.853	-0.06945556640625	-1.06578369140625	9.85550537109375	0.0	0.5340576171875	5.86700439453125
3.863	-0.011975097656250001	-1.1472143554687502	9.71419921875	-0.0152587890625	0.89263916015625	5.37872314453125
3.873	-0.0047900390625	-1.1879296875	9.680668945312501	-0.08392333984375	0.9307861328125	5.2947998046875
3.883	0.02155517578125	-1.178349609375	9.781259765625	0.1983642578125	0.42724609375	6.072998046875
3.892	-0.03113525390625	-1.20948486328125	9.72138427734375	-0.00762939453125	0.63323974609375	5.69915771484375
3.902	-0.06945556640625	-0.98914306640625	9.71180419921875	-0.0457763671875	0.732421875	5.74493408203125
3.912	-0.11256591796875001	-1.08015380859375	9.819580078125	-0.0762939453125	0.90789794921875	6.35528564453125
3.921	-0.17244140625	-0.9627978515625001	9.769284667968751	0.06103515625	0.640869140625	6.46209716796875
3.932	-0.17244140625	-0.929267578125	9.723779296875	-0.05340576171875	0.29754638671875	5.8135986328125
3.942	-0.11256591796875001	-0.9340576171875	9.86508544921875	-0.11444091796875	0.4425048828125	6.08062744140625
3.952	-0.18681152343750002	-0.93166259765625	9.68306396484375	-0.0457763671875	-0.00762939453125	6.08062744140625
3.961	-0.22273681640625	-0.9436376953125001	9.70701416015625	0.0762939453125	0.030517578125	4.81414794921875
3.971	-0.10059082031250001	-0.9244775390625001	9.6327685546875	0.22125244140625	0.02288818359375	4.66156005859375
3.981	-0.19160156250000002	-0.8837622070312501	9.81718505859375	0.1220703125	-0.23651123046875	4.49371337890625
3.991	-0.14609619140625002	-0.9915380859375	9.77886474609375	0.030517578125	-0.58746337890625	3.33404541015625
4.001	0.22273681640625	-1.4322216796875	9.70701416015625	0.17547607421875	-0.67138671875	1.44195556640625
4.011	0.03592529296875	-1.41545654296875	9.81718505859375	0.02288818359375	-0.0152587890625	-2.349853515625
4.021	0.19160156250000002	-1.29091552734375	9.81718505859375	-0.11444091796875	-0.31280517578125	-5.94329833984375
4.031	0.1772314453125	-1.24301513671875	9.75970458984375	-0.00762939453125	0.1678466796875	-9.31549072265625
4.041	0.0718505859375	-0.95082275390625	9.9010107421875	0.67901611328125	0.244140625	-11.4898681640625
4.051	0.1149609375	-0.7424560546875001	9.7668896484375	-0.34332275390625	0.45013427734375	-14.16015625
4.062	-0.18920654296875	-0.61072998046875	9.81	-0.60272216796875	0.30517578125	-13.48114013671875
4.073	-0.1389111328125	-0.9675878906250001	9.237590332031251	-0.1068115234375	-0.92315673828125	-11.94000244140625
4.084	-0.44307861328125003	-0.8813671875000001	9.81718505859375	2.32696533203125	-0.31280517578125	-13.5955810546875
4.094	-0.19160156250000002	-0.5125341796875	9.94412109375	0.0	-1.22833251953125	-14.16015625
4.106	-0.21555175781250002	-0.5484594726562501	9.781259765625	-0.5340576171875	-0.84686279296875	-12.8021240234375
4.116	-0.43110351562500004	-0.35206787109375004	9.70701416015625	-0.35858154296875	-0.7171630859375	-8.29315185546875
4.126	-0.50055908203125	-0.43110351562500004	9.76449462890625	-0.30517578125	-0.6561279296875	-3.1890869140625
4.136	-0.44307861328125003	-0.8047265625000001	9.76449462890625	0.0152587890625	-0.51116943359375	0.19073486328125
4.147	-0.28500732421875	-1.08494384765625	9.7860498046875	-0.1373291015625	-0.457763671875	1.25885009765625
4.156	0.0	-1.3076806640625	9.75970458984375	0.091552734375	-0.3204345703125	0.72479248046875
4.166	0.3496728515625	-1.4681469726562502	9.80281494140625	-0.35858154296875	-0.92315673828125	-0.6103515625
4.176	0.23231689453125	-1.5855029296875	9.77407470703125	-0.4119873046875	-0.63323974609375	-4.66156005859375
4.187	0.27063720703125	-1.72201904296875	9.740544433593751	-0.06103515625	-0.35858154296875	-9.3536376953125
4.198	0.17244140625	-1.50167724609375	9.79802490234375	-0.0762939453125	-0.5645751953125	-13.1988525390625
4.208	0.0335302734375	-1.28373046875	9.72617431640625	-0.335693359375	-0.213623046875	-15.35797119140625
4.218	-0.22513183593750002	-0.8646020507812501	9.716594238281251	-0.38909912109375	-0.32806396484375	-16.70074462890625
4.229	0.10059082031250001	-0.622705078125	9.77407470703125	0.030517578125	-0.41961669921875	-17.93670654296875
4.24	0.26584716796875	-0.814306640625	9.680668945312501	-0.4119873046875	-0.74005126953125	-19.05059814453125
4.25	0.31374755859375003	-0.96998291015625	9.81718505859375	-0.4119873046875	-0.58746337890625	-21.2249755859375
4.261	0.229921875	-0.87897216796875	9.769284667968751	-0.457763671875	-0.28228759765625	-23.956298828125
4.272	-0.3592529296875	-0.910107421875	9.33339111328125	0.091552734375	-0.93841552734375	-27.09197998046875
4.283	-0.1772314453125	-0.25626708984375	9.7285693359375	-0.52642822265625	-0.1068115234375	-27.93121337890625
4.293	-0.31374755859375003	0.36643798828125	9.793234863281251	0.12969970703125	-0.4425048828125	-24.34539794921875
4.302	-0.009580078125	0.32811767578125	9.76449462890625	-0.02288818359375	-0.81634521484375	-23.193359375
4.313	-0.028740234375	0.13651611328125002	9.6615087890625	0.0	-0.49591064453125	-22.33123779296875
4.323	0.10059082031250001	0.3496728515625	9.6040283203125	-0.30517578125	-0.69427490234375	-21.47674560546875
4.333	0.1197509765625	0.13651611328125002	9.7573095703125	-0.14495849609375	-0.41961669921875	-20.904541015625
4.342	0.1389111328125	0.08382568359375	9.63995361328125	-0.06103515625	-0.396728515625	-19.7296142578125
4.353	0.04071533203125	0.24908203125	9.65911376953125	-0.45013427734375	-0.12969970703125	-17.9901123046875
4.363	0.11256591796875001	0.32332763671875003	9.8435302734375	-0.30517578125	-0.18310546875	-15.75469970703125
4.373	-0.1293310546875	0.43349853515625003	9.685458984375	-0.1068115234375	0.2288818359375	-13.214111328125
4.383	-0.3592529296875	0.51492919921875	9.649533691406251	-0.12969970703125	-0.35858154296875	-10.70404052734375
4.393	-0.3113525390625	0.6035449218750001	9.608818359375	0.22125244140625	-0.213623046875	-7.19451904296875
4.404	-0.32811767578125	0.63468017578125	9.7573095703125	-0.0457763671875	-0.2593994140625	-4.791259765625
4.414	-0.22513183593750002	0.10298583984375001	9.6615087890625	-0.37384033203125	-0.2593994140625	-3.936767578125
4.424	-0.25147705078125	-0.1676513671875	9.6231884765625	0.213623046875	-0.51116943359375	-5.0048828125
4.433	-0.27063720703125	-0.41433837890625	9.72138427734375	-0.0457763671875	-0.030517578125	-8.0108642578125
4.444	-0.27063720703125	-0.44307861328125003	9.79083984375	0.213623046875	-0.03814697265625	-11.0321044921875
4.454	-0.41912841796875	-0.23710693359375	9.70701416015625	0.26702880859375	0.06103515625	-14.06097412109375
4.464	-0.258662109375	-0.17244140625	9.72617431640625	0.31280517578125	-0.2593994140625	-15.55633544921875
4.474	-0.3209326171875	0.0431103515625	9.7716796875	0.274658203125	-0.396728515625	-16.48712158203125
4.485	-0.354462890625	0.0814306640625	9.71180419921875	0.30517578125	-0.640869140625	-16.24298095703125
4.494	-0.32811767578125	0.03592529296875	9.65432373046875	0.244140625	0.0457763671875	-14.91546630859375
4.503	-0.21555175781250002	0.26105712890625	9.78365478515625	0.4119873046875	0.19073486328125	-14.0228271484375
4.514	-0.16525634765625	0.19639160156250002	9.649533691406251	-0.11444091796875	-0.11444091796875	-14.34326171875
4.524	-0.01676513671875	0.26345214843750003	9.77886474609375	-0.335693359375	0.02288818359375	-15.90728759765625
4.533	0.0	0.49337402343750003	9.73096435546875	0.091552734375	-0.2593994140625	-16.9830322265625
4.543	-0.009580078125	0.42152343750000004	9.740544433593751	0.1373291015625	-0.54931640625	-16.4642333984375
4.552	-0.18441650390625	0.49576904296875	9.829160156250001	0.0	-0.12969970703125	-15.73944091796875
4.562	-0.1484912109375	0.39038818359375	9.733359375000001	-0.22125244140625	-0.06866455078125	-13.1378173828125
4.574	-0.40236328125000004	0.30177246093750004	9.649533691406251	-0.52642822265625	-0.091552734375	-10.8489990234375
4.584	-0.28979736328125	0.16525634765625	9.635163574218751	-0.17547607421875	-0.22125244140625	-8.7432861328125
4.593	-0.36404296875000003	0.01676513671875	9.673483886718751	-0.2593994140625	-0.4119873046875	-6.78253173828125
4.603	-0.229921875	-0.1389111328125	9.656718750000001	-0.244140625	-0.46539306640625	-5.3253173828125
4.615	-0.23710693359375	-0.2347119140625	9.71180419921875	-0.29754638671875	-0.396728515625	-4.8065185546875
4.625	-0.03592529296875	-0.316142578125	9.8052099609375	-0.46539306640625	-0.32806396484375	-5.19561767578125
4.634	0.1772314453125	-0.47181884765625004	9.65432373046875	-0.49591064453125	-0.7476806640625	-7.1563720703125
4.645	0.18202148437500001	-0.3784130859375	9.73575439453125	-0.274658203125	-0.23651123046875	-9.08660888671875
4.656	0.0622705078125	-0.34248779296875004	9.73575439453125	-0.26702880859375	-0.2593994140625	-10.8642578125
4.666	-0.1676513671875	-0.28979736328125	9.747729492187501	0.05340576171875	-0.1373291015625	-11.7340087890625
4.676	-0.06466552734375	-0.3688330078125	9.75251953125	-0.30517578125	-0.02288818359375	-12.6800537109375
4.686	-0.09819580078125001	-0.22273681640625	9.685458984375	-0.18310546875	0.18310546875	-13.37432861328125
4.697	-0.05987548828125	-0.27303222656250004	9.762099609375001	-0.1068115234375	0.274658203125	-13.98468017578125
4.707	-0.02155517578125	-0.27303222656250004	9.754914550781251	-0.0152587890625	0.1983642578125	-15.25115966796875
4.717	-0.076640625	-0.1772314453125	9.673483886718751	0.1373291015625	-0.57220458984375	-16.9677734375
4.727	-0.09580078125000001	-0.0335302734375	9.702224121093751	0.42724609375	-0.48828125	-19.744873046875
4.738	-0.19639160156250002	0.10298583984375001	9.68306396484375	0.5340576171875	-0.38909912109375	-21.270751953125
4.748	-0.26584716796875	0.44307861328125003	9.723779296875	0.19073486328125	-0.55694580078125	-21.62933349609375
4.758	-0.15328125	0.5795947265625	9.70701416015625	0.28228759765625	-0.40435791015625	-21.1944580078125
4.767	-0.239501953125	0.67060546875	9.61121337890625	0.396728515625	0.1068115234375	-19.500732421875
4.779	-0.26105712890625	0.9053173828125001	9.6710888671875	-0.05340576171875	-0.1220703125	-16.387939453125
4.789	-0.21555175781250002	1.0777587890625	9.709409179687501	0.213623046875	-0.30517578125	-12.939453125
4.799	-0.36643798828125	1.02746337890625	9.70701416015625	0.30517578125	-0.0152587890625	-8.75091552734375
4.808	-0.32811767578125	1.09452392578125	9.666298828125	0.22125244140625	-0.06866455078125	-4.49371337890625
4.818	-0.27063720703125	0.89334228515625	9.7285693359375	0.05340576171875	-0.02288818359375	-1.06048583984375
4.828	-0.18681152343750002	0.91729248046875	9.72617431640625	0.1373291015625	-0.0457763671875	1.2054443359375
4.837	-0.27303222656250004	0.89334228515625	9.6183984375	0.06103515625	-0.08392333984375	1.16729736328125
4.847	-0.26105712890625	1.0011181640625	9.77407470703125	0.17547607421875	0.1220703125	1.80816650390625
4.856	-0.17483642578125	0.9148974609375	9.71180419921875	0.19073486328125	0.06866455078125	1.85394287109375
4.866	-0.316142578125	0.74964111328125	9.6998291015625	-0.28228759765625	0.05340576171875	1.77764892578125
4.876	-0.1676513671875	0.7256909179687501	9.656718750000001	0.34332275390625	0.3204345703125	2.3345947265625
4.885	-0.2682421875	0.8190966796875	9.7285693359375	0.1220703125	0.1068115234375	2.6702880859375
4.895	-0.24908203125	0.91729248046875	9.7381494140625	0.19073486328125	0.12969970703125	4.05120849609375
4.904	-0.39996826171875	0.7807763671875	9.7285693359375	-0.03814697265625	0.0152587890625	5.43212890625
4.914	-0.19639160156250002	0.5867797851562501	9.709409179687501	-0.2593994140625	0.34332275390625	6.8359375
4.924	-0.17962646484375	0.6059399414062501	9.7860498046875	-0.40435791015625	0.0457763671875	7.10296630859375
4.933	-0.13651611328125002	0.5652246093750001	9.762099609375001	-0.274658203125	0.11444091796875	5.9051513671875
4.943	-0.21315673828125	0.45984375	9.70701416015625	-0.274658203125	-0.1678466796875	4.7454833984375
4.953	-0.229921875	0.43110351562500004	9.63037353515625	-0.40435791015625	-0.34332275390625	2.78472900390625
4.963	-0.15567626953125	0.48139892578125004	9.73096435546875	-0.1373291015625	-0.16021728515625	1.74713134765625
4.973	-0.11256591796875001	0.5316943359375	9.709409179687501	-0.51116943359375	-0.3662109375	0.96893310546875
4.982	-0.1484912109375	0.6035449218750001	9.77407470703125	-0.40435791015625	-0.37384033203125	0.1678466796875
4.993	-0.258662109375	0.46223876953125004	9.695039062500001	-0.19073486328125	-0.1678466796875	-1.28173828125
5.003	-0.27063720703125	0.6251000976562501	9.649533691406251	-0.1220703125	-0.43487548828125	-3.387451171875
5.013	-0.18920654296875	0.6514453125	9.687854003906251	-0.213623046875	-0.48065185546875	-6.3629150390625
5.024	-0.29219238281250004	0.85502197265625	9.589658203125001	-0.2288818359375	-0.83160400390625	-8.819580078125
5.035	-0.4981640625	1.1543994140625	9.67587890625	-0.06866455078125	-0.92315673828125	-8.26263427734375
5.046	-0.5987548828125	1.20948486328125	9.635163574218751	-0.3509521484375	-0.80108642578125	-5.157470703125
5.056	-0.258662109375	1.0681787109375	9.742939453125	-0.4730224609375	-0.25177001953125	0.38909912109375
5.066	-0.19160156250000002	0.62031005859375	9.7381494140625	-0.152587890625	-0.37384033203125	4.486083984375
5.075	0.21794677734375	0.21315673828125	9.7285693359375	-0.4425048828125	-0.05340576171875	8.026123046875
5.085	0.2347119140625	0.00239501953125	9.6710888671875	-0.74005126953125	0.48828125	9.246826171875
5.095	0.25147705078125	-0.14130615234375002	9.673483886718751	-0.6561279296875	0.25177001953125	8.82720947265625
5.104	0.29937744140625	-0.22752685546875	9.73096435546875	-0.5035400390625	0.3662109375	7.45391845703125
5.113	0.48618896484375	-0.31374755859375003	9.838740234375	0.06866455078125	0.14495849609375	5.19561767578125
5.123	0.41194335937500004	-0.19639160156250002	9.723779296875	-0.38909912109375	0.06103515625	2.9144287109375
5.132	0.5029541015625	-0.11017089843750001	9.762099609375001	-0.18310546875	-0.0152587890625	0.457763671875
5.141	0.3592529296875	0.03113525390625	9.73575439453125	0.091552734375	0.030517578125	-2.655029296875
5.15	0.48379394531250003	0.22034179687500002	9.64474365234375	-0.02288818359375	-0.1220703125	-4.5623779296875
5.16	0.42152343750000004	0.5029541015625	9.853110351562501	0.0152587890625	-0.17547607421875	-7.72857666015625
5.17	0.32572265625	0.5867797851562501	9.66869384765625	0.05340576171875	0.06866455078125	-9.80377197265625
5.179	0.36643798828125	0.91250244140625	9.8243701171875	0.20599365234375	-0.2288818359375	-11.077880859375
5.189	0.20118164062500002	1.2214599609375	9.67587890625	0.09918212890625	-0.3814697265625	-11.627197265625
5.199	0.05748046875	1.4418017578125	9.635163574218751	-0.25177001953125	-0.42724609375	-10.7574462890625
5.21	-0.19639160156250002	1.9495458984375	9.72138427734375	-0.28228759765625	-0.00762939453125	-7.46917724609375
5.22	-0.42870849609375	2.1579125976562503	9.71180419921875	-0.17547607421875	0.12969970703125	-4.44793701171875
5.23	-0.4071533203125	2.10522216796875	9.6710888671875	-0.28228759765625	-0.17547607421875	-1.38092041015625
5.239	-0.39278320312500004	2.1076171875000003	9.66869384765625	-0.06103515625	-0.00762939453125	0.60272216796875
5.25	-0.41912841796875	1.8824853515625002	9.695039062500001	-0.335693359375	0.12969970703125	0.4730224609375
5.26	-0.36164794921875004	1.7459692382812502	9.6183984375	-0.08392333984375	-0.335693359375	1.1444091796875
5.269	-0.36643798828125	1.5711328125000001	9.829160156250001	-0.14495849609375	-0.52642822265625	0.9613037109375
5.279	-0.3065625	1.45856689453125	9.69264404296875	-0.1068115234375	-0.6256103515625	0.83160400390625
5.289	-0.162861328125	0.9795629882812501	9.70701416015625	-0.3204345703125	-1.5106201171875	0.35858154296875
5.3	-0.06466552734375	-0.1389111328125	9.6998291015625	-1.19781494140625	-1.5716552734375	0.1068115234375
5.31	-0.11256591796875001	-0.09101074218750001	9.702224121093751	-1.3885498046875	-2.3193359375	0.0
5.32	-0.08861572265625	-0.1293310546875	9.7381494140625	-0.7781982421875	-3.12042236328125	0.00762939453125
5.331	-0.7328759765625	-0.4646337890625	9.68306396484375	-0.51116943359375	-3.83758544921875	-2.84576416015625
5.343	-0.5029541015625	-0.43349853515625003	9.68306396484375	-0.457763671875	-1.922607421875	-10.39886474609375
5.353	-0.7999365234375	-0.47660888671875	9.7381494140625	-0.26702880859375	-1.85394287109375	-15.51055908203125
5.364	-0.85981201171875	-0.5604345703125	9.673483886718751	-0.06103515625	-1.190185546875	-18.3258056640625
5.376	-1.0346484375	-0.5077441406250001	9.702224121093751	-0.08392333984375	-0.8697509765625	-19.2108154296875
5.387	-1.302890625	-0.3975732421875	9.709409179687501	-0.25177001953125	-0.732421875	-18.463134765625
5.397	-1.41066650390625	-0.31853759765625	9.754914550781251	-0.06103515625	-0.18310546875	-17.82989501953125
5.407	-1.5471826171875	-0.38320312500000003	9.68306396484375	0.1068115234375	0.11444091796875	-16.67022705078125
5.417	-1.4681469726562502	-0.39038818359375	9.649533691406251	0.06103515625	0.49591064453125	-14.2822265625
5.428	-1.350791015625	-0.4167333984375	9.72138427734375	0.09918212890625	0.32806396484375	-14.09912109375
5.439	-1.78189453125	-0.51013916015625	9.740544433593751	-0.1068115234375	-0.396728515625	-16.8914794921875
5.45	-1.1735595703125001	-0.61072998046875	9.77407470703125	0.152587890625	-0.69427490234375	-15.6097412109375
5.462	-1.868115234375	-0.63947021484375	9.742939453125	-0.03814697265625	-0.885009765625	-14.2059326171875
5.473	-1.839375	-0.44068359375000005	9.742939453125	-0.22125244140625	-1.678466796875	-14.4195556640625
5.483	-1.7004638671875	-0.4454736328125	9.814790039062501	-0.43487548828125	-0.8697509765625	-12.3443603515625
5.494	-1.60226806640625	-0.0383203125	9.6615087890625	-0.640869140625	-1.74713134765625	-6.34765625
5.505	-1.42024658203125	0.03592529296875	9.687854003906251	-0.61798095703125	-2.25067138671875	2.0751953125
5.515	-1.4729370117187501	0.0	9.67587890625	-1.06048583984375	-2.76947021484375	10.53619384765625
5.526	-1.7004638671875	-0.25626708984375	9.55852294921875	-0.8544921875	-2.67791748046875	16.1895751953125
5.536	-1.580712890625	-0.41912841796875	9.776469726562501	-0.701904296875	-2.044677734375	19.35577392578125
5.548	-1.41066650390625	-0.54366943359375	9.85071533203125	-0.61798095703125	-1.1138916015625	19.0582275390625
5.559	-1.5376025390625	-0.56282958984375	9.66390380859375	-0.091552734375	-2.75421142578125	14.90020751953125
5.569	-1.0202783203125	-0.28021728515625	9.67827392578125	-0.2899169921875	-3.0364990234375	15.78521728515625
5.579	-0.47181884765625004	-0.5748046875	9.695039062500001	0.0457763671875	-3.9215087890625	18.341064453125
5.591	-1.07296875	-0.8669970703125001	9.50583251953125	0.3509521484375	-1.9989013671875	19.05059814453125
5.601	-0.71611083984375	-0.42152343750000004	9.685458984375	0.67138671875	-3.0517578125	17.669677734375
5.612	-0.6179150390625	-0.46702880859375	9.7860498046875	0.26702880859375	-3.5552978515625	18.89801025390625
5.622	-0.3784130859375	-0.49097900390625004	9.94412109375	-0.60272216796875	0.61798095703125	18.02825927734375
5.633	-0.70892578125	-0.3784130859375	9.762099609375001	0.05340576171875	2.89154052734375	14.35089111328125
5.643	-0.70892578125	-0.1293310546875	9.666298828125	0.518798828125	0.75531005859375	13.214111328125
5.652	-0.2682421875	0.05748046875	9.77407470703125	0.396728515625	-0.61798095703125	15.23590087890625
5.662	-0.37122802734375004	-0.10298583984375001	9.747729492187501	-0.23651123046875	0.3662109375	16.7694091796875
5.672	-0.1389111328125	-0.16046630859375	9.733359375000001	-0.244140625	0.03814697265625	17.4560546875
5.683	0.18202148437500001	-0.2682421875	9.704619140625	-0.61798095703125	-1.33514404296875	19.2413330078125
5.693	0.13412109375	-0.4646337890625	9.73096435546875	-0.78582763671875	0.2899169921875	19.69146728515625
5.702	0.18681152343750002	-0.59396484375	9.6998291015625	-0.41961669921875	-0.09918212890625	17.46368408203125
5.712	0.51492919921875	-0.49097900390625004	9.8914306640625	-0.732421875	0.66375732421875	15.7928466796875
5.724	0.11735595703125	-0.7831713867187501	9.867480468750001	1.03759765625	-2.05230712890625	10.0860595703125
5.733	0.15328125	-0.680185546875	9.92256591796875	0.6561279296875	0.41961669921875	5.72967529296875
5.742	-0.41194335937500004	-0.4550537109375	9.6998291015625	0.213623046875	-0.00762939453125	1.617431640625
5.752	-0.3592529296875	-0.2682421875	9.70701416015625	0.25177001953125	0.3509521484375	-0.09918212890625
5.762	-0.488583984375	0.0	9.66390380859375	-0.05340576171875	0.3509521484375	-2.50244140625
5.771	-0.37362304687500003	0.17004638671875	9.702224121093751	-0.274658203125	0.43487548828125	-3.082275390625
5.781	-0.22752685546875	0.36164794921875004	9.75970458984375	-0.335693359375	-0.5950927734375	1.54876708984375
5.791	-0.13651611328125002	0.43828857421875	9.81718505859375	-0.7476806640625	-1.678466796875	8.03375244140625
5.801	-0.09580078125000001	0.28021728515625	9.769284667968751	-0.11444091796875	-1.07574462890625	11.2762451171875
5.812	-0.34727783203125	0.11735595703125	9.800419921875001	-0.2288818359375	0.26702880859375	13.61846923828125
5.822	-0.25626708984375	-0.086220703125	9.66869384765625	0.1220703125	1.07574462890625	14.64080810546875
5.831	0.03592529296875	-0.050295410156250005	9.79083984375	-0.29754638671875	-1.3275146484375	15.7928466796875
5.841	-0.045505371093750004	-0.17483642578125	9.754914550781251	-0.05340576171875	0.6866455078125	14.892578125
5.851	0.18920654296875	-0.29219238281250004	9.4890673828125	0.00762939453125	-1.2664794921875	14.923095703125
5.861	-0.01676513671875	-0.22273681640625	9.7716796875	-0.5340576171875	2.26593017578125	13.0157470703125
5.871	0.1197509765625	0.15088623046875002	9.673483886718751	-0.12969970703125	0.18310546875	14.70947265625
5.88	0.0383203125	-0.076640625	9.6998291015625	0.14495849609375	2.9296875	15.869140625
5.891	0.47660888671875	-0.0383203125	9.647138671875	-0.06866455078125	3.387451171875	13.0767822265625
5.9	0.5843847656250001	-0.05748046875	9.75251953125	-0.16021728515625	0.4730224609375	11.1083984375
5.91	0.42152343750000004	-0.26584716796875	9.620793457031251	-1.39617919921875	0.66375732421875	11.31439208984375
5.92	0.24189697265625001	-0.32572265625	9.4890673828125	-1.2359619140625	0.48065185546875	12.2528076171875
5.931	0.65863037109375	-0.1197509765625	9.81	0.091552734375	-0.90789794921875	13.336181640625
5.941	0.6514453125	0.086220703125	9.874665527343751	-0.93841552734375	-2.166748046875	14.67132568359375
5.951	1.04662353515625	-0.06945556640625	9.814790039062501	-0.95367431640625	0.335693359375	11.199951171875
5.961	-0.0718505859375	-0.00239501953125	9.58726318359375	-0.81634521484375	5.48553466796875	8.01849365234375
5.971	0.26105712890625	-0.22273681640625	9.5034375	0.4425048828125	3.47137451171875	2.31170654296875
5.981	0.36404296875000003	-0.32332763671875003	9.733359375000001	0.3814697265625	4.1961669921875	0.6866455078125
5.991	0.5652246093750001	-0.18681152343750002	9.9776513671875	1.45721435546875	5.83648681640625	-0.11444091796875
6.0	0.3065625	0.24668701171875002	9.575288085937501	0.244140625	2.47955322265625	-0.9765625
6.01	0.33769775390625	0.21315673828125	9.77407470703125	-1.2969970703125	2.349853515625	-2.03704833984375
6.021	0.239501953125	0.258662109375	9.6998291015625	-1.220703125	6.21795654296875	-0.60272216796875
6.031	0.13412109375	0.7448510742187501	9.82676513671875	-2.105712890625	4.06646728515625	-1.70135498046875
6.04	0.229921875	0.64905029296875	9.73575439453125	-1.861572265625	0.213623046875	1.45721435546875
6.05	0.354462890625	0.48618896484375	9.85071533203125	-0.54168701171875	-2.3345947265625	1.922607421875
6.061	0.29458740234375	0.6083349609375001	9.7668896484375	-0.762939453125	-7.43865966796875	3.62396240234375
6.071	0.43828857421875	0.5604345703125	9.67827392578125	-0.091552734375	-1.83868408203125	1.83868408203125
6.081	0.91729248046875	0.16525634765625	9.77886474609375	-0.274658203125	-0.2288818359375	7.63702392578125
6.091	0.737666015625	0.41912841796875	9.79083984375	-0.762939453125	-2.5634765625	5.0048828125
6.102	0.9220825195312501	-0.26345214843750003	9.84592529296875	-0.26702880859375	2.13623046875	12.0086669921875
6.112	0.42391845703125003	0.0622705078125	9.613608398437501	-0.70953369140625	-1.5716552734375	4.150390625
6.122	-0.1389111328125	-0.20118164062500002	9.43877197265625	-0.9918212890625	-1.6937255859375	3.88336181640625
6.131	0.7903564453125	0.0383203125	9.874665527343751	-0.26702880859375	0.64849853515625	-3.35693359375
6.141	1.04183349609375	-0.28500732421875	9.81718505859375	0.29754638671875	5.08880615234375	1.13677978515625
6.152	0.47181884765625004	0.28261230468750004	9.8483203125	-0.89263916015625	3.2806396484375	-3.63922119140625
6.162	0.8382568359375	0.22513183593750002	9.6615087890625	-1.02996826171875	2.532958984375	-0.579833984375
6.172	0.74006103515625	0.07903564453125	9.740544433593751	-1.4495849609375	1.2969970703125	2.44903564453125
6.182	0.77838134765625	-0.32332763671875003	9.89382568359375	-0.5340576171875	4.6844482421875	6.01959228515625
6.192	0.814306640625	0.10298583984375001	9.90340576171875	-1.5411376953125	0.03814697265625	5.30242919921875
6.203	0.67060546875	-0.18202148437500001	9.881850585937501	-1.64794921875	-0.86212158203125	8.85009765625
6.212	0.8071215820312501	-0.5676196289062501	9.53457275390625	0.19073486328125	0.1220703125	10.90240478515625
6.223	0.8837622070312501	0.1149609375	9.807604980468751	-1.1444091796875	-6.05010986328125	14.404296875
6.234	0.33769775390625	-0.29458740234375	9.78844482421875	-0.96893310546875	-5.04302978515625	12.91656494140625
6.245	-0.15567626953125	-0.42870849609375	9.94651611328125	-1.06048583984375	-9.91058349609375	8.1634521484375
6.255	0.49337402343750003	-0.7424560546875001	9.7573095703125	-0.05340576171875	-3.3111572265625	2.838134765625
6.265	0.91250244140625	-0.4550537109375	10.008786621093751	-0.25177001953125	-2.9296875	3.0517578125
6.276	0.6658154296875001	-0.7616162109375001	9.6231884765625	0.701904296875	-0.9918212890625	0.640869140625
6.286	0.9196875	-0.2347119140625	9.6231884765625	-0.0152587890625	-1.27410888671875	-2.1514892578125
6.297	-1.19990478515625	-0.258662109375	10.011181640625	-0.06103515625	-2.716064453125	-1.5411376953125
6.307	0.756826171875	-0.21555175781250002	9.69743408203125	0.2288818359375	-2.99835205078125	-10.67352294921875
6.318	-0.5604345703125	-0.050295410156250005	9.927355957031251	-0.22125244140625	-5.16510009765625	-11.16943359375
6.329	0.756826171875	-0.44307861328125003	9.28070068359375	1.220703125	0.67138671875	-15.69366455078125
6.339	-0.2442919921875	-0.5029541015625	9.742939453125	-0.31280517578125	-2.8533935546875	-11.68060302734375
6.349	0.37601806640625	-0.14609619140625002	9.7381494140625	0.335693359375	-1.3275146484375	-12.51220703125
6.36	0.45984375	0.00239501953125	9.95130615234375	-0.28228759765625	-1.495361328125	-7.54547119140625
6.37	0.48618896484375	0.1197509765625	10.06626708984375	-0.0152587890625	-1.35040283203125	-6.61468505859375
6.379	0.31374755859375003	0.047900390625000004	9.9297509765625	-0.52642822265625	0.5340576171875	-6.09588623046875
6.388	0.10777587890625001	0.143701171875	9.814790039062501	-0.457763671875	-0.2593994140625	-4.31060791015625
6.398	0.37362304687500003	0.15088623046875002	9.61121337890625	-0.579833984375	0.40435791015625	-6.32476806640625
6.408	0.28740234375	0.03592529296875	9.75970458984375	-0.6256103515625	2.25067138671875	-4.15802001953125
6.417	0.14609619140625002	0.13412109375	9.972861328125001	-0.640869140625	0.5035400390625	-3.875732421875
6.427	0.4071533203125	-0.17962646484375	9.666298828125	-0.18310546875	3.23486328125	-1.21307373046875
6.437	0.9148974609375	-0.03113525390625	9.769284667968751	-0.48065185546875	2.0904541015625	0.8697509765625
6.447	0.5269042968750001	-0.239501953125	9.94412109375	-0.0457763671875	2.58636474609375	5.62286376953125
6.457	0.3688330078125	-0.17004638671875	9.85071533203125	0.3814697265625	1.9683837890625	4.58526611328125
6.466	0.49576904296875	-0.10059082031250001	9.7573095703125	-0.38909912109375	1.434326171875	4.55474853515625
6.476	0.51971923828125	0.05748046875	9.71419921875	-0.67138671875	0.38909912109375	3.0975341796875
6.486	0.41912841796875	0.03113525390625	9.522597656250001	-0.06866455078125	2.86865234375	3.82232666015625
6.495	0.73527099609375	0.28740234375	9.881850585937501	-0.93841552734375	0.9765625	4.7149658203125
6.505	0.9005273437500001	0.086220703125	9.59923828125	-0.35858154296875	0.64849853515625	5.3863525390625
6.514	0.680185546875	0.143701171875	10.001601562500001	-0.4119873046875	-0.23651123046875	3.7841796875
6.524	1.4226416015625	0.07903564453125	9.7668896484375	-0.5950927734375	-0.99945068359375	6.32476806640625
6.535	0.50055908203125	-0.37362304687500003	9.75970458984375	1.129150390625	-3.94439697265625	7.36236572265625
6.545	1.916015625	0.17483642578125	9.82676513671875	-1.24359130859375	-1.60980224609375	9.33837890625
6.556	1.4250366210937502	-0.06945556640625	9.608818359375	-0.1983642578125	-2.84576416015625	8.453369140625
6.566	1.76512939453125	0.3209326171875	9.912985839843751	-1.53350830078125	-1.9073486328125	15.02227783203125
6.577	0.7520361328125	-0.12214599609375	9.8722705078125	0.46539306640625	-6.0272216796875	16.57867431640625
6.588	1.44898681640625	0.1293310546875	9.948911132812501	-1.91497802734375	-2.41851806640625	18.40972900390625
6.598	1.4082714843750002	-0.026345214843750003	9.82676513671875	-0.8697509765625	-1.2664794921875	14.9688720703125
6.608	1.312470703125	0.1580712890625	9.66390380859375	-1.251220703125	-0.74005126953125	11.23809814453125
6.619	0.7520361328125	0.02155517578125	9.78365478515625	-0.57220458984375	0.091552734375	1.57928466796875
6.628	0.03113525390625	-0.16046630859375	9.6998291015625	0.0152587890625	0.732421875	0.31280517578125
6.637	-0.31853759765625	-0.067060546875	10.212363281250001	-0.95367431640625	0.38909912109375	0.14495849609375
6.646	-0.143701171875	-0.30895751953125	9.96567626953125	0.1983642578125	0.457763671875	-0.3814697265625
6.657	0.42870849609375	-0.17244140625	9.469907226562501	-0.6561279296875	2.99072265625	-0.26702880859375
6.666	0.0814306640625	-0.124541015625	9.702224121093751	-0.60272216796875	0.9002685546875	-0.58746337890625
6.676	-0.3448828125	-0.2442919921875	9.72617431640625	0.48065185546875	-2.03704833984375	-1.06048583984375
6.686	0.050295410156250005	-0.0718505859375	9.60163330078125	-0.22125244140625	1.74713134765625	-1.73187255859375
6.696	0.162861328125	-0.143701171875	9.742939453125	-0.030517578125	1.86920166015625	-2.5482177734375
6.706	0.16525634765625	-0.18441650390625	9.7189892578125	-0.06866455078125	2.0904541015625	-2.75421142578125
6.716	0.028740234375	-0.25147705078125	9.656718750000001	0.20599365234375	2.47955322265625	-1.97601318359375
6.725	0.023950195312500002	-0.16046630859375	9.747729492187501	0.51116943359375	2.72369384765625	-0.19073486328125
6.734	0.0143701171875	-0.11735595703125	9.793234863281251	0.9765625	2.87628173828125	-0.1373291015625
6.745	-0.011975097656250001	-0.1676513671875	9.67827392578125	1.312255859375	-0.74005126953125	0.28228759765625
6.754	-0.023950195312500002	-0.19160156250000002	9.86987548828125	2.0751953125	-2.54058837890625	0.518798828125
6.764	0.09819580078125001	-0.19399658203125	9.8626904296875	3.37982177734375	-2.83050537109375	0.4119873046875
6.773	0.0814306640625	-0.1772314453125	9.77407470703125	4.425048828125	-0.74005126953125	0.579833984375
6.784	0.45026367187500005	-0.39996826171875	9.9297509765625	6.35528564453125	3.05938720703125	1.03759765625
6.795	0.65384033203125	-1.8154248046875001	10.164462890625	8.4228515625	17.2271728515625	5.45501708984375
6.806	1.868115234375	-1.13284423828125	11.37394775390625	19.03533935546875	47.29461669921875	13.24462890625
6.816	1.37953125	0.73527099609375	12.71994873046875	21.0723876953125	81.42852783203125	14.3890380859375
6.828	-1.20948486328125	0.09819580078125001	10.861413574218751	40.7562255859375	79.254150390625	1.8768310546875
6.84	-0.9627978515625001	0.8023315429687501	10.751242675781251	79.376220703125	64.4989013671875	-11.42120361328125
6.851	-0.6059399414062501	2.33993408203125	13.88392822265625	83.88519287109375	47.93548583984375	-24.26910400390625
6.862	0.4550537109375	3.04406982421875	15.2083740234375	63.04931640625	40.4510498046875	-26.34429931640625
6.874	0.9412426757812501	1.9782861328125	14.403647460937501	41.1376953125	36.92626953125	-20.07293701171875
6.884	0.59635986328125	1.0681787109375	13.6947216796875	30.67779541015625	24.81842041015625	-7.04193115234375
6.894	0.4358935546875	0.5245092773437501	13.5606005859375	16.62445068359375	14.74761962890625	5.25665283203125
6.903	0.45744873046875	0.20118164062500002	13.54383544921875	0.06103515625	13.72528076171875	16.67022705078125
6.915	0.143701171875	0.0718505859375	13.35223388671875	-14.85443115234375	20.40863037109375	21.4996337890625
6.926	-0.69216064453125	-0.1676513671875	12.53313720703125	-25.4669189453125	31.44073486328125	17.18902587890625
6.936	-0.59635986328125	0.0	12.561877441406251	-29.388427734375	33.2489013671875	12.14599609375
6.947	-0.3400927734375	0.28021728515625	12.667258300781251	-30.28106689453125	34.29412841796875	10.87188720703125
6.958	-0.4167333984375	0.47900390625	12.695998535156251	-26.66473388671875	31.7230224609375	8.5601806640625
6.969	-0.3688330078125	0.4454736328125	12.76784912109375	-24.98626708984375	21.3165283203125	9.3231201171875
6.979	-0.47181884765625004	0.42870849609375	12.79179931640625	-21.484375	6.87408447265625	9.5672607421875
6.99	-0.162861328125	0.29219238281250004	12.724738769531251	-16.9677734375	-5.889892578125	11.40594482421875
7.002	-0.7664062500000001	0.26345214843750003	12.31998046875	-11.54327392578125	-18.22662353515625	14.434814453125
7.013	-0.8262817382812501	0.22752685546875	11.8409765625	-9.94873046875	-25.177001953125	15.350341796875
7.025	-1.1879296875	0.38320312500000003	11.601474609375	-10.009765625	-26.17645263671875	16.04461669921875
7.036	-1.5567626953125	0.6634204101562501	11.43621826171875	-9.552001953125	-25.07781982421875	13.214111328125
7.048	-1.7723144531250001	0.51971923828125	11.290122070312501	-8.85772705078125	-26.0009765625	6.4697265625
7.059	-1.7004638671875	0.7232958984375001	11.218271484375	-6.62994384765625	-30.2276611328125	5.5694580078125
7.07	-1.5471826171875	0.79275146484375	11.110495605468751	-2.70843505859375	-33.5693359375	8.11004638671875
7.081	-1.7723144531250001	0.71611083984375	10.8973388671875	-0.5645751953125	-36.58294677734375	10.90240478515625
7.093	-1.7339941406250001	0.59396484375	10.839858398437501	0.87738037109375	-38.71917724609375	11.4898681640625
7.103	-1.91841064453125	0.37362304687500003	10.69376220703125	2.00653076171875	-37.57476806640625	9.613037109375
7.114	-2.0932470703125	0.35685791015625	10.226733398437501	2.471923828125	-36.19384765625	7.3699951171875
7.124	-2.1076171875000003	0.2682421875	9.89382568359375	3.204345703125	-32.92083740234375	6.8817138671875
7.136	-2.07169189453125	0.30177246093750004	9.4986474609375	1.99127197265625	-29.06036376953125	6.4544677734375
7.146	-1.5376025390625	0.5843847656250001	9.65432373046875	2.03704833984375	-23.15521240234375	6.64520263671875
7.157	-0.93884765625	0.7280859375000001	9.86987548828125	-1.13677978515625	-18.1427001953125	10.13946533203125
7.169	-0.6849755859375001	0.7879614257812501	10.011181640625	-4.58526611328125	-18.4478759765625	16.8304443359375
7.18	-0.51492919921875	0.9580078125	10.1165625	-8.60595703125	-24.69635009765625	22.369384765625
7.192	-0.7232958984375001	0.83107177734375	9.61600341796875	-7.86590576171875	-31.91375732421875	25.4669189453125
7.203	-0.9532177734375	0.6682104492187501	9.30944091796875	-7.354736328125	-32.6690673828125	22.65167236328125
7.215	-1.09931396484375	0.641865234375	8.729846191406251	-6.500244140625	-31.92138671875	17.242431640625
7.226	-1.274150390625	0.6562353515625	8.229287109375	-7.537841796875	-27.56500244140625	11.83319091796875
7.238	-1.0969189453125001	0.8646020507812501	7.88679931640625	-8.636474609375	-25.19989013671875	10.5133056640625
7.249	-0.5245092773437501	0.97477294921875	8.200546875	-9.65118408203125	-15.2435302734375	12.115478515625
7.261	-0.6849755859375001	1.0490185546875002	8.22689208984375	-14.404296875	-2.98309326171875	16.448974609375
7.272	-0.9604028320312501	1.1567944335937501	8.21970703125	-19.20318603515625	6.317138671875	22.54486083984375
7.283	-0.9436376953125001	1.0921289062500001	8.152646484375001	-19.59991455078125	16.632080078125	25.59661865234375
7.294	-1.2789404296875	0.81191162109375	8.085585937500001	-18.1732177734375	25.3143310546875	25.15411376953125
7.306	-1.6094531250000002	0.59156982421875	7.865244140625	-15.75469970703125	27.54974365234375	25.0091552734375
7.317	-1.149609375	0.5221142578125	8.12151123046875	-14.83154296875	35.82000732421875	24.43695068359375
7.328	-1.20948486328125	0.43349853515625003	8.325087890625001	-14.6026611328125	39.00146484375	25.2685546875
7.34	-0.5221142578125	0.5053491210937501	9.09388916015625	-18.4326171875	46.39434814453125	24.8260498046875
7.351	1.68369873046875	1.542392578125	9.874665527343751	-29.0069580078125	67.3370361328125	14.739990234375
7.362	-0.31374755859375003	0.71132080078125	9.838740234375	-28.80096435546875	61.57684326171875	24.5208740234375
7.372	-0.32572265625	-0.28500732421875	9.433981933593751	-4.92095947265625	21.79718017578125	25.8331298828125
7.383	-0.56282958984375	0.43828857421875	9.972861328125001	3.99017333984375	18.66912841796875	17.303466796875
7.394	-0.488583984375	-0.07903564453125	9.63995361328125	4.669189453125	11.1541748046875	16.3726806640625
7.404	-1.1472143554687502	-0.23231689453125	9.350156250000001	7.4920654296875	4.302978515625	12.7716064453125
7.415	-1.5160473632812501	0.36404296875000003	9.553732910156251	7.904052734375	-3.83758544921875	3.50189208984375
7.427	-0.25387207031250003	-1.4897021484375002	8.6987109375	-14.5721435546875	-8.62884521484375	15.99884033203125
7.438	-0.13651611328125002	-0.39996826171875	8.880732421875	-27.06146240234375	-16.10565185546875	20.477294921875
7.449	-0.3784130859375	-0.0431103515625	8.57656494140625	-27.45819091796875	-8.087158203125	11.505126953125
7.46	-0.15328125	0.09819580078125001	8.669970703125001	-13.69476318359375	-4.6539306640625	-4.241943359375
7.472	0.67060546875	0.23710693359375	9.168134765625	-2.716064453125	-4.0283203125	-9.857177734375
7.482	0.93166259765625	0.4550537109375	9.67827392578125	3.8299560546875	-7.38525390625	-8.44573974609375
7.492	0.3448828125	0.316142578125	9.793234863281251	13.458251953125	-10.41412353515625	-3.6773681640625
7.503	-0.10538085937500001	0.16046630859375	9.168134765625	24.8565673828125	-15.533447265625	-1.2359619140625
7.515	-1.05620361328125	-0.29458740234375	8.67236572265625	34.00421142578125	-14.09149169921875	-2.92205810546875
7.527	-1.01309326171875	-0.5460644531250001	8.48076416015625	42.77801513671875	-8.79669189453125	-9.796142578125
7.538	-0.9580078125	-0.60114990234375	8.5981201171875	43.40362548828125	-3.79180908203125	-12.22991943359375
7.549	-0.27542724609375	-0.51492919921875	9.0388037109375	35.71319580078125	-0.152587890625	-10.7421875
7.56	-0.05748046875	-0.28500732421875	9.3932666015625	26.2603759765625	-1.8310546875	-5.0811767578125
7.57	0.22034179687500002	-0.009580078125	9.7716796875	16.8304443359375	-6.4697265625	2.5634765625
7.58	0.40475830078125	0.20836669921875	9.94412109375	9.91058349609375	-9.6893310546875	11.58905029296875
7.591	-0.01916015625	-0.011975097656250001	9.8339501953125	7.11822509765625	-18.45550537109375	20.14923095703125
7.602	-0.44786865234375	-0.4167333984375	9.44595703125	4.82940673828125	-23.345947265625	23.78082275390625
7.613	-1.04183349609375	-0.756826171875	8.75858642578125	-0.61798095703125	-26.81732177734375	22.10235595703125
7.625	-0.7065307617187501	-0.7664062500000001	8.68194580078125	-6.50787353515625	-22.36175537109375	17.2576904296875
7.636	-0.53408935546875	-0.21555175781250002	8.899892578125	-10.4827880859375	-18.7530517578125	11.40594482421875
7.648	0.10538085937500001	0.4358935546875	9.441166992187501	-12.7410888671875	-22.56011962890625	11.03973388671875
7.658	0.24908203125	0.5508544921875	9.6231884765625	-13.16070556640625	-26.7791748046875	14.65606689453125
7.669	-0.011975097656250001	0.7448510742187501	9.53936279296875	-11.4898681640625	-34.2559814453125	15.26641845703125
7.681	-0.09101074218750001	0.43349853515625003	9.342971191406251	-10.7574462890625	-32.318115234375	14.13726806640625
7.692	-0.26345214843750003	0.20118164062500002	9.05556884765625	-5.55419921875	-32.4859619140625	9.7808837890625
7.702	-0.57719970703125	0.124541015625	8.5981201171875	0.9918212890625	-25.9857177734375	3.4332275390625
7.713	-0.613125	-0.1389111328125	8.41370361328125	6.866455078125	-22.68218994140625	-4.52423095703125
7.725	-0.09101074218750001	-0.20836669921875	8.543034667968751	11.23046875	-13.2598876953125	-12.09259033203125
7.736	0.023950195312500002	-0.36164794921875004	8.7705615234375	13.092041015625	-8.23974609375	-17.2576904296875
7.747	0.60114990234375	-0.5843847656250001	9.04598876953125	14.82391357421875	-4.73785400390625	-21.56829833984375
7.757	0.39038818359375	-0.49576904296875	9.0196435546875	14.39666748046875	-2.2430419921875	-23.79608154296875
7.769	0.5748046875	-0.44786865234375	9.13220947265625	12.15362548828125	-1.4495849609375	-23.773193359375
7.779	0.55564453125	-0.48618896484375	9.24717041015625	10.47515869140625	0.67138671875	-21.91925048828125
7.79	0.63228515625	-0.43349853515625003	9.321416015625001	9.6588134765625	1.2969970703125	-18.31817626953125
7.801	0.354462890625	-0.64905029296875	9.216035156250001	11.1083984375	2.9449462890625	-17.90618896484375
7.812	0.3592529296875	-0.8382568359375	9.0196435546875	12.99285888671875	3.51715087890625	-19.79827880859375
7.823	0.5221142578125	-0.7520361328125	9.268725585937501	13.97705078125	7.32421875	-24.63531494140625
7.834	0.48139892578125004	-0.699345703125	9.4315869140625	12.91656494140625	6.134033203125	-28.01513671875
7.844	0.488583984375	-0.6442602539062501	9.61600341796875	11.993408203125	4.90570068359375	-33.233642578125
7.856	0.48139892578125004	-0.39996826171875	9.620793457031251	11.2762451171875	-0.1678466796875	-36.43035888671875
7.866	0.5245092773437501	-0.15088623046875002	9.53457275390625	12.3291015625	-0.42724609375	-36.82708740234375
7.876	0.4263134765625	0.30177246093750004	9.5561279296875	14.59503173828125	-3.84521484375	-35.58349609375
7.887	0.26105712890625	0.5316943359375	9.2112451171875	18.54705810546875	-3.01361083984375	-30.29632568359375
7.898	0.19160156250000002	0.71132080078125	9.11304931640625	20.172119140625	-5.16510009765625	-24.51324462890625
7.909	0.15088623046875002	0.5652246093750001	9.00766845703125	20.05767822265625	-4.43267822265625	-20.8282470703125
7.92	-0.28021728515625	0.41912841796875	8.64841552734375	19.56939697265625	-1.6632080078125	-22.27783203125
7.93	-0.24908203125	0.4263134765625	8.624465332031251	17.90618896484375	-2.166748046875	-26.49688720703125
7.942	-0.05987548828125	0.48379394531250003	8.66757568359375	14.9993896484375	-2.89154052734375	-29.60205078125
7.953	-0.1484912109375	0.7520361328125	8.6077001953125	13.83209228515625	-2.8228759765625	-30.83038330078125
7.963	-0.01916015625	0.833466796875	8.863967285156251	11.65008544921875	-2.67791748046875	-32.29522705078125
7.974	0.16046630859375	0.83586181640625	9.1250244140625	8.148193359375	-1.65557861328125	-31.91375732421875
7.986	0.11735595703125	1.005908203125	9.129814453125	3.91387939453125	-6.70623779296875	-30.63201904296875
7.996	0.050295410156250005	1.101708984375	8.909472656250001	-0.12969970703125	-9.429931640625	-28.55682373046875
8.007	-0.162861328125	1.1639794921875	8.610095214843751	-2.78472900390625	-11.1541748046875	-26.3671875
8.018	-0.162861328125	1.41545654296875	8.26042236328125	-4.08172607421875	-8.0108642578125	-23.895263671875
8.03	-0.19160156250000002	1.49209716796875	8.0807958984375	-3.692626953125	-3.02886962890625	-20.93505859375
8.041	0.20357666015625	1.4609619140625	8.305927734375	-3.94439697265625	1.04522705078125	-17.37213134765625
8.051	0.45984375	1.3531860351562501	8.44723388671875	-4.38690185546875	2.66265869140625	-12.6800537109375
8.061	0.50055908203125	1.0753637695312501	8.5981201171875	-5.3253173828125	4.35638427734375	-11.37542724609375
8.073	0.5077441406250001	0.89334228515625	8.650810546875	-7.0648193359375	0.69427490234375	-10.55145263671875
8.084	0.56282958984375	0.75443115234375	8.67236572265625	-9.1094970703125	-1.83868408203125	-9.55963134765625
8.094	0.335302734375	0.59396484375	8.382568359375	-8.23211669921875	-4.08172607421875	-8.8043212890625
8.105	0.08861572265625	0.43349853515625003	8.06882080078125	-7.10296630859375	-3.28826904296875	-9.8114013671875
8.115	-0.026345214843750003	0.49337402343750003	7.95146484375	-6.99615478515625	0.030517578125	-12.30621337890625
8.126	0.12693603515625002	0.6682104492187501	7.949069824218751	-6.4544677734375	3.0670166015625	-13.54217529296875
8.136	0.35206787109375004	0.9412426757812501	8.116721191406251	-5.2337646484375	6.18743896484375	-10.81085205078125
8.147	0.7879614257812501	0.88855224609375	8.317902832031251	-2.57110595703125	13.74053955078125	-4.7607421875
8.158	0.89334228515625	1.101708984375	8.32269287109375	-0.1220703125	19.34051513671875	3.05938720703125
8.168	0.9843530273437501	1.1543994140625	8.504714355468751	2.66265869140625	20.7672119140625	11.43646240234375
8.179	1.06099365234375	0.99872314453125	8.746611328125	6.93511962890625	20.02716064453125	17.38739013671875
8.189	0.97716796875	0.65863037109375	8.7993017578125	10.772705078125	17.82989501953125	21.026611328125
8.201	0.53887939453125	0.07424560546875	8.782536621093751	13.71002197265625	14.91546630859375	21.36993408203125
8.211	-0.067060546875	-0.9220825195312501	8.4687890625	16.4031982421875	15.34271240234375	18.7225341796875
8.223	-0.67779052734375	-1.20948486328125	8.55261474609375	13.00048828125	18.44024658203125	8.97216796875
8.235	-1.0490185546875002	-1.3531860351562501	8.77295654296875	7.32421875	21.72088623046875	-4.364013671875
8.246	-0.85023193359375	-1.0969189453125001	9.474697265625	1.07574462890625	27.29034423828125	-15.69366455078125
8.257	-0.39996826171875	-0.63468017578125	10.02076171875	-7.598876953125	23.1170654296875	-22.60589599609375
8.268	-0.124541015625	-0.1293310546875	10.3129541015625	-15.3350830078125	16.47186279296875	-22.918701171875
8.28	0.06466552734375	0.20357666015625	10.346484375000001	-20.8282470703125	13.0462646484375	-19.95086669921875
8.29	0.18681152343750002	0.48618896484375	10.2746337890625	-24.444580078125	7.781982421875	-16.571044921875
8.301	0.1389111328125	0.7256909179687501	10.09500732421875	-26.74102783203125	4.4097900390625	-13.641357421875
8.312	0.1197509765625	0.8861572265625001	9.94651611328125	-25.87890625	0.9765625	-10.70404052734375
8.324	-0.0718505859375	0.9604028320312501	9.66869384765625	-23.73504638671875	-1.80816650390625	-7.77435302734375
8.335	-0.17244140625	0.996328125	9.410031738281251	-17.6849365234375	-2.655029296875	-4.43267822265625
8.345	-0.25387207031250003	0.9460327148437501	9.4651171875	-9.8876953125	1.86920166015625	-2.83050537109375
8.356	-0.21076171875000002	0.8813671875000001	9.553732910156251	-3.39508056640625	3.48663330078125	-1.40380859375
8.366	0.06945556640625	0.7855664062500001	9.915380859375	0.28228759765625	4.09698486328125	0.1678466796875
8.376	0.10059082031250001	0.7280859375000001	9.992021484375	1.93023681640625	2.7923583984375	1.94549560546875
8.386	0.17483642578125	0.7065307617187501	10.10458740234375	1.1138916015625	-1.312255859375	3.80706787109375
8.395	-0.023950195312500002	0.5029541015625	10.128537597656251	-0.244140625	-6.500244140625	5.79071044921875
8.407	-0.17244140625	0.46223876953125004	9.90580078125	-1.64031982421875	-10.6658935546875	7.354736328125
8.417	-0.36164794921875004	0.40954833984375	9.807604980468751	-3.0364990234375	-11.23046875	7.5836181640625
8.427	-0.5245092773437501	0.37601806640625	9.6040283203125	-3.875732421875	-8.24737548828125	7.354736328125
