Time	ax	ay	az	gx	gy	gz
0.013	0.06466552734375	0.0047900390625	9.747729492187501	-0.1373291015625	-0.244140625	0.54931640625
0.022	0.050295410156250005	-0.07424560546875	9.776469726562501	-0.06103515625	-0.06866455078125	0.579833984375
0.03	0.12214599609375	-0.0622705078125	9.75970458984375	-0.17547607421875	-0.08392333984375	0.45013427734375
0.039	0.050295410156250005	-0.0622705078125	9.781259765625	-0.1373291015625	0.11444091796875	0.43487548828125
0.048	0.009580078125	-0.12693603515625002	9.733359375000001	-0.32806396484375	-0.14495849609375	0.49591064453125
0.057	-0.009580078125	-0.050295410156250005	9.723779296875	-0.1373291015625	-0.20599365234375	0.49591064453125
0.066	0.0718505859375	-0.045505371093750004	9.7573095703125	-0.1068115234375	0.1373291015625	0.45013427734375
0.074	-0.00239501953125	-0.03592529296875	9.6615087890625	0.00762939453125	-0.0152587890625	0.5035400390625
0.082	0.05987548828125	-0.05748046875	9.66390380859375	-0.2288818359375	-0.1068115234375	0.4730224609375
0.091	0.05748046875	-0.0622705078125	9.702224121093751	-0.09918212890625	-0.152587890625	0.35858154296875
0.1	0.09819580078125001	-0.067060546875	9.754914550781251	-0.030517578125	0.0762939453125	0.5340576171875
0.108	-0.00239501953125	-0.09340576171875001	9.71419921875	-0.06866455078125	-0.06866455078125	0.52642822265625
0.117	0.0383203125	-0.09101074218750001	9.73096435546875	-0.19073486328125	-0.05340576171875	0.4730224609375
0.125	0.0143701171875	-0.03592529296875	9.6615087890625	-0.11444091796875	-0.17547607421875	0.38909912109375
0.135	0.023950195312500002	-0.050295410156250005	9.723779296875	-0.23651123046875	-0.14495849609375	0.58746337890625
0.144	0.045505371093750004	-0.045505371093750004	9.7285693359375	-0.12969970703125	-0.3204345703125	0.48065185546875
0.152	0.050295410156250005	-0.0431103515625	9.6902490234375	-0.17547607421875	-0.26702880859375	0.48065185546875
0.161	0.07424560546875	-0.023950195312500002	9.673483886718751	-0.12969970703125	-0.22125244140625	0.42724609375
0.171	0.0718505859375	-0.0143701171875	9.7381494140625	-0.06866455078125	-0.3662109375	0.45013427734375
0.179	0.01676513671875	-0.10059082031250001	9.7668896484375	0.06866455078125	0.030517578125	0.457763671875
0.187	0.00239501953125	-0.0431103515625	9.72138427734375	-0.213623046875	0.18310546875	0.55694580078125
0.195	0.0383203125	-0.07903564453125	9.7189892578125	-0.030517578125	-0.29754638671875	0.43487548828125
0.204	0.076640625	-0.03592529296875	9.64474365234375	-0.0457763671875	-0.02288818359375	0.46539306640625
0.214	0.023950195312500002	-0.1293310546875	9.740544433593751	-0.17547607421875	-0.19073486328125	0.35858154296875
0.222	0.050295410156250005	-0.01676513671875	9.6998291015625	-0.19073486328125	-0.14495849609375	0.457763671875
0.231	0.09819580078125001	-0.0431103515625	9.71180419921875	0.09918212890625	-0.42724609375	0.66375732421875
0.24	0.076640625	-0.086220703125	9.72138427734375	-0.1068115234375	-0.12969970703125	0.58746337890625
0.249	0.05987548828125	-0.0383203125	9.733359375000001	-0.030517578125	-0.05340576171875	0.55694580078125
0.258	-0.00239501953125	-0.050295410156250005	9.702224121093751	-0.0457763671875	-0.08392333984375	0.5950927734375
0.266	0.0431103515625	-0.05748046875	9.5848681640625	-0.0762939453125	-0.28228759765625	0.55694580078125
0.275	0.0383203125	-0.01916015625	9.769284667968751	-0.18310546875	0.1983642578125	0.396728515625
0.284	0.0	-0.07903564453125	9.68306396484375	-0.091552734375	0.12969970703125	0.49591064453125
0.292	0.0335302734375	-0.0622705078125	9.680668945312501	-0.25177001953125	0.0152587890625	0.46539306640625
0.301	0.023950195312500002	-0.0431103515625	9.77407470703125	-0.23651123046875	0.00762939453125	0.457763671875
0.309	0.02155517578125	-0.023950195312500002	9.742939453125	-0.09918212890625	-0.06103515625	0.38909912109375
0.318	0.076640625	-0.08382568359375	9.68306396484375	-0.1678466796875	-0.030517578125	0.4425048828125
0.327	0.0047900390625	-0.0335302734375	9.62558349609375	-0.16021728515625	-0.18310546875	0.4425048828125
0.335	0.05748046875	0.0	9.793234863281251	-0.3662109375	-0.00762939453125	0.4730224609375
0.344	0.0143701171875	-0.011975097656250001	9.67587890625	-0.213623046875	-0.25177001953125	0.3662109375
0.353	0.011975097656250001	-0.026345214843750003	9.762099609375001	-0.28228759765625	-0.16021728515625	0.51116943359375
0.361	0.0335302734375	-0.055085449218750006	9.6183984375	-0.02288818359375	-0.19073486328125	0.51116943359375
0.37	0.1149609375	-0.03113525390625	9.66390380859375	-0.09918212890625	-0.23651123046875	0.6561279296875
0.379	0.06945556640625	-0.0431103515625	9.7956298828125	-0.091552734375	-0.244140625	0.34332275390625
0.388	-0.00718505859375	0.0047900390625	9.6519287109375	-0.23651123046875	-0.05340576171875	0.6103515625
0.397	0.04071533203125	-0.009580078125	9.73096435546875	-0.25177001953125	-0.12969970703125	0.78582763671875
0.405	0.086220703125	-0.02155517578125	9.680668945312501	-0.1983642578125	-0.22125244140625	0.5950927734375
0.414	0.047900390625000004	-0.01916015625	9.7716796875	-0.25177001953125	-0.244140625	0.37384033203125
0.423	0.0047900390625	-0.055085449218750006	9.74533447265625	-0.1373291015625	-0.28228759765625	0.4119873046875
0.432	0.023950195312500002	-0.067060546875	9.79083984375	-0.08392333984375	-0.19073486328125	0.42724609375
0.442	-0.05987548828125	-0.05987548828125	9.723779296875	-0.09918212890625	-0.40435791015625	0.5340576171875
0.451	0.047900390625000004	-0.10298583984375001	9.7716796875	-0.03814697265625	-0.23651123046875	0.48065185546875
0.459	0.0047900390625	-0.067060546875	9.71419921875	-0.030517578125	-0.06103515625	0.457763671875
0.467	0.09819580078125001	-0.05748046875	9.78365478515625	-0.0457763671875	-0.11444091796875	0.6103515625
0.477	0.0143701171875	-0.12693603515625002	9.680668945312501	-0.2593994140625	-0.02288818359375	0.48828125
0.485	0.01676513671875	-0.0383203125	9.73096435546875	-0.17547607421875	-0.03814697265625	0.5645751953125
0.494	0.0383203125	-0.047900390625000004	9.74533447265625	-0.22125244140625	0.00762939453125	0.49591064453125
0.502	-0.02155517578125	-0.0383203125	9.829160156250001	-0.152587890625	0.0762939453125	0.4425048828125
0.512	0.06945556640625	-0.067060546875	9.72138427734375	-0.1373291015625	-0.06866455078125	0.63323974609375
0.521	0.0622705078125	-0.045505371093750004	9.79083984375	0.00762939453125	-0.091552734375	0.26702880859375
0.529	0.10777587890625001	-0.023950195312500002	9.62558349609375	-0.23651123046875	0.09918212890625	0.3509521484375
0.538	0.00718505859375	-0.047900390625000004	9.702224121093751	-0.25177001953125	0.06866455078125	0.48065185546875
0.546	0.09819580078125001	-0.10059082031250001	9.67587890625	-0.1373291015625	0.05340576171875	0.32806396484375
0.555	0.06945556640625	-0.08382568359375	9.704619140625	-0.244140625	0.08392333984375	0.37384033203125
0.564	0.045505371093750004	-0.07424560546875	9.63995361328125	-0.25177001953125	0.0762939453125	0.57220458984375
0.573	0.07903564453125	-0.076640625	9.702224121093751	-0.23651123046875	0.1678466796875	0.37384033203125
0.582	0.05987548828125	-0.028740234375	9.75012451171875	-0.31280517578125	0.0457763671875	0.4119873046875
0.59	0.01916015625	-0.0718505859375	9.7381494140625	-0.030517578125	0.030517578125	0.38909912109375
0.599	0.03592529296875	-0.04071533203125	9.76449462890625	-0.1068115234375	0.20599365234375	0.61798095703125
0.608	0.0431103515625	-0.06945556640625	9.709409179687501	-0.1373291015625	0.25177001953125	0.5340576171875
0.616	-0.0047900390625	-0.03592529296875	9.704619140625	-0.20599365234375	0.09918212890625	0.51116943359375
0.625	0.055085449218750006	-0.0814306640625	9.680668945312501	-0.152587890625	0.20599365234375	0.54168701171875
0.633	0.026345214843750003	-0.05987548828125	9.702224121093751	-0.213623046875	0.3509521484375	0.5340576171875
0.643	-0.009580078125	-0.09340576171875001	9.673483886718751	-0.28228759765625	0.35858154296875	0.4730224609375
0.652	0.12214599609375	-0.011975097656250001	9.695039062500001	-0.26702880859375	-0.030517578125	0.45013427734375
0.661	0.0622705078125	-0.05987548828125	9.7716796875	-0.0762939453125	0.2593994140625	0.3509521484375
0.669	0.05748046875	-0.1149609375	9.769284667968751	-0.08392333984375	0.19073486328125	0.54931640625
0.678	-0.02155517578125	-0.06466552734375	9.73575439453125	-0.06103515625	0.08392333984375	0.52642822265625
0.688	0.0431103515625	-0.0718505859375	9.769284667968751	-0.19073486328125	-0.2899169921875	0.54168701171875
0.697	0.0335302734375	-0.07424560546875	9.75970458984375	-0.12969970703125	-0.14495849609375	0.579833984375
0.705	-0.0143701171875	-0.0047900390625	9.63037353515625	-0.1220703125	0.030517578125	0.5645751953125
0.713	0.04071533203125	-0.028740234375	9.8052099609375	0.00762939453125	0.03814697265625	0.396728515625
0.721	0.047900390625000004	-0.047900390625000004	9.6327685546875	-0.1373291015625	-0.14495849609375	0.51116943359375
0.731	0.050295410156250005	-0.055085449218750006	9.67587890625	-0.0762939453125	-0.19073486328125	0.29754638671875
0.739	0.05987548828125	-0.01676513671875	9.709409179687501	-0.14495849609375	-0.02288818359375	0.54931640625
0.748	0.05987548828125	-0.086220703125	9.66390380859375	-0.03814697265625	-0.1373291015625	0.3204345703125
0.757	0.028740234375	-0.08382568359375	9.723779296875	-0.1678466796875	0.1220703125	0.579833984375
0.766	-0.00239501953125	-0.076640625	9.781259765625	-0.31280517578125	0.14495849609375	0.6256103515625
0.775	0.0	-0.0622705078125	9.69264404296875	-0.28228759765625	-0.0762939453125	0.579833984375
0.784	0.067060546875	-0.10538085937500001	9.81239501953125	-0.152587890625	0.2593994140625	0.3204345703125
0.793	0.052690429687500005	-0.0622705078125	9.733359375000001	-0.26702880859375	-0.0152587890625	0.5950927734375
0.801	0.086220703125	-0.0143701171875	9.7189892578125	-0.11444091796875	0.18310546875	0.41961669921875
0.811	0.055085449218750006	-0.0718505859375	9.819580078125	-0.2593994140625	-0.091552734375	0.55694580078125
0.82	0.011975097656250001	-0.10298583984375001	9.73096435546875	-0.1983642578125	0.05340576171875	0.51116943359375
0.828	0.06945556640625	-0.023950195312500002	9.82676513671875	-0.152587890625	-0.09918212890625	0.54931640625
0.837	0.055085449218750006	-0.06945556640625	9.69264404296875	-0.0457763671875	0.0	0.457763671875
0.845	0.00239501953125	-0.0143701171875	9.7716796875	-0.28228759765625	-0.17547607421875	0.52642822265625
0.855	-0.0383203125	-0.08861572265625	9.72138427734375	-0.3509521484375	-0.17547607421875	0.43487548828125
0.864	0.0383203125	-0.0431103515625	9.709409179687501	-0.17547607421875	-0.02288818359375	0.55694580078125
0.872	0.05748046875	-0.03113525390625	9.6710888671875	-0.08392333984375	-0.2593994140625	0.52642822265625
0.881	0.02155517578125	-0.0814306640625	9.695039062500001	-0.244140625	-0.152587890625	0.45013427734375
0.89	0.0047900390625	-0.047900390625000004	9.7189892578125	0.02288818359375	-0.457763671875	0.2593994140625
0.899	0.04071533203125	-0.086220703125	9.740544433593751	-0.08392333984375	-0.213623046875	0.54931640625
0.907	0.08382568359375	-0.050295410156250005	9.71419921875	-0.152587890625	-0.23651123046875	0.40435791015625
0.916	0.055085449218750006	-0.04071533203125	9.680668945312501	-0.12969970703125	-0.16021728515625	0.396728515625
0.925	0.09101074218750001	-0.086220703125	9.80281494140625	-0.09918212890625	-0.1068115234375	0.61798095703125
0.934	0.047900390625000004	-0.047900390625000004	9.77407470703125	-0.1068115234375	-0.152587890625	0.579833984375
0.944	-0.01676513671875	-0.023950195312500002	9.7285693359375	-0.1068115234375	-0.23651123046875	0.46539306640625
0.953	0.06466552734375	-0.023950195312500002	9.81239501953125	-0.152587890625	-0.08392333984375	0.37384033203125
0.962	0.09580078125000001	-0.023950195312500002	9.69743408203125	-0.152587890625	-0.1220703125	0.57220458984375
0.97	0.0431103515625	-0.06466552734375	9.656718750000001	-0.244140625	-0.09918212890625	0.6103515625
0.98	0.07424560546875	-0.0814306640625	9.75012451171875	-0.1373291015625	-0.1220703125	0.54931640625
0.989	0.01916015625	-0.052690429687500005	9.71180419921875	-0.091552734375	-0.16021728515625	0.55694580078125
0.998	0.09101074218750001	-0.03592529296875	9.77407470703125	-0.213623046875	-0.1983642578125	0.4425048828125
1.007	0.0622705078125	-0.03113525390625	9.74533447265625	-0.244140625	-0.3204345703125	0.35858154296875
1.016	0.07424560546875	-0.026345214843750003	9.71180419921875	-0.0762939453125	-0.2288818359375	0.37384033203125
1.026	0.05748046875	-0.047900390625000004	9.73575439453125	-0.1373291015625	-0.152587890625	0.396728515625
1.035	0.06466552734375	-0.07903564453125	9.72617431640625	-0.00762939453125	-0.23651123046875	0.35858154296875
1.045	0.07424560546875	-0.076640625	9.73096435546875	-0.1220703125	-0.28228759765625	0.518798828125
1.054	0.02155517578125	-0.067060546875	9.66869384765625	-0.1220703125	-0.06866455078125	0.48065185546875
1.063	0.076640625	-0.03592529296875	9.67827392578125	-0.3204345703125	-0.11444091796875	0.5340576171875
1.073	0.045505371093750004	-0.0335302734375	9.754914550781251	-0.18310546875	-0.03814697265625	0.4730224609375
1.081	0.07424560546875	-0.055085449218750006	9.704619140625	-0.31280517578125	-0.02288818359375	0.35858154296875
1.09	-0.009580078125	-0.07903564453125	9.702224121093751	0.0457763671875	-0.1678466796875	0.4730224609375
1.099	0.0143701171875	-0.076640625	9.78365478515625	-0.20599365234375	-0.3204345703125	0.43487548828125
1.108	0.028740234375	-0.026345214843750003	9.75251953125	-0.3509521484375	-0.02288818359375	0.64849853515625
1.118	-0.0335302734375	-0.067060546875	9.680668945312501	-0.20599365234375	-0.08392333984375	0.54931640625
1.127	0.028740234375	-0.009580078125	9.687854003906251	-0.11444091796875	-0.1068115234375	0.48065185546875
1.136	0.0431103515625	-0.03592529296875	9.716594238281251	-0.274658203125	-0.0762939453125	0.61798095703125
1.145	0.04071533203125	-0.08861572265625	9.7285693359375	-0.25177001953125	-0.05340576171875	0.5645751953125
1.155	0.124541015625	-0.03592529296875	9.7285693359375	-0.274658203125	-0.1068115234375	0.45013427734375
1.164	0.01916015625	-0.0718505859375	9.65911376953125	-0.1068115234375	0.0152587890625	0.6561279296875
1.173	0.028740234375	-0.05748046875	9.77886474609375	-0.30517578125	0.06103515625	0.54931640625
1.181	0.02155517578125	-0.06945556640625	9.704619140625	-0.1678466796875	0.02288818359375	0.38909912109375
1.19	0.03592529296875	-0.0718505859375	9.666298828125	-0.23651123046875	0.06103515625	0.29754638671875
1.199	-0.009580078125	-0.05748046875	9.687854003906251	-0.396728515625	-0.1373291015625	0.48065185546875
1.208	0.05748046875	-0.10059082031250001	9.79802490234375	-0.09918212890625	-0.030517578125	0.4119873046875
1.217	0.08382568359375	-0.11017089843750001	9.64474365234375	0.2593994140625	-0.16021728515625	0.69427490234375
1.226	0.1197509765625	-0.04071533203125	9.7285693359375	-0.091552734375	-0.23651123046875	0.60272216796875
1.236	0.09340576171875001	-0.023950195312500002	9.740544433593751	-0.16021728515625	-0.18310546875	0.6103515625
1.246	0.05987548828125	-0.0383203125	9.716594238281251	-0.08392333984375	-0.091552734375	0.46539306640625
1.255	-0.009580078125	-0.050295410156250005	9.72617431640625	-0.00762939453125	-0.09918212890625	0.3204345703125
1.264	-0.01676513671875	-0.0814306640625	9.73096435546875	-0.152587890625	0.25177001953125	0.579833984375
1.273	0.076640625	-0.04071533203125	9.687854003906251	-0.08392333984375	-0.030517578125	0.48828125
1.283	0.047900390625000004	-0.0335302734375	9.75251953125	-0.17547607421875	-0.0457763671875	0.40435791015625
1.291	0.050295410156250005	-0.026345214843750003	9.647138671875	-0.29754638671875	0.25177001953125	0.46539306640625
1.3	0.09580078125000001	-0.023950195312500002	9.704619140625	-0.0762939453125	-0.02288818359375	0.3509521484375
1.309	0.086220703125	-0.047900390625000004	9.66869384765625	-0.1068115234375	-0.16021728515625	0.396728515625
1.318	0.0622705078125	-0.023950195312500002	9.702224121093751	-0.1373291015625	0.02288818359375	0.335693359375
1.328	0.0047900390625	-0.05748046875	9.7381494140625	-0.1678466796875	-0.1220703125	0.46539306640625
1.336	0.03592529296875	-0.028740234375	9.695039062500001	-0.17547607421875	-0.2593994140625	0.396728515625
1.346	0.09340576171875001	-0.086220703125	9.709409179687501	-0.17547607421875	-0.213623046875	0.3204345703125
1.355	0.03592529296875	-0.03592529296875	9.71180419921875	-0.1220703125	-0.31280517578125	0.3814697265625
1.364	0.011975097656250001	-0.10298583984375001	9.613608398437501	-0.0762939453125	-0.18310546875	0.6103515625
1.374	0.03113525390625	-0.047900390625000004	9.65911376953125	0.02288818359375	-0.3662109375	0.31280517578125
1.382	0.0383203125	-0.06945556640625	9.709409179687501	0.05340576171875	-0.16021728515625	0.52642822265625
1.391	0.047900390625000004	-0.009580078125	9.75012451171875	-0.030517578125	-0.1678466796875	0.45013427734375
1.399	0.07903564453125	-0.12693603515625002	9.69743408203125	-0.05340576171875	-0.30517578125	0.54931640625
1.41	0.076640625	-0.0814306640625	9.702224121093751	0.12969970703125	-0.1983642578125	0.46539306640625
1.419	0.0335302734375	-0.045505371093750004	9.65432373046875	-0.05340576171875	-0.1373291015625	0.3509521484375
1.427	0.055085449218750006	-0.05748046875	9.8052099609375	-0.2288818359375	-0.23651123046875	0.3814697265625
1.436	0.076640625	-0.028740234375	9.72617431640625	-0.06866455078125	0.11444091796875	0.6561279296875
1.445	0.08382568359375	-0.03113525390625	9.71419921875	-0.2593994140625	0.12969970703125	0.54168701171875
1.455	0.0383203125	-0.055085449218750006	9.71419921875	-0.14495849609375	-0.14495849609375	0.57220458984375
1.463	0.047900390625000004	-0.009580078125	9.754914550781251	-0.2288818359375	0.030517578125	0.41961669921875
1.472	0.08861572265625	-0.09580078125000001	9.67827392578125	-0.4425048828125	-0.06866455078125	0.3662109375
1.481	0.00718505859375	-0.03592529296875	9.762099609375001	0.03814697265625	-0.29754638671875	0.60272216796875
1.489	0.00718505859375	-0.06945556640625	9.656718750000001	-0.30517578125	0.06103515625	0.43487548828125
1.499	0.076640625	-0.026345214843750003	9.742939453125	-0.1220703125	0.03814697265625	0.518798828125
1.508	0.05748046875	-0.03113525390625	9.72617431640625	-0.17547607421875	-0.0152587890625	0.396728515625
1.516	0.01676513671875	-0.01676513671875	9.77886474609375	-0.0762939453125	-0.0457763671875	0.4425048828125
1.525	0.10777587890625001	-0.0718505859375	9.75970458984375	-0.152587890625	-0.06866455078125	0.32806396484375
1.534	0.0335302734375	-0.0143701171875	9.656718750000001	-0.1068115234375	-0.14495849609375	0.54931640625
1.544	0.05748046875	-0.05748046875	9.702224121093751	-0.08392333984375	0.0762939453125	0.51116943359375
1.553	0.06466552734375	-0.045505371093750004	9.754914550781251	-0.12969970703125	0.0	0.5035400390625
1.562	0.06945556640625	-0.07424560546875	9.78365478515625	-0.20599365234375	-0.20599365234375	0.6256103515625
1.571	0.0383203125	-0.055085449218750006	9.82676513671875	-0.1373291015625	-0.06103515625	0.38909912109375
1.58	0.09101074218750001	-0.050295410156250005	9.716594238281251	-0.19073486328125	-0.34332275390625	0.35858154296875
1.589	0.1149609375	-0.0718505859375	9.762099609375001	-0.091552734375	0.0152587890625	0.5035400390625
1.598	0.009580078125	-0.067060546875	9.67827392578125	-0.03814697265625	-0.2288818359375	0.4425048828125
1.607	0.0622705078125	-0.0335302734375	9.70701416015625	-0.1678466796875	-0.06866455078125	0.54168701171875
1.616	-0.026345214843750003	-0.10059082031250001	9.69264404296875	-0.14495849609375	-0.06103515625	0.54931640625
1.626	-0.00718505859375	-0.045505371093750004	9.72138427734375	-0.25177001953125	0.17547607421875	0.66375732421875
1.635	0.052690429687500005	-0.10298583984375001	9.6902490234375	-0.0762939453125	-0.1068115234375	0.43487548828125
1.644	0.05748046875	-0.0814306640625	9.685458984375	-0.1373291015625	-0.03814697265625	0.48065185546875
1.653	0.03592529296875	-0.047900390625000004	9.71419921875	-0.1068115234375	-0.22125244140625	0.46539306640625
1.662	0.0431103515625	-0.023950195312500002	9.723779296875	-0.09918212890625	0.03814697265625	0.54931640625
1.671	0.028740234375	-0.050295410156250005	9.79083984375	-0.1373291015625	-0.152587890625	0.37384033203125
1.68	-0.01676513671875	-0.009580078125	9.647138671875	-0.06866455078125	-0.19073486328125	0.4119873046875
1.689	0.047900390625000004	-0.06945556640625	9.71419921875	0.0152587890625	-0.06866455078125	0.54168701171875
1.697	0.045505371093750004	-0.045505371093750004	9.781259765625	-0.28228759765625	0.05340576171875	0.40435791015625
1.707	0.011975097656250001	-0.009580078125	9.7860498046875	-0.22125244140625	-0.1220703125	0.70953369140625
1.716	0.067060546875	-0.06466552734375	9.67587890625	-0.20599365234375	0.03814697265625	0.48065185546875
1.725	0.06945556640625	-0.08861572265625	9.68306396484375	-0.23651123046875	-0.11444091796875	0.6561279296875
1.734	0.050295410156250005	-0.050295410156250005	9.781259765625	-0.16021728515625	-0.091552734375	0.48065185546875
1.743	0.08861572265625	-0.01916015625	9.76449462890625	0.02288818359375	0.00762939453125	0.54931640625
1.752	0.0622705078125	-0.10777587890625001	9.67827392578125	-0.14495849609375	-0.14495849609375	0.48828125
1.761	0.076640625	-0.02155517578125	9.704619140625	-0.06103515625	-0.1983642578125	0.45013427734375
1.77	0.028740234375	-0.023950195312500002	9.733359375000001	-0.22125244140625	-0.06866455078125	0.54931640625
1.779	0.09819580078125001	-0.04071533203125	9.7189892578125	-0.32806396484375	0.06866455078125	0.518798828125
1.788	0.05987548828125	0.009580078125	9.723779296875	-0.26702880859375	-0.03814697265625	0.58746337890625
1.797	0.08382568359375	-0.055085449218750006	9.67827392578125	-0.20599365234375	-0.16021728515625	0.54168701171875
1.806	0.03592529296875	-0.11735595703125	9.75251953125	-0.213623046875	-0.00762939453125	0.63323974609375
1.815	-0.028740234375	-0.05748046875	9.613608398437501	-0.1373291015625	-0.1678466796875	0.579833984375
1.824	0.055085449218750006	-0.050295410156250005	9.673483886718751	-0.1983642578125	-0.2288818359375	0.518798828125
1.833	0.05987548828125	-0.023950195312500002	9.656718750000001	-0.152587890625	-0.06866455078125	0.60272216796875
1.843	0.052690429687500005	-0.050295410156250005	9.72617431640625	-0.17547607421875	0.213623046875	0.41961669921875
1.852	0.011975097656250001	-0.026345214843750003	9.6998291015625	-0.18310546875	-0.2899169921875	0.43487548828125
1.861	0.03592529296875	-0.1149609375	9.776469726562501	-0.18310546875	-0.12969970703125	0.35858154296875
1.87	0.0814306640625	-0.026345214843750003	9.66869384765625	0.06866455078125	-0.26702880859375	0.45013427734375
1.879	0.03113525390625	-0.047900390625000004	9.704619140625	-0.1373291015625	-0.08392333984375	0.6561279296875
1.888	-0.02155517578125	-0.01676513671875	9.6327685546875	0.0152587890625	-0.1983642578125	0.42724609375
1.897	0.055085449218750006	-0.0047900390625	9.754914550781251	-0.1220703125	-0.03814697265625	0.48828125
1.906	-0.009580078125	-0.09580078125000001	9.72617431640625	-0.11444091796875	-0.12969970703125	0.46539306640625
1.915	0.06466552734375	-0.0622705078125	9.6998291015625	-0.11444091796875	-0.17547607421875	0.46539306640625
1.925	0.011975097656250001	-0.023950195312500002	9.666298828125	-0.213623046875	-0.23651123046875	0.48828125
1.934	0.06466552734375	0.0047900390625	9.769284667968751	-0.23651123046875	-0.1220703125	0.49591064453125
1.943	0.124541015625	0.009580078125	9.769284667968751	-0.091552734375	-0.0457763671875	0.63323974609375
1.951	0.05987548828125	-0.06466552734375	9.742939453125	-0.30517578125	-0.00762939453125	0.46539306640625
1.96	0.0718505859375	0.0	9.742939453125	-0.09918212890625	-0.19073486328125	0.57220458984375
1.97	0.04071533203125	-0.0622705078125	9.695039062500001	0.0457763671875	0.00762939453125	0.54168701171875
1.978	0.02155517578125	-0.03592529296875	9.680668945312501	-0.152587890625	-0.06866455078125	0.579833984375
1.987	0.05748046875	-0.055085449218750006	9.702224121093751	-0.152587890625	-0.19073486328125	0.5340576171875
1.996	0.06466552734375	-0.086220703125	9.754914550781251	-0.19073486328125	0.0457763671875	0.51116943359375
2.006	0.011975097656250001	-0.07903564453125	9.72617431640625	-0.274658203125	-0.06866455078125	0.48065185546875
2.014	0.023950195312500002	-0.0431103515625	9.6998291015625	0.030517578125	0.0762939453125	0.5645751953125
2.023	0.03113525390625	-0.0383203125	9.67827392578125	-0.32806396484375	-0.1678466796875	0.42724609375
2.031	0.047900390625000004	-0.0383203125	9.66869384765625	-0.26702880859375	0.0152587890625	0.579833984375
2.04	0.00718505859375	-0.067060546875	9.71180419921875	-0.1068115234375	0.20599365234375	0.48065185546875
2.05	0.0718505859375	0.01676513671875	9.66390380859375	-0.25177001953125	0.0152587890625	0.49591064453125
2.058	0.050295410156250005	-0.04071533203125	9.75012451171875	-0.20599365234375	0.152587890625	0.54168701171875
2.067	0.045505371093750004	-0.10298583984375001	9.69264404296875	-0.28228759765625	0.06866455078125	0.42724609375
2.075	0.06466552734375	-0.09101074218750001	9.742939453125	-0.0152587890625	-0.152587890625	0.28228759765625
2.085	0.050295410156250005	-0.045505371093750004	9.71419921875	-0.16021728515625	-0.06866455078125	0.67901611328125
2.094	0.00718505859375	-0.05748046875	9.74533447265625	-0.09918212890625	0.1983642578125	0.5340576171875
2.103	0.0622705078125	-0.052690429687500005	9.73575439453125	-0.4425048828125	0.05340576171875	0.49591064453125
2.112	0.07424560546875	-0.076640625	9.695039062500001	-0.3814697265625	-0.03814697265625	0.2288818359375
2.121	0.06466552734375	0.02155517578125	9.72138427734375	0.0	0.0152587890625	0.42724609375
2.129	0.067060546875	-0.07424560546875	9.723779296875	-0.28228759765625	0.00762939453125	0.31280517578125
2.138	0.011975097656250001	-0.04071533203125	9.70701416015625	-0.19073486328125	0.0	0.3814697265625
2.147	0.055085449218750006	-0.00718505859375	9.754914550781251	-0.0762939453125	-0.396728515625	0.54168701171875
2.156	0.03592529296875	-0.10059082031250001	9.65911376953125	-0.17547607421875	-0.0762939453125	0.457763671875
2.165	0.05987548828125	0.009580078125	9.66390380859375	-0.0457763671875	-0.20599365234375	0.48828125
2.173	0.045505371093750004	-0.02155517578125	9.680668945312501	-0.1373291015625	-0.00762939453125	0.4730224609375
2.183	0.047900390625000004	-0.07903564453125	9.7573095703125	-0.12969970703125	-0.152587890625	0.46539306640625
2.192	0.028740234375	-0.0383203125	9.733359375000001	-0.1068115234375	-0.26702880859375	0.40435791015625
2.201	0.009580078125	-0.09580078125000001	9.6902490234375	-0.1220703125	-0.152587890625	0.63323974609375
2.21	0.067060546875	-0.0383203125	9.6710888671875	-0.17547607421875	-0.22125244140625	0.42724609375
2.22	0.076640625	0.023950195312500002	9.6183984375	-0.1983642578125	-0.2593994140625	0.43487548828125
2.229	0.055085449218750006	-0.023950195312500002	9.7285693359375	-0.0152587890625	-0.17547607421875	0.5950927734375
2.238	0.0431103515625	0.02155517578125	9.7860498046875	-0.1373291015625	-0.3204345703125	0.335693359375
2.246	0.05748046875	-0.076640625	9.6998291015625	0.00762939453125	-0.2288818359375	0.45013427734375
2.255	-0.01676513671875	-0.0718505859375	9.649533691406251	-0.0457763671875	-0.23651123046875	0.42724609375
2.265	0.0431103515625	-0.0383203125	9.687854003906251	0.0457763671875	-0.3814697265625	0.3662109375
2.274	0.05748046875	-0.055085449218750006	9.71419921875	-0.1068115234375	0.030517578125	0.17547607421875
2.282	0.06466552734375	-0.06945556640625	9.67827392578125	-0.16021728515625	0.06103515625	0.46539306640625
2.291	0.0622705078125	-0.06945556640625	9.73575439453125	-0.18310546875	0.0	0.5035400390625
2.3	0.06466552734375	-0.09340576171875001	9.68306396484375	-0.11444091796875	0.09918212890625	0.46539306640625
2.31	0.06466552734375	-0.04071533203125	9.70701416015625	-0.244140625	-0.1983642578125	0.518798828125
2.319	0.00239501953125	0.0047900390625	9.75251953125	-0.23651123046875	-0.06103515625	0.46539306640625
2.327	0.07903564453125	-0.0383203125	9.6040283203125	-0.38909912109375	-0.0457763671875	0.46539306640625
2.336	0.009580078125	-0.10298583984375001	9.7381494140625	-0.1678466796875	-0.06103515625	0.49591064453125
2.345	0.06466552734375	-0.0143701171875	9.64474365234375	-0.02288818359375	-0.03814697265625	0.5035400390625
2.354	0.00239501953125	-0.07903564453125	9.73575439453125	-0.20599365234375	-0.1373291015625	0.3814697265625
2.363	0.009580078125	-0.047900390625000004	9.723779296875	-0.3204345703125	-0.35858154296875	0.5645751953125
2.372	0.0383203125	-0.0622705078125	9.6998291015625	0.06103515625	0.09918212890625	0.48828125
2.381	0.009580078125	-0.055085449218750006	9.7285693359375	-0.213623046875	-0.1373291015625	0.4730224609375
2.39	0.1149609375	-0.04071533203125	9.77407470703125	-0.1983642578125	0.11444091796875	0.5340576171875
2.399	0.00239501953125	-0.0622705078125	9.793234863281251	-0.0152587890625	-0.1068115234375	0.52642822265625
2.408	0.04071533203125	-0.07903564453125	9.742939453125	-0.11444091796875	-0.06866455078125	0.5035400390625
2.417	0.050295410156250005	-0.02155517578125	9.70701416015625	-0.26702880859375	-0.08392333984375	0.69427490234375
2.426	0.055085449218750006	-0.08861572265625	9.71180419921875	-0.11444091796875	-0.26702880859375	0.52642822265625
2.436	0.02155517578125	-0.028740234375	9.72138427734375	-0.02288818359375	-0.3662109375	0.45013427734375
2.444	0.0622705078125	-0.04071533203125	9.73575439453125	-0.06866455078125	-0.030517578125	0.3662109375
2.453	0.055085449218750006	-0.047900390625000004	9.695039062500001	-0.14495849609375	0.00762939453125	0.3662109375
2.462	0.009580078125	-0.0814306640625	9.6998291015625	-0.0762939453125	-0.3814697265625	0.4730224609375
2.471	0.0335302734375	-0.023950195312500002	9.7189892578125	-0.1678466796875	-0.3814697265625	0.396728515625
2.481	0.09101074218750001	-0.026345214843750003	9.70701416015625	-0.17547607421875	-0.2288818359375	0.3814697265625
2.49	0.06466552734375	-0.01916015625	9.71180419921875	-0.16021728515625	-0.26702880859375	0.48065185546875
2.499	0.13172607421875002	-0.009580078125	9.7285693359375	-0.06103515625	-0.19073486328125	0.54168701171875
2.508	0.0335302734375	-0.086220703125	9.807604980468751	-0.0762939453125	-0.05340576171875	0.4425048828125
2.518	0.0431103515625	-0.03592529296875	9.8339501953125	-0.1068115234375	-0.18310546875	0.518798828125
2.526	-0.00718505859375	-0.04071533203125	9.73575439453125	-0.091552734375	0.08392333984375	0.55694580078125
2.535	0.03592529296875	-0.050295410156250005	9.7956298828125	-0.26702880859375	-0.11444091796875	0.45013427734375
2.544	0.07424560546875	-0.052690429687500005	9.723779296875	-0.213623046875	-0.18310546875	0.5950927734375
2.553	0.0335302734375	-0.047900390625000004	9.72617431640625	-0.32806396484375	0.0152587890625	0.579833984375
2.563	0.045505371093750004	-0.0383203125	9.740544433593751	-0.274658203125	-0.08392333984375	0.4425048828125
2.572	0.0335302734375	-0.009580078125	9.666298828125	-0.06866455078125	0.00762939453125	0.26702880859375
2.58	-0.01916015625	-0.06945556640625	9.65432373046875	-0.274658203125	0.02288818359375	0.41961669921875
2.589	0.052690429687500005	0.0335302734375	9.716594238281251	-0.18310546875	-0.06103515625	0.46539306640625
2.597	0.0	-0.0335302734375	9.716594238281251	-0.1373291015625	0.06103515625	0.43487548828125
2.606	0.086220703125	-0.009580078125	9.64474365234375	-0.091552734375	0.00762939453125	0.38909912109375
2.615	0.12214599609375	-0.0431103515625	9.7189892578125	-0.23651123046875	-0.18310546875	0.42724609375
2.624	0.028740234375	-0.076640625	9.67827392578125	-0.244140625	0.14495849609375	0.4119873046875
2.633	0.01676513671875	-0.05987548828125	9.62558349609375	-0.1983642578125	0.0	0.4425048828125
2.641	0.026345214843750003	-0.026345214843750003	9.72138427734375	-0.14495849609375	0.0152587890625	0.457763671875
2.651	0.052690429687500005	-0.00239501953125	9.7381494140625	-0.335693359375	0.11444091796875	0.5035400390625
2.659	0.023950195312500002	-0.050295410156250005	9.73575439453125	-0.34332275390625	-0.335693359375	0.52642822265625
2.668	0.055085449218750006	-0.02155517578125	9.656718750000001	0.12969970703125	-0.35858154296875	0.40435791015625
2.677	0.01676513671875	-0.08861572265625	9.59205322265625	0.0152587890625	-0.1983642578125	0.457763671875
2.685	-0.00718505859375	-0.076640625	9.77886474609375	0.14495849609375	-0.274658203125	0.54168701171875
2.695	0.028740234375	-0.07903564453125	9.76449462890625	0.06103515625	-0.19073486328125	0.396728515625
2.704	0.06466552734375	-0.026345214843750003	9.79083984375	0.0	-0.11444091796875	0.3662109375
2.713	0.05987548828125	-0.0622705078125	9.793234863281251	-0.1068115234375	-0.16021728515625	0.48828125
2.722	0.06945556640625	-0.05748046875	9.68306396484375	-0.1678466796875	-0.11444091796875	0.43487548828125
2.732	0.06466552734375	-0.09580078125000001	9.72138427734375	-0.29754638671875	0.06866455078125	0.4730224609375
2.741	0.07424560546875	-0.045505371093750004	9.687854003906251	-0.3204345703125	0.05340576171875	0.396728515625
2.75	0.09340576171875001	-0.03592529296875	9.7285693359375	-0.1220703125	-0.244140625	0.5340576171875
2.759	0.10538085937500001	-0.03592529296875	9.776469726562501	-0.152587890625	-0.0152587890625	0.46539306640625
2.768	0.00718505859375	-0.01676513671875	9.6998291015625	-0.28228759765625	-0.22125244140625	0.55694580078125
2.778	0.01676513671875	-0.067060546875	9.716594238281251	-0.06866455078125	-0.34332275390625	0.4730224609375
2.787	0.00239501953125	-0.10059082031250001	9.79802490234375	-0.12969970703125	-0.030517578125	0.54931640625
2.795	-0.00718505859375	-0.0143701171875	9.647138671875	-0.1068115234375	0.05340576171875	0.55694580078125
2.804	0.07903564453125	-0.03592529296875	9.63995361328125	-0.091552734375	0.20599365234375	0.43487548828125
2.813	0.09819580078125001	-0.047900390625000004	9.75012451171875	-0.37384033203125	0.02288818359375	0.41961669921875
2.822	0.050295410156250005	-0.0047900390625	9.685458984375	-0.28228759765625	0.16021728515625	0.49591064453125
2.831	0.055085449218750006	-0.028740234375	9.814790039062501	-0.35858154296875	0.12969970703125	0.3662109375
2.839	0.02155517578125	-0.045505371093750004	9.709409179687501	-0.14495849609375	0.05340576171875	0.48828125
2.848	0.08382568359375	-0.009580078125	9.76449462890625	0.05340576171875	0.0152587890625	0.61798095703125
2.856	0.03113525390625	-0.026345214843750003	9.6998291015625	-0.16021728515625	-0.02288818359375	0.48065185546875
2.865	-0.00239501953125	-0.055085449218750006	9.79083984375	-0.030517578125	-0.11444091796875	0.4425048828125
2.874	0.0431103515625	-0.023950195312500002	9.7956298828125	-0.14495849609375	-0.06866455078125	0.3204345703125
2.883	-0.009580078125	-0.055085449218750006	9.69743408203125	-0.00762939453125	0.1220703125	0.46539306640625
2.892	-0.01916015625	-0.0622705078125	9.733359375000001	-0.17547607421875	-0.22125244140625	0.72479248046875
2.902	0.01676513671875	-0.08861572265625	9.723779296875	-0.17547607421875	-0.213623046875	0.4119873046875
2.911	-0.023950195312500002	-0.09340576171875001	9.762099609375001	-0.08392333984375	-0.06103515625	0.42724609375
2.92	0.0383203125	-0.05987548828125	9.69264404296875	-0.0457763671875	-0.091552734375	0.40435791015625
2.929	0.050295410156250005	-0.055085449218750006	9.67587890625	-0.17547607421875	-0.03814697265625	0.57220458984375
2.938	0.06466552734375	-0.052690429687500005	9.7860498046875	-0.152587890625	0.03814697265625	0.37384033203125
2.947	0.028740234375	-0.01676513671875	9.67827392578125	-0.09918212890625	-0.244140625	0.54931640625
2.956	0.0143701171875	-0.03592529296875	9.76449462890625	0.00762939453125	-0.18310546875	0.5035400390625
2.965	0.0143701171875	-0.07424560546875	9.709409179687501	-0.06866455078125	0.09918212890625	0.579833984375
2.973	0.023950195312500002	-0.023950195312500002	9.7573095703125	-0.08392333984375	0.03814697265625	0.579833984375
2.982	0.05987548828125	-0.086220703125	9.7285693359375	0.1068115234375	0.18310546875	0.38909912109375
2.991	0.050295410156250005	-0.06466552734375	9.589658203125001	-0.213623046875	0.0762939453125	0.48828125
3.0	-0.03113525390625	-0.028740234375	9.65911376953125	-0.0457763671875	-0.1220703125	0.4730224609375
3.009	0.09819580078125001	-0.04071533203125	9.77407470703125	-0.1220703125	-0.00762939453125	0.5340576171875
3.018	0.0	0.03592529296875	9.754914550781251	-0.26702880859375	-0.1983642578125	0.25177001953125
3.026	0.0383203125	-0.0143701171875	9.709409179687501	-0.12969970703125	0.1068115234375	0.396728515625
3.036	0.086220703125	-0.06466552734375	9.740544433593751	-0.30517578125	0.244140625	0.5950927734375
3.045	0.047900390625000004	-0.03592529296875	9.77407470703125	-0.3814697265625	0.03814697265625	0.54168701171875
3.054	0.06466552734375	-0.01916015625	9.7189892578125	-0.213623046875	0.06866455078125	0.46539306640625
3.062	0.086220703125	-0.00239501953125	9.747729492187501	-0.2593994140625	0.03814697265625	0.46539306640625
3.072	-0.00239501953125	-0.11735595703125	9.69264404296875	-0.3662109375	0.091552734375	0.60272216796875
3.081	0.0335302734375	-0.10538085937500001	9.695039062500001	-0.38909912109375	0.091552734375	0.762939453125
3.09	0.05987548828125	-0.047900390625000004	9.769284667968751	-0.30517578125	0.11444091796875	0.3814697265625
3.099	0.06466552734375	-0.076640625	9.7573095703125	-0.274658203125	0.1220703125	0.45013427734375
3.108	0.09101074218750001	-0.05987548828125	9.63995361328125	-0.22125244140625	0.030517578125	0.4119873046875
3.118	0.03592529296875	-0.06945556640625	9.71180419921875	-0.2288818359375	0.05340576171875	0.38909912109375
3.126	0.01676513671875	-0.01676513671875	9.71180419921875	0.05340576171875	-0.3204345703125	0.3662109375
3.135	0.03592529296875	-0.026345214843750003	9.7189892578125	-0.09918212890625	-0.14495849609375	0.35858154296875
3.143	0.047900390625000004	-0.08861572265625	9.723779296875	-0.06103515625	-0.25177001953125	0.5340576171875
3.152	0.10059082031250001	-0.05748046875	9.742939453125	-0.32806396484375	-0.18310546875	0.5950927734375
3.163	0.076640625	-0.08382568359375	9.673483886718751	-0.05340576171875	-0.06103515625	0.49591064453125
3.171	-0.03113525390625	-0.10777587890625001	9.723779296875	-0.29754638671875	0.0	0.54168701171875
3.18	0.0335302734375	-0.08382568359375	9.7381494140625	-0.14495849609375	0.11444091796875	0.30517578125
3.189	0.011975097656250001	-0.09340576171875001	9.66390380859375	-0.14495849609375	-0.32806396484375	0.48828125
3.198	0.00718505859375	-0.0047900390625	9.838740234375	0.05340576171875	-0.12969970703125	0.335693359375
3.207	0.0383203125	-0.02155517578125	9.716594238281251	0.0	-0.18310546875	0.518798828125
3.216	0.10777587890625001	-0.07903564453125	9.680668945312501	-0.22125244140625	-0.12969970703125	0.274658203125
3.225	0.1149609375	-0.009580078125	9.68306396484375	-0.1220703125	0.1068115234375	0.29754638671875
3.234	0.124541015625	-0.05748046875	9.69264404296875	-0.18310546875	-0.23651123046875	0.38909912109375
3.244	0.07903564453125	-0.0335302734375	9.75970458984375	-0.1220703125	0.19073486328125	0.579833984375
3.253	0.05748046875	-0.143701171875	9.70701416015625	-0.1373291015625	-0.152587890625	0.52642822265625
3.262	0.026345214843750003	-0.0622705078125	9.723779296875	-0.152587890625	0.1220703125	0.28228759765625
3.271	0.06945556640625	-0.07903564453125	9.77407470703125	-0.25177001953125	-0.08392333984375	0.37384033203125
3.28	0.023950195312500002	-0.04071533203125	9.63755859375	0.00762939453125	-0.030517578125	0.46539306640625
3.29	0.05748046875	-0.03592529296875	9.702224121093751	-0.11444091796875	0.05340576171875	0.396728515625
3.298	0.10298583984375001	-0.023950195312500002	9.685458984375	0.0152587890625	-0.091552734375	0.5035400390625
3.307	0.00718505859375	-0.045505371093750004	9.740544433593751	-0.11444091796875	-0.16021728515625	0.396728515625
3.316	0.0622705078125	-0.05987548828125	9.762099609375001	-0.1373291015625	0.06866455078125	0.3204345703125
3.324	0.0	-0.03592529296875	9.6998291015625	-0.2593994140625	0.06866455078125	0.5035400390625
3.334	0.04071533203125	-0.076640625	9.742939453125	-0.18310546875	-0.08392333984375	0.6561279296875
3.343	0.0335302734375	-0.045505371093750004	9.742939453125	-0.25177001953125	-0.06866455078125	0.48065185546875
3.351	0.05987548828125	-0.0383203125	9.687854003906251	-0.1678466796875	0.00762939453125	0.52642822265625
3.36	-0.023950195312500002	-0.047900390625000004	9.7381494140625	-0.152587890625	0.05340576171875	0.3662109375
3.369	0.0143701171875	-0.028740234375	9.754914550781251	-0.02288818359375	-0.02288818359375	0.55694580078125
3.378	0.047900390625000004	0.00239501953125	9.66869384765625	-0.25177001953125	0.2288818359375	0.5035400390625
3.386	0.05748046875	-0.01916015625	9.70701416015625	-0.18310546875	-0.1220703125	0.32806396484375
3.395	-0.00239501953125	-0.07424560546875	9.6710888671875	-0.12969970703125	0.1373291015625	0.5950927734375
3.404	0.076640625	-0.09101074218750001	9.666298828125	-0.09918212890625	-0.152587890625	0.54931640625
3.414	0.03592529296875	-0.09340576171875001	9.68306396484375	-0.2593994140625	-0.18310546875	0.4730224609375
3.423	-0.01676513671875	-0.07903564453125	9.716594238281251	0.08392333984375	-0.2593994140625	0.38909912109375
3.433	0.10298583984375001	-0.03592529296875	9.7716796875	-0.09918212890625	-0.274658203125	0.3509521484375
3.442	0.055085449218750006	-0.00239501953125	9.79802490234375	-0.0762939453125	-0.2288818359375	0.579833984375
3.45	0.047900390625000004	-0.047900390625000004	9.7381494140625	-0.16021728515625	-0.12969970703125	0.43487548828125
3.46	0.067060546875	-0.0718505859375	9.67587890625	-0.03814697265625	-0.1068115234375	0.3662109375
3.469	0.0622705078125	-0.07903564453125	9.70701416015625	-0.20599365234375	-0.05340576171875	0.69427490234375
3.478	-0.0047900390625	-0.02155517578125	9.702224121093751	-0.12969970703125	-0.20599365234375	0.4730224609375
3.487	0.05987548828125	-0.0622705078125	9.65911376953125	-0.030517578125	-0.2899169921875	0.40435791015625
3.496	0.01676513671875	-0.01676513671875	9.72617431640625	-0.00762939453125	-0.16021728515625	0.51116943359375
3.506	0.0718505859375	-0.0431103515625	9.740544433593751	-0.26702880859375	-0.08392333984375	0.4119873046875
3.516	0.076640625	-0.05987548828125	9.754914550781251	-0.19073486328125	-0.1373291015625	0.48065185546875
3.525	0.0335302734375	-0.0335302734375	9.7189892578125	-0.091552734375	-0.1068115234375	0.54931640625
3.534	0.07424560546875	0.01676513671875	9.73575439453125	-0.1373291015625	0.0	0.3509521484375
3.543	0.0431103515625	-0.04071533203125	9.687854003906251	-0.14495849609375	-0.030517578125	0.3662109375
3.552	-0.02155517578125	-0.09580078125000001	9.704619140625	-0.1983642578125	0.06103515625	0.61798095703125
3.561	0.10059082031250001	-0.05748046875	9.68306396484375	-0.2899169921875	0.0762939453125	0.5035400390625
3.569	0.02155517578125	-0.08861572265625	9.66869384765625	-0.08392333984375	0.12969970703125	0.41961669921875
3.578	0.06945556640625	-0.047900390625000004	9.702224121093751	-0.17547607421875	-0.02288818359375	0.60272216796875
3.588	0.06466552734375	-0.1149609375	9.781259765625	-0.19073486328125	0.0	0.457763671875
3.597	-0.00718505859375	-0.047900390625000004	9.7285693359375	-0.091552734375	0.00762939453125	0.52642822265625
3.606	0.08861572265625	-0.04071533203125	9.716594238281251	-0.06103515625	0.0762939453125	0.60272216796875
3.614	0.009580078125	-0.05748046875	9.702224121093751	-0.1220703125	-0.3204345703125	0.3662109375
3.623	0.0622705078125	-0.09819580078125001	9.7716796875	0.030517578125	-0.45013427734375	0.3814697265625
3.633	-0.0143701171875	-0.06466552734375	9.709409179687501	0.4425048828125	-0.67138671875	0.43487548828125
3.642	0.0047900390625	-0.14609619140625002	9.77407470703125	0.5340576171875	-0.8087158203125	0.6103515625
3.652	-0.0718505859375	-0.7903564453125	9.7285693359375	0.17547607421875	0.55694580078125	3.21197509765625
3.661	0.08861572265625	-0.3448828125	9.649533691406251	0.0762939453125	0.02288818359375	5.21087646484375
3.671	0.02155517578125	-0.5221142578125	9.75012451171875	0.16021728515625	-0.518798828125	5.4931640625
3.68	0.00718505859375	-0.53887939453125	9.8435302734375	0.06866455078125	0.0152587890625	3.082275390625
3.688	0.06945556640625	-0.3688330078125	9.733359375000001	0.06103515625	0.1068115234375	0.48828125
3.697	0.05748046875	-0.32332763671875003	9.74533447265625	0.02288818359375	0.1983642578125	-2.25830078125
3.706	0.09819580078125001	-0.11256591796875001	9.70701416015625	-0.00762939453125	-0.03814697265625	-3.89862060546875
3.716	0.14609619140625002	-0.052690429687500005	9.838740234375	-0.09918212890625	0.396728515625	-4.55474853515625
3.726	0.16525634765625	-0.045505371093750004	9.71180419921875	0.0152587890625	0.7171630859375	-3.99017333984375
3.735	0.067060546875	-0.04071533203125	9.687854003906251	-0.02288818359375	-0.244140625	-3.4027099609375
3.744	0.11735595703125	0.03113525390625	9.78365478515625	0.030517578125	-0.1373291015625	-2.49481201171875
3.753	0.11017089843750001	-0.1676513671875	9.64474365234375	-0.06866455078125	0.19073486328125	-1.85394287109375
3.763	-0.13412109375	-0.36164794921875004	9.79083984375	0.12969970703125	0.03814697265625	-1.13677978515625
3.773	-0.009580078125	-1.1112890625	9.6902490234375	0.1220703125	0.8087158203125	1.50299072265625
3.782	-0.0047900390625	-0.9843530273437501	9.80281494140625	-0.06103515625	0.29754638671875	-0.31280517578125
3.792	-0.1197509765625	-0.8478369140625001	9.6231884765625	0.1678466796875	0.152587890625	-0.457763671875
3.802	0.22034179687500002	-0.9580078125	9.608818359375	-0.12969970703125	0.38909912109375	-0.244140625
3.812	0.15328125	-1.01309326171875	9.7860498046875	0.26702880859375	0.19073486328125	-0.26702880859375
3.822	0.12214599609375	-0.9412426757812501	9.75012451171875	-0.0762939453125	0.091552734375	-1.2664794921875
3.831	0.33769775390625	-1.06578369140625	9.6998291015625	0.1220703125	0.57220458984375	-0.37384033203125
3.842	0.08861572265625	-1.1472143554687502	9.77886474609375	0.06103515625	-0.2899169921875	0.885009765625
3.851	0.028740234375	-1.1543994140625	9.71180419921875	0.335693359375	-0.732421875	0.42724609375
3.86	-0.03592529296875	-1.1448193359375	9.71419921875	0.030517578125	-0.1373291015625	0.58746337890625
3.869	-0.21794677734375	-1.178349609375	9.81	0.31280517578125	-0.4119873046875	0.0152587890625
3.879	-0.22273681640625	-1.22625	9.77407470703125	0.1983642578125	-0.48828125	-0.12969970703125
3.89	-0.06945556640625	-1.159189453125	9.72617431640625	0.244140625	-0.60272216796875	-1.06048583984375
3.9	0.086220703125	-1.0154882812500001	9.64474365234375	0.25177001953125	-0.52642822265625	-2.12860107421875
3.91	0.26105712890625	-1.09452392578125	9.702224121093751	0.12969970703125	-0.57220458984375	-0.58746337890625
3.919	0.37362304687500003	-1.10410400390625	9.7189892578125	0.20599365234375	-0.8697509765625	0.1678466796875
3.93	0.277822265625	-1.0969189453125001	9.7860498046875	0.1373291015625	-0.93841552734375	0.60272216796875
3.94	0.44786865234375	-1.1543994140625	9.881850585937501	0.091552734375	-0.7781982421875	0.20599365234375
3.95	0.49337402343750003	-1.10410400390625	9.7716796875	0.244140625	-0.96893310546875	-0.11444091796875
3.96	0.38559814453125	-1.24541015625	9.74533447265625	0.38909912109375	-0.81634521484375	1.01470947265625
3.97	0.44307861328125003	-1.13284423828125	9.754914550781251	0.244140625	-1.18255615234375	2.5482177734375
3.98	0.36404296875000003	-1.07296875	9.84113525390625	0.2593994140625	-0.7171630859375	4.08172607421875
3.99	0.18681152343750002	-0.97477294921875	9.8052099609375	0.12969970703125	-0.8392333984375	4.34112548828125
3.999	0.28740234375	-1.3555810546875	9.821975097656251	0.00762939453125	-0.396728515625	4.1656494140625
4.009	0.316142578125	-1.59747802734375	9.762099609375001	-0.05340576171875	-0.46539306640625	3.814697265625
4.02	0.4454736328125	-1.8872753906250002	9.66390380859375	0.1983642578125	-1.129150390625	5.523681640625
4.03	0.42391845703125003	-2.01900146484375	9.75970458984375	0.12969970703125	-1.9378662109375	4.9591064453125
4.04	0.5077441406250001	-2.0357666015625	9.77407470703125	0.26702880859375	-2.67791748046875	1.71661376953125
4.05	0.59396484375	-1.791474609375	9.70701416015625	-0.06866455078125	-1.7547607421875	-2.41851806640625
4.061	0.5700146484375	-1.79865966796875	9.807604980468751	-0.23651123046875	-1.1749267578125	-4.33349609375
4.072	0.62989013671875	-1.906435546875	9.75012451171875	-0.518798828125	-0.885009765625	-6.50787353515625
4.083	0.22752685546875	-1.84177001953125	9.80281494140625	-0.55694580078125	-1.03759765625	-9.1094970703125
4.093	0.3065625	-1.8154248046875001	9.589658203125001	-0.4425048828125	0.49591064453125	-11.6119384765625
4.104	-0.09819580078125001	-1.77470947265625	9.836345214843751	-0.42724609375	0.22125244140625	-11.48223876953125
4.114	-0.354462890625	-2.0453466796875	9.6998291015625	0.08392333984375	0.1068115234375	-12.35198974609375
4.125	-0.3448828125	-2.1579125976562503	9.695039062500001	0.16021728515625	-1.1444091796875	-15.37322998046875
4.135	0.026345214843750003	-1.93278076171875	9.733359375000001	0.1220703125	-1.56402587890625	-17.1661376953125
4.147	0.4742138671875	-1.8609301757812502	9.71419921875	0.25177001953125	-1.18255615234375	-19.0277099609375
4.157	0.30177246093750004	-1.7938696289062501	9.762099609375001	0.63323974609375	-0.11444091796875	-21.0723876953125
4.167	0.1676513671875	-1.17595458984375	9.877060546875	0.67138671875	-1.2359619140625	-10.3912353515625
4.178	-0.14609619140625002	-1.149609375	9.716594238281251	-0.11444091796875	-0.08392333984375	-11.3067626953125
4.189	-0.229921875	-1.5280224609375002	9.67587890625	-0.38909912109375	0.08392333984375	-17.15850830078125
4.2	-0.46702880859375	-1.3148657226562501	9.90580078125	-0.274658203125	1.129150390625	-18.80645751953125
4.211	-0.9077124023437501	-1.4418017578125	9.66390380859375	0.1220703125	2.23541259765625	-22.15576171875
4.221	-0.87897216796875	-1.48251708984375	9.635163574218751	-0.0762939453125	2.15911865234375	-22.8729248046875
4.232	-0.5221142578125	-1.7100439453125	9.69743408203125	0.05340576171875	0.18310546875	-33.1268310546875
4.243	-0.14130615234375002	-4.2008642578125	7.9658349609375	4.913330078125	6.0272216796875	-46.59271240234375
4.254	-0.9723779296875	-0.9412426757812501	9.819580078125	2.31170654296875	-2.3193359375	-8.2244873046875
4.265	-0.10538085937500001	-0.9029223632812501	9.723779296875	0.8392333984375	-2.23541259765625	-15.37322998046875
4.277	-0.21076171875000002	-0.8214916992187501	9.814790039062501	-0.58746337890625	-1.02996826171875	-16.38031005859375
4.288	-0.38559814453125	-0.6682104492187501	9.747729492187501	-0.2288818359375	-1.5106201171875	-10.5133056640625
4.298	-0.32332763671875003	-0.8190966796875	9.73096435546875	0.1678466796875	-0.70953369140625	-7.46917724609375
4.31	-0.02155517578125	-1.0777587890625	9.709409179687501	-0.2288818359375	-1.15966796875	-8.2855224609375
4.32	0.08861572265625	-1.20469482421875	9.6998291015625	-0.6256103515625	-1.25885009765625	-9.09423828125
4.331	0.08382568359375	-1.17116455078125	9.77886474609375	-1.2054443359375	-2.76947021484375	-10.96343994140625
4.342	0.38559814453125	-0.74006103515625	9.78365478515625	-0.885009765625	-2.83050537109375	-18.27239990234375
4.354	0.5795947265625	-0.8622070312500001	9.754914550781251	-1.068115234375	-1.62506103515625	-25.33721923828125
4.365	0.32332763671875003	-1.063388671875	9.72617431640625	-0.98419189453125	-0.42724609375	-28.778076171875
4.376	-0.19399658203125	-0.6083349609375001	9.7716796875	-0.77056884765625	0.25177001953125	-27.1759033203125
4.386	-0.9843530273437501	-0.30416748046875003	9.78365478515625	-0.8087158203125	-0.54168701171875	-23.5748291015625
4.398	-0.7520361328125	-0.37601806640625	9.673483886718751	-0.2288818359375	-1.0986328125	-18.646240234375
4.409	-0.5604345703125	-0.22034179687500002	9.7189892578125	-0.49591064453125	-0.84686279296875	-14.8773193359375
4.419	-0.45744873046875	-0.32811767578125	9.62558349609375	-0.1220703125	-0.701904296875	-11.14654541015625
4.43	-0.26584716796875	-0.12214599609375	9.93214599609375	-0.54168701171875	-0.99945068359375	-6.683349609375
4.442	-0.37362304687500003	-0.6945556640625	9.85071533203125	-1.24359130859375	-1.3427734375	-4.53948974609375
4.452	-0.24189697265625001	-0.8430468750000001	9.7668896484375	-0.54168701171875	-1.36566162109375	-5.04302978515625
4.463	-0.09340576171875001	-0.9651928710937501	9.740544433593751	0.09918212890625	-1.27410888671875	-9.2315673828125
4.474	0.21794677734375	-0.8286767578125	9.740544433593751	0.2593994140625	-1.0223388671875	-13.37432861328125
4.485	0.35206787109375004	-0.9053173828125001	9.656718750000001	-0.20599365234375	-1.2664794921875	-18.8140869140625
4.496	0.15088623046875002	-0.6825805664062501	9.60163330078125	-0.244140625	-0.6866455078125	-23.58245849609375
4.506	-0.045505371093750004	-0.57719970703125	9.582473144531251	-0.5035400390625	0.08392333984375	-29.84619140625
4.516	-0.067060546875	-0.9220825195312501	9.762099609375001	-1.1444091796875	0.40435791015625	-33.43963623046875
4.528	-0.055085449218750006	-0.85023193359375	9.704619140625	-1.3427734375	0.57220458984375	-39.276123046875
4.538	0.4358935546875	-0.910107421875	9.68306396484375	-0.1678466796875	0.74005126953125	-43.57147216796875
4.548	0.4742138671875	-0.9220825195312501	9.79802490234375	-0.3814697265625	0.4730224609375	-47.0428466796875
4.558	0.4454736328125	-0.8214916992187501	9.82676513671875	-0.0457763671875	-0.12969970703125	-52.001953125
4.569	0.45984375	-0.56282958984375	9.8626904296875	0.67901611328125	-0.48065185546875	-52.6885986328125
4.579	0.25626708984375	-0.36643798828125	9.85550537109375	-0.54931640625	-1.54876708984375	-51.2542724609375
4.59	-0.32811767578125	-0.45984375	9.513017578125	-0.29754638671875	-2.685546875	-35.9344482421875
4.6	-1.29091552734375	0.3688330078125	9.78365478515625	-1.80816650390625	0.57220458984375	-48.17962646484375
4.612	-0.25147705078125	0.29937744140625	9.69743408203125	-1.60980224609375	0.0762939453125	-44.88372802734375
4.621	-0.23231689453125	0.086220703125	9.695039062500001	0.51116943359375	0.28228759765625	-44.54803466796875
4.631	0.0	0.023950195312500002	9.889035644531251	-0.49591064453125	-1.51824951171875	-44.25048828125
4.642	-0.15567626953125	-0.12214599609375	9.716594238281251	-1.3885498046875	-1.1749267578125	-42.7093505859375
4.652	-0.10538085937500001	0.0047900390625	9.78365478515625	0.06103515625	-0.79345703125	-46.83685302734375
4.662	-0.0335302734375	0.01676513671875	9.7668896484375	0.17547607421875	-1.13677978515625	-45.90606689453125
4.672	-0.33769775390625	0.12693603515625002	9.61600341796875	0.25177001953125	-3.3111572265625	-50.933837890625
4.682	-0.22513183593750002	0.6634204101562501	9.807604980468751	-0.28228759765625	-2.34222412109375	-52.2613525390625
4.694	-0.55324951171875	0.49097900390625004	9.63995361328125	-0.22125244140625	-2.3193359375	-58.380126953125
4.705	-0.60114990234375	1.0011181640625	9.72617431640625	-0.35858154296875	-1.36566162109375	-57.55615234375
4.715	0.08861572265625	0.64905029296875	9.66390380859375	-0.48065185546875	-1.13677978515625	-51.50604248046875
4.726	-0.0718505859375	0.890947265625	9.8339501953125	-0.40435791015625	-1.617431640625	-47.515869140625
4.738	-1.1256591796875	0.8669970703125001	9.553732910156251	-0.57220458984375	-1.30462646484375	-42.7703857421875
4.748	0.2442919921875	0.17244140625	9.553732910156251	-0.152587890625	-1.6937255859375	-45.05157470703125
4.758	-0.20118164062500002	0.48618896484375	9.59923828125	-0.1983642578125	-1.12152099609375	-46.2799072265625
4.769	-0.19160156250000002	0.833466796875	9.7189892578125	-0.244140625	-0.77056884765625	-42.388916015625
4.781	-0.29937744140625	0.93884765625	9.67587890625	-0.55694580078125	-1.39617919921875	-39.74151611328125
4.791	0.55324951171875	0.8813671875000001	9.821975097656251	-0.457763671875	-2.0599365234375	-31.07452392578125
4.801	-0.24668701171875002	0.9651928710937501	9.680668945312501	0.3509521484375	-2.227783203125	-20.54595947265625
4.812	0.3448828125	1.10410400390625	9.66869384765625	-0.40435791015625	-0.7171630859375	-20.81298828125
4.823	0.1484912109375	0.7424560546875001	9.7860498046875	-0.41961669921875	-0.89263916015625	-15.106201171875
4.833	0.7855664062500001	0.5987548828125	9.687854003906251	-0.05340576171875	-0.7781982421875	-7.659912109375
4.844	0.51971923828125	0.62031005859375	9.7956298828125	-1.21307373046875	-1.38092041015625	-4.93621826171875
4.853	0.58198974609375	0.42152343750000004	9.627978515625001	-0.48065185546875	-0.63323974609375	-3.21197509765625
4.864	0.9053173828125001	0.641865234375	9.73096435546875	-0.579833984375	-0.72479248046875	1.9989013671875
4.875	1.32444580078125	0.55803955078125	9.7381494140625	-0.5340576171875	-1.77764892578125	9.1705322265625
4.885	1.0921289062500001	0.46223876953125004	9.829160156250001	-0.701904296875	-2.43377685546875	14.3585205078125
4.895	1.14242431640625	0.37122802734375004	9.769284667968751	-0.5950927734375	-2.32696533203125	16.1895751953125
4.905	0.680185546875	0.4981640625	9.74533447265625	-0.5340576171875	-2.15911865234375	17.852783203125
4.916	0.469423828125	0.77359130859375	9.90580078125	-0.81634521484375	-1.03759765625	22.0184326171875
4.927	0.46223876953125004	0.9627978515625001	9.89382568359375	-0.91552734375	-1.89971923828125	29.42657470703125
4.937	0.34727783203125	1.2334350585937501	9.747729492187501	-0.5645751953125	-2.40325927734375	39.23797607421875
4.947	0.45984375	2.0836669921875	9.61600341796875	-0.3204345703125	-1.6937255859375	50.96435546875
4.958	0.1197509765625	2.38783447265625	9.8435302734375	0.1068115234375	-1.19781494140625	65.62042236328125
4.968	-0.5484594726562501	2.7590625	9.647138671875	0.02288818359375	-0.20599365234375	75.1953125
4.978	-0.5077441406250001	2.7255322265625	9.34776123046875	0.274658203125	0.7781982421875	79.2236328125
4.988	-0.4742138671875	2.7542724609375	9.72617431640625	0.1373291015625	0.83160400390625	77.43072509765625
4.999	-1.16158447265625	2.8500732421875004	9.867480468750001	0.06866455078125	-0.41961669921875	74.27215576171875
5.01	-0.948427734375	3.19735107421875	9.7381494140625	-0.640869140625	-0.885009765625	70.892333984375
5.02	-1.21427490234375	3.25962158203125	9.656718750000001	-0.46539306640625	0.3814697265625	67.6727294921875
5.03	-1.2549902343750001	3.5110986328125002	9.70701416015625	-0.35858154296875	1.0986328125	65.185546875
5.042	-1.1951147460937501	3.8080810546875004	9.7716796875	-0.5340576171875	2.3345947265625	60.72998046875
5.052	-0.9819580078125001	3.91585693359375	9.77407470703125	-0.52642822265625	1.2359619140625	55.72509765625
5.062	-1.57831787109375	3.3650024414062503	9.58726318359375	-0.2593994140625	1.3885498046875	47.46246337890625
5.073	-0.50055908203125	3.47038330078125	9.73575439453125	-0.61798095703125	2.14385986328125	39.520263671875
5.084	-0.45026367187500005	2.9458740234375003	9.58726318359375	-0.3662109375	1.4495849609375	33.19549560546875
5.094	-0.30895751953125	2.212998046875	9.754914550781251	-0.25177001953125	2.47955322265625	29.50286865234375
5.104	-0.0718505859375	2.49800537109375	9.742939453125	-0.396728515625	1.68609619140625	28.3050537109375
5.114	-0.24668701171875002	2.404599609375	9.776469726562501	0.030517578125	1.36566162109375	24.69635009765625
5.125	-0.20357666015625	2.5435107421875003	9.742939453125	-0.274658203125	0.52642822265625	22.4151611328125
5.135	-0.11017089843750001	2.38783447265625	9.6710888671875	-0.22125244140625	0.8697509765625	18.74542236328125
5.144	0.1293310546875	2.1698876953125	9.6998291015625	-0.28228759765625	0.51116943359375	15.19775390625
5.154	0.1772314453125	2.07648193359375	9.716594238281251	-0.396728515625	0.31280517578125	11.627197265625
5.164	0.229921875	1.5088623046875	9.680668945312501	-0.5035400390625	0.1983642578125	7.5836181640625
5.174	0.34727783203125	0.9604028320312501	9.649533691406251	-0.42724609375	-0.17547607421875	4.6234130859375
5.183	0.22752685546875	0.58198974609375	9.635163574218751	-0.52642822265625	-0.28228759765625	1.8310546875
5.193	0.18441650390625	-0.0814306640625	9.769284667968751	-0.5340576171875	0.0152587890625	0.457763671875
5.201	0.0335302734375	0.0	9.7716796875	-0.7781982421875	0.5035400390625	0.49591064453125
5.211	0.09819580078125001	-0.07903564453125	9.800419921875001	-0.6103515625	-0.02288818359375	0.43487548828125
5.22	0.20597167968750002	-0.10059082031250001	9.7716796875	-0.579833984375	-0.396728515625	0.3814697265625
5.23	0.18441650390625	-0.0814306640625	9.72617431640625	-0.75531005859375	-0.49591064453125	0.5340576171875
5.239	0.1293310546875	-0.10777587890625001	9.740544433593751	-0.1983642578125	-0.640869140625	0.52642822265625
5.249	0.1389111328125	-0.1149609375	9.79802490234375	0.08392333984375	-1.15203857421875	0.32806396484375
5.259	0.16046630859375	-0.09580078125000001	9.78365478515625	0.244140625	-1.434326171875	0.4730224609375
5.268	0.20836669921875	-0.1197509765625	9.762099609375001	0.20599365234375	-1.800537109375	0.6256103515625
5.278	0.2347119140625	-0.13172607421875002	9.747729492187501	-0.11444091796875	-1.68609619140625	0.64849853515625
5.287	0.21315673828125	-0.15567626953125	9.7668896484375	-0.06866455078125	-1.24359130859375	0.5950927734375
5.298	0.18920654296875	-0.10298583984375001	9.754914550781251	-0.1983642578125	-1.556396484375	0.7476806640625
5.308	0.19160156250000002	-0.086220703125	9.65432373046875	-0.67901611328125	-1.13677978515625	0.64849853515625
5.317	0.19878662109375	-0.08861572265625	9.680668945312501	-0.34332275390625	-0.6103515625	0.72479248046875
5.326	0.20357666015625	-0.0814306640625	9.687854003906251	-0.3662109375	-0.1983642578125	0.55694580078125
5.336	0.22034179687500002	-0.1293310546875	9.666298828125	-0.5645751953125	-0.0457763671875	0.4730224609375
5.346	0.20357666015625	-0.09580078125000001	9.776469726562501	-0.518798828125	-0.0457763671875	0.74005126953125
5.355	0.086220703125	-0.09580078125000001	9.754914550781251	-0.58746337890625	-0.3814697265625	0.8392333984375
5.364	0.25147705078125	-0.17244140625	9.647138671875	-0.14495849609375	0.26702880859375	0.69427490234375
5.376	0.20357666015625	-0.05987548828125	9.66390380859375	-1.220703125	-1.96075439453125	0.91552734375
5.385	0.03592529296875	-0.08382568359375	9.84592529296875	-0.4730224609375	-0.95367431640625	0.9613037109375
5.395	0.00718505859375	-0.08861572265625	9.769284667968751	-0.457763671875	-1.19781494140625	1.27410888671875
5.405	0.1772314453125	-0.086220703125	9.733359375000001	-0.58746337890625	-1.79290771484375	1.65557861328125
5.415	0.56282958984375	-0.24189697265625001	9.448352050781251	-0.54168701171875	-1.28173828125	5.0506591796875
5.426	0.4071533203125	-0.3113525390625	9.56331298828125	-0.29754638671875	-0.7171630859375	10.03265380859375
5.435	0.16046630859375	-0.21315673828125	9.8483203125	-0.0457763671875	-0.35858154296875	10.5743408203125
5.445	0.33290771484375004	-0.15328125	9.762099609375001	-0.6866455078125	-1.007080078125	14.36614990234375
5.455	0.39996826171875	-0.047900390625000004	9.742939453125	-0.3814697265625	-0.6256103515625	19.84405517578125
5.466	0.6035449218750001	-0.38320312500000003	9.7573095703125	-0.1373291015625	0.91552734375	30.25054931640625
5.476	0.6634204101562501	-0.22034179687500002	9.58726318359375	-0.00762939453125	0.57220458984375	40.70281982421875
5.486	0.45265869140625004	-0.08861572265625	9.709409179687501	-0.274658203125	1.18255615234375	41.98455810546875
5.495	0.22752685546875	-0.01676513671875	9.7716796875	-0.5035400390625	0.335693359375	41.38946533203125
5.505	-0.045505371093750004	0.03113525390625	9.9010107421875	-0.34332275390625	0.244140625	36.78131103515625
5.515	-0.12214599609375	-0.22273681640625	9.69264404296875	0.2593994140625	2.28118896484375	29.97589111328125
5.525	0.04071533203125	-0.12693603515625002	9.877060546875	-0.64849853515625	1.59454345703125	22.491455078125
5.535	0.09580078125000001	-0.1676513671875	9.71180419921875	-0.61798095703125	1.0528564453125	16.91436767578125
5.544	-0.37601806640625	-0.11017089843750001	9.93214599609375	0.091552734375	0.58746337890625	12.97760009765625
5.555	0.26105712890625	-0.14130615234375002	9.793234863281251	-0.42724609375	0.6561279296875	13.02337646484375
5.565	0.22273681640625	-0.1197509765625	9.829160156250001	-0.335693359375	0.66375732421875	12.96234130859375
5.574	0.15328125	-0.1676513671875	9.79802490234375	-0.2288818359375	0.26702880859375	14.3280029296875
5.584	0.04071533203125	-0.14609619140625002	9.793234863281251	-0.091552734375	0.42724609375	12.6800537109375
5.594	0.07903564453125	-0.07424560546875	9.742939453125	-0.09918212890625	0.1678466796875	9.94873046875
5.604	0.0622705078125	-0.10298583984375001	9.73575439453125	-0.1373291015625	1.12152099609375	6.0272216796875
5.614	0.13412109375	-0.04071533203125	9.6615087890625	-0.80108642578125	-0.38909912109375	3.326416015625
5.623	0.02155517578125	-0.1197509765625	9.75012451171875	-0.4425048828125	-0.58746337890625	1.94549560546875
5.634	0.09819580078125001	-0.15567626953125	9.7285693359375	-0.274658203125	-0.5035400390625	0.83160400390625
5.644	0.13651611328125002	-0.20118164062500002	9.838740234375	-0.67138671875	-1.76239013671875	0.81634521484375
5.654	0.1580712890625	-0.10059082031250001	9.776469726562501	-0.457763671875	-3.2196044921875	0.84686279296875
5.663	0.1676513671875	-0.15328125	9.79083984375	-0.3204345703125	-3.5858154296875	0.81634521484375
5.673	0.15328125	-0.10538085937500001	9.84592529296875	-0.396728515625	-4.78363037109375	1.28173828125
5.684	0.15328125	-0.1197509765625	9.87945556640625	-0.20599365234375	-5.40924072265625	2.23541259765625
5.694	0.0718505859375	-0.06945556640625	9.80281494140625	-0.54168701171875	-5.25665283203125	9.6588134765625
5.705	-0.10298583984375001	-0.39996826171875	9.4890673828125	0.80108642578125	-2.03704833984375	17.974853515625
5.715	-0.22034179687500002	0.0335302734375	9.647138671875	-0.8392333984375	-3.60870361328125	32.684326171875
5.726	-0.41433837890625	0.33769775390625	9.807604980468751	-0.28228759765625	-2.01416015625	44.7235107421875
5.736	-0.33769775390625	0.354462890625	9.948911132812501	-0.244140625	-2.86865234375	51.90277099609375
5.746	-0.52929931640625	0.22034179687500002	9.647138671875	-0.4119873046875	-3.204345703125	60.89019775390625
5.757	-0.65863037109375	0.12214599609375	9.78844482421875	0.08392333984375	-2.54058837890625	65.40679931640625
5.768	-1.26217529296875	0.13651611328125002	9.836345214843751	0.5035400390625	-2.0599365234375	64.00299072265625
5.778	-1.4322216796875	-0.0383203125	9.886640625	0.20599365234375	-1.27410888671875	58.2733154296875
5.788	-1.5184423828125	-0.10777587890625001	9.874665527343751	0.518798828125	-1.28173828125	49.285888671875
5.799	-2.222578125	-0.06945556640625	9.853110351562501	0.87738037109375	-0.12969970703125	41.93115234375
5.81	-1.88009033203125	-0.1772314453125	9.9297509765625	1.16729736328125	1.1444091796875	36.2701416015625
5.821	-2.34472412109375	-0.18202148437500001	9.807604980468751	1.02996826171875	2.18963623046875	24.3988037109375
5.83	-2.38304443359375	0.050295410156250005	9.836345214843751	0.67901611328125	2.22015380859375	11.7340087890625
5.839	-2.02379150390625	0.00239501953125	9.9010107421875	0.335693359375	2.5482177734375	5.3558349609375
5.85	-2.2010229492187503	-0.229921875	9.85550537109375	0.42724609375	2.18963623046875	2.960205078125
5.86	-2.4141796875000003	-0.30895751953125	9.71419921875	-0.0762939453125	2.49481201171875	2.5482177734375
5.871	-2.1507275390625002	-0.10059082031250001	9.88424560546875	-0.32806396484375	3.56292724609375	7.48443603515625
5.881	-3.2955468750000003	-0.22273681640625	9.022038574218751	-0.83160400390625	3.5400390625	1.36566162109375
5.892	-1.59747802734375	-0.26105712890625	9.68306396484375	-0.16021728515625	5.0506591796875	3.41796875
5.902	-1.6813037109375002	-0.22273681640625	9.781259765625	0.3662109375	8.99505615234375	18.218994140625
5.913	-2.22018310546875	-0.01916015625	9.78844482421875	-1.09100341796875	3.25775146484375	29.41131591796875
5.924	-1.4681469726562502	-0.124541015625	9.80281494140625	-0.91552734375	1.54876708984375	34.5306396484375
5.935	-1.09931396484375	-0.7041357421875001	9.800419921875001	0.48065185546875	-2.3956298828125	39.28375244140625
5.946	-1.49209716796875	-0.65863037109375	9.68306396484375	0.74005126953125	-1.41143798828125	38.02490234375
5.957	-2.13875244140625	-0.4454736328125	9.77886474609375	-0.3509521484375	-1.953125	34.01947021484375
5.967	-2.0357666015625	-0.44307861328125003	9.716594238281251	-0.1068115234375	-1.22833251953125	25.30670166015625
5.979	-1.71722900390625	-0.12693603515625002	9.733359375000001	0.95367431640625	0.86212158203125	17.8985595703125
5.989	-1.6693286132812502	-0.05987548828125	9.8483203125	-0.244140625	0.45013427734375	16.1285400390625
5.999	-1.5831079101562502	-0.33290771484375004	9.821975097656251	-0.51116943359375	-0.83160400390625	10.3759765625
6.01	-1.21906494140625	-0.44068359375000005	9.66390380859375	-0.48828125	-0.8087158203125	5.31005859375
6.022	-1.0490185546875002	-0.51971923828125	9.853110351562501	-0.885009765625	-1.89208984375	5.71441650390625
6.031	-0.9148974609375	-0.41912841796875	9.860295410156251	0.213623046875	1.31988525390625	-0.2593994140625
6.042	-0.9005273437500001	-0.18920654296875	9.807604980468751	-0.6103515625	-0.4119873046875	-1.96075439453125
6.051	-0.6059399414062501	0.0047900390625	9.8435302734375	-0.2899169921875	-0.02288818359375	-4.058837890625
6.062	-0.35685791015625	-0.3209326171875	9.7285693359375	-0.54168701171875	-0.457763671875	-5.72967529296875
6.073	-0.16046630859375	-0.2682421875	9.7381494140625	-0.54931640625	-0.14495849609375	-8.30078125
6.083	-0.32572265625	-0.4167333984375	9.63037353515625	-0.70953369140625	-0.80108642578125	-10.7269287109375
6.094	0.59635986328125	-0.4263134765625	9.9010107421875	-1.28936767578125	-0.93841552734375	-5.50079345703125
6.105	0.9196875	-1.149609375	10.054291992187501	0.030517578125	-2.349853515625	1.50299072265625
6.114	0.5867797851562501	0.0047900390625	9.8435302734375	1.2359619140625	4.9896240234375	-1.21307373046875
6.124	0.86939208984375	-0.21315673828125	9.84592529296875	0.1678466796875	2.8839111328125	-5.126953125
6.134	0.87897216796875	-0.39278320312500004	9.838740234375	0.4425048828125	1.953125	-10.78033447265625
6.145	1.53041748046875	-0.3113525390625	10.03752685546875	0.3204345703125	5.13458251953125	-14.1754150390625
6.156	0.60114990234375	-0.3400927734375	9.647138671875	-0.86212158203125	3.47137451171875	-15.7623291015625
6.166	1.8106347656250001	-0.10538085937500001	9.61600341796875	-2.2430419921875	2.52532958984375	-12.39013671875
6.177	0.9436376953125001	0.1580712890625	9.76449462890625	1.50299072265625	-0.4730224609375	-18.3868408203125
6.188	2.06690185546875	0.28500732421875	9.5944482421875	0.8392333984375	0.77056884765625	-13.5955810546875
6.198	2.1603076171875	0.277822265625	9.82676513671875	1.3275146484375	3.48663330078125	-13.74053955078125
6.208	2.31119384765625	0.24668701171875002	9.83155517578125	0.5645751953125	3.68499755859375	-19.24896240234375
6.218	1.9495458984375	0.3496728515625	9.740544433593751	1.03759765625	4.47845458984375	-20.3704833984375
6.228	2.23455322265625	0.277822265625	9.6998291015625	0.6103515625	8.270263671875	-19.27947998046875
6.239	2.366279296875	0.4071533203125	9.81	-0.091552734375	6.32476806640625	-15.0604248046875
6.249	1.9734960937500001	0.8023315429687501	9.75012451171875	0.0457763671875	6.53076171875	-14.70184326171875
6.259	2.4405249023437503	0.35206787109375004	9.92256591796875	-0.3204345703125	6.37054443359375	-10.03265380859375
6.27	2.002236328125	0.41194335937500004	9.704619140625	-1.0528564453125	3.4637451171875	-1.99127197265625
6.28	1.7459692382812502	0.25387207031250003	9.762099609375001	-1.27410888671875	1.6021728515625	-0.3814697265625
6.29	1.178349609375	0.23231689453125	9.7285693359375	-1.312255859375	0.701904296875	-1.40380859375
6.3	1.2502001953125002	0.05748046875	9.742939453125	-0.885009765625	-0.3204345703125	-3.79180908203125
6.311	1.12805419921875	0.19399658203125	9.7189892578125	-0.32806396484375	-1.5869140625	-9.94110107421875
6.322	1.22385498046875	-0.03592529296875	9.776469726562501	-0.11444091796875	-2.7618408203125	-12.1307373046875
6.332	1.4513818359375001	0.11017089843750001	9.687854003906251	0.0762939453125	-1.068115234375	-14.434814453125
6.342	1.7866845703125	-0.0622705078125	9.695039062500001	0.0152587890625	-2.288818359375	-16.71600341796875
6.353	1.1951147460937501	-0.09101074218750001	9.61121337890625	0.05340576171875	-4.03594970703125	-20.20263671875
6.364	1.5088623046875	-0.22513183593750002	9.709409179687501	0.4730224609375	-2.52532958984375	-22.83477783203125
6.374	1.53041748046875	-0.13412109375	9.819580078125	0.3204345703125	-2.13623046875	-24.62005615234375
6.385	1.7842895507812502	-0.15088623046875002	9.75970458984375	0.38909912109375	-0.81634521484375	-27.24456787109375
6.394	1.55197265625	0.067060546875	9.6902490234375	0.5645751953125	0.72479248046875	-27.2216796875
6.406	0.63228515625	0.13412109375	9.6519287109375	0.7781982421875	0.946044921875	-29.296875
6.416	0.7616162109375001	0.36164794921875004	9.680668945312501	0.77056884765625	1.65557861328125	-24.4598388671875
6.425	0.9651928710937501	0.1580712890625	9.81718505859375	0.0457763671875	2.6092529296875	-15.3350830078125
6.435	0.8430468750000001	0.27542724609375	9.85071533203125	-0.06103515625	1.9989013671875	-9.77325439453125
6.445	0.87418212890625	0.026345214843750003	9.71180419921875	0.12969970703125	2.044677734375	-0.6561279296875
6.455	1.274150390625	-0.052690429687500005	9.69743408203125	-0.31280517578125	0.25177001953125	7.62939453125
6.465	1.3172607421875	-0.23710693359375	9.7716796875	-0.19073486328125	-0.18310546875	10.68115234375
6.476	1.36755615234375	-0.45984375	9.71419921875	-0.4730224609375	-0.96893310546875	14.678955078125
6.487	1.8824853515625002	-0.54366943359375	9.881850585937501	-0.69427490234375	0.42724609375	15.2435302734375
6.497	1.95673095703125	-0.89334228515625	9.6519287109375	-0.4730224609375	-2.0599365234375	15.70892333984375
6.508	1.8920654296875001	-0.48379394531250003	9.716594238281251	-0.80108642578125	-2.777099609375	12.7105712890625
6.518	2.0812719726562503	-0.36404296875000003	9.814790039062501	-0.5645751953125	-2.69317626953125	6.08062744140625
6.529	1.32923583984375	-0.15567626953125	9.704619140625	-0.640869140625	-2.532958984375	-3.57818603515625
6.54	1.2693603515625	-0.0143701171875	9.7860498046875	-0.42724609375	-1.24359130859375	-5.89752197265625
6.55	1.4298266601562502	-0.0718505859375	9.687854003906251	-0.34332275390625	-2.5787353515625	-6.01959228515625
6.56	0.86939208984375	-0.026345214843750003	9.716594238281251	-0.49591064453125	-2.46429443359375	-9.20867919921875
6.572	0.99393310546875	-0.0622705078125	9.7716796875	-0.78582763671875	-3.1280517578125	-12.20703125
6.583	0.996328125	-0.21555175781250002	9.78365478515625	-0.41961669921875	-2.61688232421875	-12.03155517578125
6.594	0.71611083984375	-0.09580078125000001	9.79083984375	-0.7171630859375	-1.953125	-11.077880859375
6.604	0.61072998046875	-0.13651611328125002	9.7956298828125	-0.518798828125	-1.3275146484375	-9.04083251953125
6.615	0.59156982421875	-0.23710693359375	9.781259765625	-0.41961669921875	-0.00762939453125	-4.11224365234375
6.625	0.7448510742187501	-0.18202148437500001	9.75970458984375	-0.274658203125	1.52587890625	-0.6103515625
6.634	0.21315673828125	-0.06945556640625	9.69264404296875	-0.48828125	0.81634521484375	0.274658203125
6.643	0.1293310546875	-0.11256591796875001	9.73096435546875	-0.26702880859375	0.63323974609375	0.14495849609375
6.653	0.124541015625	-0.19160156250000002	9.6231884765625	-0.42724609375	0.3204345703125	0.42724609375
6.663	0.15567626953125	-0.09819580078125001	9.79083984375	-0.3662109375	0.5035400390625	0.1983642578125
6.672	0.162861328125	-0.19639160156250002	9.680668945312501	-0.213623046875	0.70953369140625	0.4119873046875
6.681	0.143701171875	-0.1293310546875	9.70701416015625	-0.11444091796875	1.0528564453125	0.26702880859375
6.69	0.05748046875	-0.143701171875	9.716594238281251	-0.06866455078125	0.762939453125	0.29754638671875
6.7	0.16046630859375	-0.07424560546875	9.67587890625	-0.1220703125	1.35040283203125	0.274658203125
6.71	0.19878662109375	-0.124541015625	9.65911376953125	0.0	1.4190673828125	0.29754638671875
6.719	0.124541015625	-0.11256591796875001	9.608818359375	0.06103515625	0.823974609375	0.4425048828125
6.728	0.1580712890625	-0.143701171875	9.81	-0.17547607421875	0.77056884765625	0.5645751953125
6.737	0.12214599609375	-0.18681152343750002	9.71180419921875	0.00762939453125	0.3662109375	0.4119873046875
6.746	0.20597167968750002	-0.1389111328125	9.8339501953125	-0.0152587890625	0.31280517578125	0.38909912109375
6.755	0.11735595703125	-0.08861572265625	9.716594238281251	-0.12969970703125	0.1068115234375	0.3814697265625
6.764	0.15567626953125	-0.14130615234375002	9.7668896484375	-0.29754638671875	0.0152587890625	0.41961669921875
6.773	0.10777587890625001	-0.10298583984375001	9.666298828125	-0.20599365234375	0.03814697265625	0.274658203125
6.782	0.16525634765625	-0.13651611328125002	9.70701416015625	-0.1678466796875	-0.05340576171875	0.3509521484375
6.793	0.15328125	-0.06945556640625	9.762099609375001	-0.37384033203125	-0.40435791015625	0.4119873046875
6.802	0.13172607421875002	-0.10538085937500001	9.6998291015625	-0.2593994140625	-0.701904296875	0.4119873046875
6.811	0.1676513671875	-0.16046630859375	9.7189892578125	-0.16021728515625	-0.12969970703125	0.51116943359375
6.821	0.15328125	-0.1197509765625	9.65432373046875	-0.1068115234375	-0.05340576171875	0.48828125
6.831	0.124541015625	-0.08382568359375	9.69264404296875	-0.29754638671875	-0.274658203125	0.37384033203125
6.84	0.24189697265625001	-0.143701171875	9.807604980468751	-0.09918212890625	0.52642822265625	0.335693359375
6.849	0.28261230468750004	-0.17004638671875	9.71419921875	0.03814697265625	0.80108642578125	0.4119873046875
6.858	0.11256591796875001	-0.09340576171875001	9.64474365234375	-0.091552734375	0.9918212890625	0.41961669921875
6.868	0.15328125	-0.10298583984375001	9.642348632812501	-0.1983642578125	1.373291015625	0.1068115234375
6.878	0.23231689453125	-0.0622705078125	9.9010107421875	-0.12969970703125	1.19781494140625	0.4425048828125
6.888	0.09340576171875001	-0.0718505859375	9.72617431640625	-0.25177001953125	1.28173828125	0.3204345703125
6.897	0.0814306640625	-0.0814306640625	9.77886474609375	0.08392333984375	1.1444091796875	0.28228759765625
6.906	0.1197509765625	-0.11256591796875001	9.762099609375001	0.05340576171875	0.79345703125	0.4730224609375
6.916	0.124541015625	-0.11017089843750001	9.7285693359375	-0.06103515625	0.30517578125	0.274658203125
6.925	0.1389111328125	-0.1149609375	9.6615087890625	-0.08392333984375	0.48828125	0.3814697265625
6.934	0.045505371093750004	-0.10298583984375001	9.793234863281251	-0.09918212890625	-0.0457763671875	0.3662109375
6.943	0.162861328125	-0.11017089843750001	9.673483886718751	-0.1678466796875	-0.152587890625	0.43487548828125
6.952	0.15088623046875002	-0.1197509765625	9.72138427734375	-0.1068115234375	-0.14495849609375	0.43487548828125
6.963	0.11735595703125	-0.07424560546875	9.7285693359375	-0.091552734375	-0.17547607421875	0.213623046875
