Time	ax	ay	az	gx	gy	gz
0.013	-0.028740234375	-0.09819580078125001	9.742939453125	-0.06866455078125	0.05340576171875	0.46539306640625
0.022	-0.0718505859375	-0.06945556640625	9.73575439453125	-0.19073486328125	-0.26702880859375	0.41961669921875
0.031	-0.01916015625	-0.05748046875	9.75012451171875	-0.18310546875	-0.2288818359375	0.5340576171875
0.04	-0.011975097656250001	-0.09101074218750001	9.6615087890625	-0.41961669921875	-0.09918212890625	0.58746337890625
0.05	-0.05748046875	-0.0814306640625	9.814790039062501	-0.457763671875	-0.17547607421875	0.457763671875
0.058	-0.09340576171875001	-0.01916015625	9.7860498046875	-0.28228759765625	-0.06103515625	0.54931640625
0.067	-0.067060546875	-0.10538085937500001	9.781259765625	-0.16021728515625	-0.00762939453125	0.45013427734375
0.076	-0.06945556640625	-0.086220703125	9.793234863281251	-0.18310546875	0.0457763671875	0.5340576171875
0.086	-0.00718505859375	-0.076640625	9.71419921875	-0.1068115234375	-0.2593994140625	0.51116943359375
0.094	0.00239501953125	-0.10538085937500001	9.75970458984375	-0.06866455078125	-0.1068115234375	0.46539306640625
0.103	-0.06466552734375	-0.0718505859375	9.7381494140625	-0.1678466796875	-0.28228759765625	0.40435791015625
0.112	-0.047900390625000004	-0.07903564453125	9.7716796875	-0.14495849609375	-0.34332275390625	0.49591064453125
0.121	-0.047900390625000004	-0.10298583984375001	9.76449462890625	-0.091552734375	-0.19073486328125	0.457763671875
0.131	-0.009580078125	-0.01916015625	9.747729492187501	-0.213623046875	-0.22125244140625	0.5645751953125
0.14	0.011975097656250001	-0.12693603515625002	9.71419921875	-0.244140625	-0.06103515625	0.43487548828125
0.149	-0.04071533203125	-0.08861572265625	9.723779296875	-0.3204345703125	-0.3204345703125	0.5035400390625
0.158	-0.0431103515625	-0.08861572265625	9.75970458984375	-0.22125244140625	0.03814697265625	0.4730224609375
0.167	-0.03113525390625	-0.07903564453125	9.7573095703125	-0.14495849609375	0.05340576171875	0.4730224609375
0.176	-0.0431103515625	-0.08382568359375	9.79802490234375	-0.2288818359375	0.00762939453125	0.55694580078125
0.185	0.0047900390625	-0.10538085937500001	9.71419921875	-0.00762939453125	0.14495849609375	0.43487548828125
0.193	-0.03113525390625	-0.04071533203125	9.85071533203125	-0.06866455078125	-0.0762939453125	0.518798828125
0.202	-0.05748046875	-0.0718505859375	9.814790039062501	-0.25177001953125	-0.14495849609375	0.46539306640625
0.211	-0.00718505859375	-0.052690429687500005	9.71419921875	-0.2288818359375	0.091552734375	0.29754638671875
0.22	0.02155517578125	-0.09340576171875001	9.73575439453125	-0.16021728515625	-0.396728515625	0.4425048828125
0.23	-0.052690429687500005	-0.086220703125	9.76449462890625	-0.08392333984375	-0.3204345703125	0.5035400390625
0.239	-0.047900390625000004	-0.086220703125	9.73096435546875	-0.22125244140625	-0.25177001953125	0.35858154296875
0.248	0.023950195312500002	-0.0814306640625	9.79802490234375	-0.11444091796875	-0.213623046875	0.640869140625
0.258	-0.009580078125	-0.0814306640625	9.754914550781251	-0.1678466796875	-0.1373291015625	0.58746337890625
0.267	-0.01916015625	-0.05748046875	9.74533447265625	-0.1678466796875	-0.08392333984375	0.4730224609375
0.275	-0.00239501953125	-0.0622705078125	9.71419921875	-0.0762939453125	-0.06866455078125	0.4425048828125
0.284	-0.01676513671875	-0.10298583984375001	9.73096435546875	-0.20599365234375	-0.14495849609375	0.5035400390625
0.293	0.00239501953125	-0.09580078125000001	9.754914550781251	-0.244140625	-0.06103515625	0.28228759765625
0.302	-0.00718505859375	-0.026345214843750003	9.81718505859375	-0.3204345703125	-0.06103515625	0.60272216796875
0.311	0.023950195312500002	-0.02155517578125	9.75970458984375	-0.28228759765625	-0.0457763671875	0.48828125
0.32	-0.0143701171875	-0.10777587890625001	9.740544433593751	-0.35858154296875	0.0457763671875	0.41961669921875
0.328	0.0	-0.12693603515625002	9.78844482421875	-0.244140625	-0.14495849609375	0.29754638671875
0.337	-0.011975097656250001	-0.09580078125000001	9.7956298828125	-0.35858154296875	-0.1678466796875	0.16021728515625
0.347	0.026345214843750003	-0.1149609375	9.74533447265625	-0.26702880859375	-0.091552734375	0.4730224609375
0.356	0.050295410156250005	-0.05987548828125	9.75970458984375	0.0	0.12969970703125	0.45013427734375
0.364	-0.01676513671875	-0.067060546875	9.781259765625	-0.23651123046875	-0.06866455078125	0.51116943359375
0.373	-0.01916015625	-0.0814306640625	9.762099609375001	-0.1068115234375	-0.02288818359375	0.58746337890625
0.382	-0.028740234375	-0.076640625	9.716594238281251	-0.1373291015625	0.0	0.5950927734375
0.391	-0.023950195312500002	-0.0383203125	9.7285693359375	-0.0457763671875	-0.00762939453125	0.640869140625
0.4	-0.0431103515625	-0.0143701171875	9.7860498046875	-0.213623046875	0.03814697265625	0.52642822265625
0.408	-0.023950195312500002	-0.09340576171875001	9.81718505859375	-0.3814697265625	-0.02288818359375	0.5340576171875
0.417	0.02155517578125	-0.09819580078125001	9.793234863281251	-0.3662109375	-0.0152587890625	0.58746337890625
0.427	-0.052690429687500005	-0.0814306640625	9.82676513671875	-0.08392333984375	-0.08392333984375	0.518798828125
0.436	-0.076640625	-0.0622705078125	9.709409179687501	-0.2288818359375	-0.06103515625	0.579833984375
0.445	0.011975097656250001	-0.0814306640625	9.781259765625	-0.1678466796875	-0.20599365234375	0.35858154296875
0.454	-0.076640625	-0.1293310546875	9.709409179687501	-0.17547607421875	-0.152587890625	0.701904296875
0.464	0.07903564453125	-0.12214599609375	9.740544433593751	-0.18310546875	-0.20599365234375	0.6256103515625
0.473	0.00718505859375	-0.10538085937500001	9.7668896484375	-0.35858154296875	-0.19073486328125	0.579833984375
0.482	-0.0335302734375	-0.052690429687500005	9.66869384765625	-0.2899169921875	-0.23651123046875	0.518798828125
0.491	-0.0143701171875	-0.05987548828125	9.73096435546875	-0.20599365234375	0.2288818359375	0.48828125
0.5	-0.01916015625	-0.0814306640625	9.8052099609375	-0.32806396484375	-0.19073486328125	0.5645751953125
0.509	0.0047900390625	-0.0383203125	9.77407470703125	-0.213623046875	-0.06103515625	0.5340576171875
0.519	-0.06466552734375	-0.09101074218750001	9.75970458984375	-0.335693359375	0.152587890625	0.51116943359375
0.527	0.0047900390625	-0.055085449218750006	9.77407470703125	-0.18310546875	0.03814697265625	0.640869140625
0.536	-0.05987548828125	-0.124541015625	9.74533447265625	-0.2288818359375	-0.30517578125	0.579833984375
0.545	-0.009580078125	-0.047900390625000004	9.781259765625	0.18310546875	-0.05340576171875	0.54168701171875
0.553	0.00718505859375	-0.1197509765625	9.69743408203125	-0.1068115234375	-0.11444091796875	0.43487548828125
0.563	-0.00239501953125	-0.047900390625000004	9.7285693359375	-0.2593994140625	-0.14495849609375	0.64849853515625
0.572	0.047900390625000004	-0.06466552734375	9.7381494140625	-0.22125244140625	-0.06103515625	0.54931640625
0.581	-0.03113525390625	-0.11256591796875001	9.73096435546875	-0.23651123046875	-0.25177001953125	0.48065185546875
0.589	-0.0383203125	-0.10777587890625001	9.75012451171875	0.02288818359375	-0.1983642578125	0.38909912109375
0.599	-0.01916015625	-0.023950195312500002	9.781259765625	-0.09918212890625	0.0	0.762939453125
0.608	0.00718505859375	-0.10538085937500001	9.762099609375001	-0.091552734375	-0.00762939453125	0.5340576171875
0.616	-0.10538085937500001	-0.0814306640625	9.7573095703125	-0.244140625	0.030517578125	0.37384033203125
0.625	-0.00239501953125	-0.06945556640625	9.762099609375001	-0.18310546875	0.0457763671875	0.42724609375
0.634	-0.086220703125	-0.09101074218750001	9.781259765625	-0.1373291015625	0.17547607421875	0.457763671875
0.644	0.02155517578125	-0.13651611328125002	9.7668896484375	-0.22125244140625	0.152587890625	0.43487548828125
0.652	-0.01676513671875	-0.07424560546875	9.7956298828125	-0.06866455078125	-0.1983642578125	0.38909912109375
0.661	0.00239501953125	-0.06945556640625	9.723779296875	-0.06866455078125	0.152587890625	0.54168701171875
0.669	-0.067060546875	-0.011975097656250001	9.72617431640625	-0.22125244140625	-0.0457763671875	0.579833984375
0.678	0.0047900390625	-0.0335302734375	9.76449462890625	-0.29754638671875	-0.08392333984375	0.5950927734375
0.687	0.011975097656250001	-0.055085449218750006	9.71419921875	-0.0457763671875	-0.02288818359375	0.6103515625
0.696	-0.0335302734375	-0.0814306640625	9.807604980468751	-0.3509521484375	-0.06866455078125	0.4425048828125
0.705	-0.01676513671875	-0.086220703125	9.687854003906251	-0.38909912109375	0.08392333984375	0.579833984375
0.713	-0.0143701171875	-0.08382568359375	9.807604980468751	0.00762939453125	-0.02288818359375	0.52642822265625
0.722	-0.06466552734375	-0.09101074218750001	9.742939453125	-0.1373291015625	0.00762939453125	0.5340576171875
0.732	-0.028740234375	0.0	9.73096435546875	-0.16021728515625	0.06103515625	0.48065185546875
0.74	-0.052690429687500005	-0.08861572265625	9.819580078125	-0.0457763671875	-0.0457763671875	0.48065185546875
0.748	-0.05987548828125	-0.11735595703125	9.71180419921875	-0.152587890625	0.0152587890625	0.48065185546875
0.757	-0.09101074218750001	-0.045505371093750004	9.86508544921875	-0.152587890625	-0.1678466796875	0.5340576171875
0.766	-0.0047900390625	-0.03113525390625	9.77407470703125	-0.30517578125	-0.32806396484375	0.54168701171875
0.776	-0.03113525390625	-0.028740234375	9.63037353515625	-0.16021728515625	-0.18310546875	0.5340576171875
0.785	-0.009580078125	-0.0718505859375	9.85071533203125	-0.23651123046875	-0.213623046875	0.40435791015625
0.794	-0.028740234375	-0.08382568359375	9.78844482421875	-0.1373291015625	-0.18310546875	0.60272216796875
0.803	0.05987548828125	-0.055085449218750006	9.74533447265625	-0.213623046875	-0.11444091796875	0.54931640625
0.813	0.00718505859375	-0.09340576171875001	9.69743408203125	-0.1373291015625	0.19073486328125	0.48828125
0.822	-0.052690429687500005	-0.0814306640625	9.742939453125	-0.1983642578125	-0.0457763671875	0.54168701171875
0.831	-0.009580078125	-0.16525634765625	9.70701416015625	-0.0762939453125	-0.0457763671875	0.3662109375
0.839	-0.05748046875	-0.04071533203125	9.6998291015625	-0.16021728515625	-0.00762939453125	0.48828125
0.848	0.0335302734375	-0.09580078125000001	9.79083984375	-0.17547607421875	-0.28228759765625	0.3509521484375
0.858	0.0335302734375	-0.12693603515625002	9.695039062500001	-0.31280517578125	-0.22125244140625	0.6256103515625
0.867	-0.028740234375	-0.08382568359375	9.73096435546875	-0.03814697265625	-0.06103515625	0.54168701171875
0.875	-0.047900390625000004	-0.050295410156250005	9.8052099609375	-0.12969970703125	-0.1220703125	0.37384033203125
0.884	-0.00718505859375	0.0047900390625	9.769284667968751	-0.244140625	-0.09918212890625	0.5035400390625
0.893	-0.05987548828125	-0.04071533203125	9.838740234375	-0.244140625	-0.12969970703125	0.4425048828125
0.903	-0.05748046875	-0.0383203125	9.77407470703125	-0.31280517578125	-0.030517578125	0.54168701171875
0.911	-0.05987548828125	-0.05748046875	9.649533691406251	-0.17547607421875	0.0152587890625	0.5340576171875
0.92	-0.01676513671875	-0.076640625	9.79083984375	-0.08392333984375	0.06866455078125	0.5645751953125
0.929	-0.06466552734375	-0.03113525390625	9.819580078125	-0.1678466796875	-0.02288818359375	0.54931640625
0.939	0.03113525390625	-0.05748046875	9.814790039062501	-0.19073486328125	-0.0457763671875	0.396728515625
0.947	-0.050295410156250005	-0.13412109375	9.769284667968751	-0.16021728515625	0.1220703125	0.4730224609375
0.956	-0.01676513671875	-0.026345214843750003	9.666298828125	-0.29754638671875	0.0	0.5950927734375
0.964	0.0047900390625	-0.10777587890625001	9.76449462890625	-0.26702880859375	0.17547607421875	0.48828125
0.973	-0.067060546875	-0.0383203125	9.7285693359375	-0.11444091796875	-0.0457763671875	0.52642822265625
0.983	-0.0383203125	-0.076640625	9.73096435546875	-0.14495849609375	-0.1678466796875	0.43487548828125
0.992	-0.0622705078125	-0.0814306640625	9.740544433593751	-0.03814697265625	-0.18310546875	0.35858154296875
1.001	-0.05748046875	-0.06945556640625	9.75970458984375	-0.08392333984375	-0.12969970703125	0.34332275390625
1.01	-0.047900390625000004	-0.07424560546875	9.79802490234375	-0.26702880859375	-0.18310546875	0.4730224609375
1.02	0.00718505859375	-0.0383203125	9.6998291015625	-0.16021728515625	-0.0457763671875	0.396728515625
1.029	0.02155517578125	-0.11735595703125	9.723779296875	-0.244140625	0.00762939453125	0.8087158203125
1.038	0.050295410156250005	-0.0431103515625	9.76449462890625	-0.11444091796875	-0.06866455078125	0.54931640625
1.047	-0.05987548828125	-0.052690429687500005	9.742939453125	-0.0457763671875	-0.213623046875	0.335693359375
1.056	-0.009580078125	-0.09340576171875001	9.762099609375001	-0.3204345703125	-0.12969970703125	0.69427490234375
1.067	-0.0718505859375	-0.08382568359375	9.77886474609375	-0.091552734375	-0.0762939453125	0.640869140625
1.076	-0.03592529296875	-0.1149609375	9.762099609375001	-0.41961669921875	0.0152587890625	0.579833984375
1.085	-0.0335302734375	-0.07903564453125	9.74533447265625	-0.23651123046875	0.02288818359375	0.54168701171875
1.094	0.0383203125	-0.076640625	9.6519287109375	-0.2593994140625	-0.18310546875	0.51116943359375
1.103	-0.0622705078125	-0.07903564453125	9.829160156250001	-0.2288818359375	0.00762939453125	0.63323974609375
1.113	-0.0622705078125	-0.0814306640625	9.72138427734375	-0.1220703125	-0.06103515625	0.60272216796875
1.122	-0.0383203125	-0.05748046875	9.75970458984375	-0.2593994140625	-0.1983642578125	0.335693359375
1.132	-0.10059082031250001	-0.1149609375	9.79083984375	-0.34332275390625	0.08392333984375	0.518798828125
1.141	0.0335302734375	-0.07903564453125	9.79083984375	-0.22125244140625	0.152587890625	0.49591064453125
1.15	-0.00239501953125	-0.1580712890625	9.7956298828125	-0.335693359375	0.12969970703125	0.58746337890625
1.16	0.06466552734375	-0.06466552734375	9.75012451171875	-0.1220703125	0.16021728515625	0.4730224609375
1.169	-0.0814306640625	-0.11735595703125	9.769284667968751	0.030517578125	0.213623046875	0.4425048828125
1.178	-0.055085449218750006	-0.09580078125000001	9.80281494140625	-0.091552734375	0.03814697265625	0.518798828125
1.187	-0.0335302734375	-0.10059082031250001	9.73575439453125	-0.1983642578125	-0.244140625	0.63323974609375
1.197	-0.0718505859375	-0.052690429687500005	9.72617431640625	-0.2593994140625	-0.2899169921875	0.35858154296875
1.207	-0.09819580078125001	-0.050295410156250005	9.73096435546875	-0.274658203125	-0.14495849609375	0.6561279296875
1.216	-0.07424560546875	-0.050295410156250005	9.754914550781251	-0.16021728515625	-0.05340576171875	0.518798828125
1.225	-0.09340576171875001	-0.04071533203125	9.75970458984375	-0.08392333984375	-0.09918212890625	0.57220458984375
1.234	-0.0335302734375	-0.10777587890625001	9.75970458984375	-0.12969970703125	0.1678466796875	0.60272216796875
1.244	-0.011975097656250001	-0.07424560546875	9.76449462890625	-0.11444091796875	0.05340576171875	0.41961669921875
1.253	0.028740234375	-0.047900390625000004	9.836345214843751	-0.030517578125	0.17547607421875	0.55694580078125
1.262	-0.0335302734375	-0.0383203125	9.7189892578125	-0.0762939453125	0.12969970703125	0.5950927734375
1.271	0.02155517578125	-0.10298583984375001	9.69743408203125	-0.14495849609375	0.12969970703125	0.5035400390625
1.28	-0.023950195312500002	-0.050295410156250005	9.814790039062501	-0.2288818359375	0.00762939453125	0.5950927734375
1.289	-0.050295410156250005	-0.076640625	9.716594238281251	-0.2593994140625	0.0	0.579833984375
1.298	-0.06945556640625	-0.06466552734375	9.6998291015625	-0.06103515625	0.1220703125	0.57220458984375
1.307	0.0	-0.08382568359375	9.85071533203125	-0.09918212890625	0.20599365234375	0.3204345703125
1.316	0.0	-0.047900390625000004	9.7285693359375	0.0	0.03814697265625	0.46539306640625
1.324	-0.05748046875	-0.086220703125	9.807604980468751	-0.19073486328125	0.12969970703125	0.3814697265625
1.334	-0.055085449218750006	-0.11735595703125	9.754914550781251	-0.213623046875	-0.06866455078125	0.48065185546875
1.343	-0.02155517578125	-0.03592529296875	9.747729492187501	-0.52642822265625	0.38909912109375	0.5645751953125
1.352	-0.0622705078125	-0.1149609375	9.800419921875001	-0.08392333984375	0.0152587890625	0.61798095703125
1.361	-0.0143701171875	-0.05987548828125	9.75012451171875	-0.06866455078125	0.213623046875	0.40435791015625
1.371	0.052690429687500005	-0.086220703125	9.7381494140625	0.00762939453125	0.49591064453125	0.5035400390625
1.379	0.0	-0.10538085937500001	9.754914550781251	-0.0457763671875	0.06103515625	0.38909912109375
1.387	-0.0143701171875	-0.08382568359375	9.7381494140625	-0.14495849609375	0.030517578125	0.54931640625
1.396	-0.055085449218750006	-0.09340576171875001	9.821975097656251	-0.14495849609375	0.12969970703125	0.5950927734375
1.405	-0.00239501953125	-0.0718505859375	9.69264404296875	-0.09918212890625	0.091552734375	0.42724609375
1.415	-0.055085449218750006	-0.052690429687500005	9.781259765625	-0.12969970703125	-0.244140625	0.45013427734375
1.424	-0.0335302734375	-0.07424560546875	9.7189892578125	-0.2288818359375	-0.11444091796875	0.67901611328125
1.434	-0.023950195312500002	-0.055085449218750006	9.78365478515625	-0.244140625	-0.213623046875	0.3814697265625
1.443	-0.050295410156250005	-0.07424560546875	9.75970458984375	-0.0457763671875	-0.1373291015625	0.4730224609375
1.453	-0.076640625	-0.08382568359375	9.78844482421875	-0.0457763671875	-0.1983642578125	0.55694580078125
1.462	-0.023950195312500002	-0.0814306640625	9.680668945312501	-0.06103515625	0.1068115234375	0.48065185546875
1.471	0.05748046875	-0.06466552734375	9.8435302734375	-0.152587890625	-0.1678466796875	0.6256103515625
1.48	0.023950195312500002	-0.07903564453125	9.8052099609375	-0.2288818359375	-0.19073486328125	0.3814697265625
1.489	0.0143701171875	-0.05987548828125	9.680668945312501	-0.09918212890625	0.06103515625	0.46539306640625
1.499	-0.011975097656250001	-0.086220703125	9.70701416015625	-0.17547607421875	-0.00762939453125	0.58746337890625
1.508	-0.06945556640625	-0.09580078125000001	9.81239501953125	-0.274658203125	-0.06866455078125	0.4730224609375
1.518	-0.01676513671875	-0.055085449218750006	9.702224121093751	-0.091552734375	-0.091552734375	0.51116943359375
1.527	-0.09101074218750001	-0.11256591796875001	9.6615087890625	-0.091552734375	0.05340576171875	0.55694580078125
1.537	0.0143701171875	-0.0431103515625	9.72138427734375	0.0	0.0457763671875	0.701904296875
1.545	-0.047900390625000004	-0.03113525390625	9.71419921875	-0.03814697265625	-0.030517578125	0.43487548828125
1.554	-0.09819580078125001	-0.06466552734375	9.72617431640625	-0.213623046875	-0.3814697265625	0.52642822265625
1.563	-0.04071533203125	-0.06945556640625	9.79802490234375	-0.06103515625	0.152587890625	0.57220458984375
1.572	-0.067060546875	-0.0814306640625	9.7573095703125	-0.2593994140625	-0.02288818359375	0.48065185546875
1.583	-0.076640625	-0.10059082031250001	9.80281494140625	-0.17547607421875	-0.274658203125	0.5645751953125
1.592	-0.052690429687500005	-0.02155517578125	9.7189892578125	-0.29754638671875	-0.213623046875	0.54931640625
1.601	0.011975097656250001	-0.06466552734375	9.716594238281251	-0.274658203125	-0.09918212890625	0.67138671875
1.61	-0.0383203125	-0.0335302734375	9.709409179687501	-0.06866455078125	0.0	0.49591064453125
1.619	-0.028740234375	-0.08861572265625	9.742939453125	-0.244140625	0.00762939453125	0.57220458984375
1.628	-0.009580078125	-0.07424560546875	9.7716796875	-0.2288818359375	0.0152587890625	0.518798828125
1.637	-0.045505371093750004	-0.09101074218750001	9.71180419921875	-0.11444091796875	0.244140625	0.4119873046875
1.647	-0.01916015625	-0.07903564453125	9.702224121093751	-0.20599365234375	-0.16021728515625	0.457763671875
1.656	-0.00239501953125	-0.09101074218750001	9.76449462890625	-0.14495849609375	-0.31280517578125	0.640869140625
1.666	0.028740234375	-0.10777587890625001	9.7285693359375	-0.09918212890625	-0.22125244140625	0.55694580078125
1.675	-0.0143701171875	-0.10538085937500001	9.8052099609375	-0.1983642578125	-0.1220703125	0.5950927734375
1.685	-0.045505371093750004	-0.10298583984375001	9.8052099609375	-0.19073486328125	-0.2288818359375	0.4730224609375
1.695	-0.05987548828125	-0.10298583984375001	9.76449462890625	-0.18310546875	-0.20599365234375	0.2899169921875
1.704	-0.0335302734375	-0.07903564453125	9.72617431640625	-0.11444091796875	0.06103515625	0.57220458984375
1.713	0.01676513671875	-0.0047900390625	9.74533447265625	-0.3204345703125	-0.1068115234375	0.42724609375
1.722	0.0335302734375	-0.07903564453125	9.68306396484375	-0.16021728515625	0.0152587890625	0.51116943359375
1.731	-0.026345214843750003	-0.05987548828125	9.80281494140625	-0.20599365234375	-0.06103515625	0.4730224609375
1.74	-0.04071533203125	-0.09580078125000001	9.742939453125	-0.25177001953125	-0.18310546875	0.5035400390625
1.75	-0.03113525390625	-0.09580078125000001	9.74533447265625	0.0152587890625	-0.30517578125	0.43487548828125
1.759	-0.1197509765625	-0.052690429687500005	9.74533447265625	-0.20599365234375	-0.22125244140625	0.60272216796875
1.769	-0.0047900390625	-0.0383203125	9.762099609375001	-0.244140625	-0.1068115234375	0.54931640625
1.778	-0.055085449218750006	-0.10059082031250001	9.68306396484375	-0.08392333984375	-0.1983642578125	0.40435791015625
1.787	0.03113525390625	-0.06945556640625	9.704619140625	0.091552734375	-0.11444091796875	0.57220458984375
1.797	-0.06945556640625	-0.067060546875	9.733359375000001	-0.17547607421875	-0.05340576171875	0.38909912109375
1.806	-0.00718505859375	-0.045505371093750004	9.69264404296875	0.1678466796875	0.244140625	0.4730224609375
1.815	-0.08861572265625	-0.1197509765625	9.79802490234375	-0.4119873046875	-0.0152587890625	0.6103515625
1.824	-0.09580078125000001	-0.07424560546875	9.81718505859375	-0.30517578125	0.08392333984375	0.518798828125
1.835	-0.0143701171875	-0.06945556640625	9.70701416015625	-0.0762939453125	-0.1068115234375	0.52642822265625
1.844	-0.01916015625	-0.055085449218750006	9.857900390625	-0.0762939453125	-0.1678466796875	0.457763671875
1.853	0.0143701171875	-0.067060546875	9.72138427734375	-0.030517578125	-0.25177001953125	0.5340576171875
1.862	-0.011975097656250001	-0.045505371093750004	9.747729492187501	-0.2899169921875	-0.30517578125	0.41961669921875
1.872	-0.05987548828125	-0.067060546875	9.72617431640625	-0.1220703125	-0.14495849609375	0.58746337890625
1.882	0.00239501953125	-0.10298583984375001	9.742939453125	-0.1678466796875	-0.09918212890625	0.5340576171875
1.891	-0.045505371093750004	-0.124541015625	9.7381494140625	-0.17547607421875	-0.22125244140625	0.6561279296875
1.9	-0.01676513671875	-0.10059082031250001	9.7189892578125	-0.1220703125	-0.23651123046875	0.3814697265625
1.91	-0.050295410156250005	-0.09101074218750001	9.73575439453125	-0.152587890625	-0.0457763671875	0.45013427734375
1.92	-0.0431103515625	-0.09101074218750001	9.74533447265625	-0.12969970703125	0.09918212890625	0.37384033203125
1.929	-0.00239501953125	-0.07424560546875	9.702224121093751	0.1068115234375	0.2899169921875	0.4730224609375
1.937	-0.023950195312500002	-0.1197509765625	9.7573095703125	0.0	0.06103515625	0.54931640625
1.946	0.0	-0.0718505859375	9.84113525390625	-0.03814697265625	0.00762939453125	0.55694580078125
1.954	-0.03592529296875	-0.0622705078125	9.78844482421875	-0.1373291015625	-0.06866455078125	0.60272216796875
1.964	-0.026345214843750003	-0.086220703125	9.75970458984375	-0.25177001953125	-0.0457763671875	0.6561279296875
1.973	-0.0047900390625	-0.09340576171875001	9.6615087890625	-0.3509521484375	-0.1678466796875	0.4730224609375
1.982	-0.028740234375	-0.052690429687500005	9.8435302734375	-0.26702880859375	-0.2288818359375	0.41961669921875
1.991	0.026345214843750003	-0.08382568359375	9.85071533203125	-0.3509521484375	-0.11444091796875	0.5645751953125
2.001	-0.0047900390625	-0.067060546875	9.72617431640625	-0.32806396484375	-0.09918212890625	0.54931640625
2.011	-0.05987548828125	-0.10538085937500001	9.81	-0.20599365234375	-0.4425048828125	0.66375732421875
2.021	-0.0335302734375	-0.07903564453125	9.75251953125	-0.1068115234375	-0.1220703125	0.37384033203125
2.03	-0.08861572265625	-0.143701171875	9.79802490234375	-0.35858154296875	-0.17547607421875	0.43487548828125
2.039	-0.052690429687500005	-0.07424560546875	9.73575439453125	-0.2593994140625	0.152587890625	0.48828125
2.05	-0.06945556640625	-0.10059082031250001	9.69743408203125	0.02288818359375	-0.11444091796875	0.54931640625
2.059	-0.047900390625000004	-0.050295410156250005	9.74533447265625	-0.1373291015625	0.08392333984375	0.38909912109375
2.067	-0.00239501953125	-0.067060546875	9.673483886718751	0.06103515625	0.00762939453125	0.55694580078125
2.076	-0.03592529296875	-0.07424560546875	9.75251953125	-0.091552734375	-0.0762939453125	0.46539306640625
2.085	0.00718505859375	-0.06945556640625	9.702224121093751	-0.0762939453125	-0.1983642578125	0.3509521484375
2.095	-0.0383203125	-0.067060546875	9.75970458984375	-0.0457763671875	-0.17547607421875	0.54931640625
2.104	0.0	-0.0431103515625	9.781259765625	-0.2288818359375	-0.3204345703125	0.69427490234375
2.113	-0.02155517578125	-0.06945556640625	9.79802490234375	-0.17547607421875	-0.17547607421875	0.37384033203125
2.123	-0.06945556640625	-0.11256591796875001	9.77886474609375	-0.091552734375	-0.1373291015625	0.518798828125
2.132	0.009580078125	-0.07903564453125	9.84592529296875	-0.37384033203125	-0.152587890625	0.3509521484375
2.142	-0.00239501953125	-0.0814306640625	9.7716796875	-0.26702880859375	-0.29754638671875	0.67901611328125
2.151	0.0	-0.086220703125	9.73096435546875	-0.05340576171875	-0.12969970703125	0.45013427734375
2.16	0.011975097656250001	-0.086220703125	9.73575439453125	0.0152587890625	0.03814697265625	0.5950927734375
2.168	-0.0383203125	-0.047900390625000004	9.67827392578125	0.06866455078125	0.0152587890625	0.41961669921875
2.177	-0.01916015625	-0.052690429687500005	9.68306396484375	-0.1068115234375	0.09918212890625	0.4425048828125
2.186	-0.0047900390625	-0.07903564453125	9.781259765625	-0.14495849609375	-0.11444091796875	0.518798828125
2.195	-0.0383203125	-0.10538085937500001	9.73575439453125	-0.18310546875	0.0152587890625	0.640869140625
2.204	-0.0143701171875	-0.11735595703125	9.747729492187501	-0.25177001953125	-0.244140625	0.701904296875
2.214	-0.0047900390625	-0.12214599609375	9.81239501953125	-0.28228759765625	-0.335693359375	0.5950927734375
2.224	0.023950195312500002	-0.026345214843750003	9.75012451171875	-0.1678466796875	-0.0152587890625	0.58746337890625
2.232	-0.0047900390625	-0.08861572265625	9.75970458984375	-0.1373291015625	0.03814697265625	0.6256103515625
2.241	-0.023950195312500002	-0.0718505859375	9.73575439453125	-0.0762939453125	0.12969970703125	0.52642822265625
2.25	0.02155517578125	-0.1197509765625	9.72617431640625	-0.02288818359375	0.31280517578125	0.55694580078125
2.259	-0.009580078125	-0.09580078125000001	9.7668896484375	-0.08392333984375	0.32806396484375	0.41961669921875
2.269	-0.0047900390625	-0.026345214843750003	9.75012451171875	-0.0152587890625	0.4119873046875	0.28228759765625
2.277	-0.0383203125	-0.03113525390625	9.733359375000001	-0.06866455078125	0.30517578125	0.518798828125
2.286	-0.055085449218750006	-0.0718505859375	9.709409179687501	-0.030517578125	0.09918212890625	0.54168701171875
2.295	-0.076640625	-0.047900390625000004	9.76449462890625	-0.08392333984375	-0.19073486328125	0.60272216796875
2.305	-0.052690429687500005	-0.09580078125000001	9.680668945312501	-0.0762939453125	-0.19073486328125	0.52642822265625
2.315	-0.0335302734375	-0.11735595703125	9.781259765625	-0.1373291015625	-0.00762939453125	0.4425048828125
2.324	-0.028740234375	-0.086220703125	9.740544433593751	-0.18310546875	-0.12969970703125	0.3204345703125
2.333	-0.03113525390625	-0.1293310546875	9.704619140625	-0.11444091796875	0.06866455078125	0.640869140625
2.342	0.0047900390625	-0.045505371093750004	9.723779296875	-0.0152587890625	-0.1220703125	0.5340576171875
2.351	-0.0383203125	-0.04071533203125	9.82676513671875	0.030517578125	0.030517578125	0.54931640625
2.36	-0.076640625	-0.09819580078125001	9.793234863281251	-0.09918212890625	-0.08392333984375	0.55694580078125
2.369	-0.03113525390625	-0.09819580078125001	9.740544433593751	-0.0762939453125	-0.18310546875	0.3814697265625
2.379	-0.050295410156250005	-0.067060546875	9.7716796875	-0.152587890625	-0.19073486328125	0.5645751953125
2.388	-0.0047900390625	-0.052690429687500005	9.723779296875	-0.0762939453125	-0.22125244140625	0.518798828125
2.398	-0.03113525390625	-0.045505371093750004	9.793234863281251	-0.0762939453125	-0.35858154296875	0.45013427734375
2.407	0.0335302734375	-0.01916015625	9.695039062500001	-0.34332275390625	-0.12969970703125	0.4119873046875
2.416	0.01676513671875	-0.07903564453125	9.747729492187501	-0.152587890625	-0.244140625	0.579833984375
2.425	-0.05748046875	-0.09819580078125001	9.86508544921875	-0.152587890625	-0.23651123046875	0.60272216796875
2.436	-0.052690429687500005	-0.07424560546875	9.649533691406251	-0.091552734375	-0.213623046875	0.52642822265625
2.445	-0.045505371093750004	-0.0622705078125	9.75970458984375	-0.0152587890625	-0.0762939453125	0.43487548828125
2.454	0.0431103515625	-0.052690429687500005	9.70701416015625	-0.05340576171875	-0.152587890625	0.45013427734375
2.462	-0.011975097656250001	-0.0814306640625	9.71419921875	0.0	-0.213623046875	0.3662109375
2.472	-0.045505371093750004	-0.067060546875	9.72617431640625	-0.38909912109375	-0.17547607421875	0.48828125
2.482	-0.028740234375	-0.0814306640625	9.8243701171875	-0.152587890625	-0.0762939453125	0.51116943359375
2.491	-0.00718505859375	-0.0814306640625	9.793234863281251	-0.18310546875	0.1068115234375	0.6103515625
2.5	-0.023950195312500002	-0.0383203125	9.776469726562501	-0.1220703125	-0.14495849609375	0.34332275390625
2.51	-0.045505371093750004	-0.09819580078125001	9.747729492187501	-0.25177001953125	-0.23651123046875	0.4425048828125
2.52	-0.028740234375	-0.0431103515625	9.7573095703125	-0.1678466796875	-0.28228759765625	0.5645751953125
2.529	-0.045505371093750004	-0.0814306640625	9.74533447265625	-0.1220703125	0.02288818359375	0.52642822265625
2.538	-0.0622705078125	-0.05987548828125	9.80281494140625	-0.152587890625	-0.1068115234375	0.5340576171875
2.548	-0.06945556640625	-0.086220703125	9.85071533203125	-0.1678466796875	-0.23651123046875	0.579833984375
2.557	-0.0622705078125	-0.01916015625	9.79083984375	-0.16021728515625	-0.26702880859375	0.38909912109375
2.568	-0.0335302734375	-0.055085449218750006	9.7573095703125	-0.20599365234375	0.0152587890625	0.58746337890625
2.576	-0.023950195312500002	-0.05987548828125	9.7956298828125	-0.06866455078125	-0.030517578125	0.4119873046875
2.585	0.00239501953125	-0.09819580078125001	9.6998291015625	0.02288818359375	0.1373291015625	0.61798095703125
2.593	-0.09819580078125001	-0.0718505859375	9.838740234375	0.02288818359375	-0.091552734375	0.5035400390625
2.603	-0.01676513671875	-0.1197509765625	9.747729492187501	-0.0762939453125	0.0762939453125	0.48828125
2.613	-0.0335302734375	-0.17244140625	9.79083984375	-0.0762939453125	-0.23651123046875	0.64849853515625
2.622	-0.05748046875	-0.055085449218750006	9.81239501953125	-0.18310546875	-0.1983642578125	0.579833984375
2.632	-0.0622705078125	-0.10298583984375001	9.77407470703125	-0.2593994140625	-0.14495849609375	0.58746337890625
2.641	0.009580078125	-0.09819580078125001	9.821975097656251	-0.2899169921875	-0.1220703125	0.3814697265625
2.651	0.01916015625	-0.13172607421875002	9.71419921875	-0.19073486328125	0.0152587890625	0.46539306640625
2.659	-0.047900390625000004	-0.0718505859375	9.74533447265625	-0.152587890625	0.06103515625	0.46539306640625
2.668	-0.02155517578125	-0.055085449218750006	9.77886474609375	0.03814697265625	0.1068115234375	0.75531005859375
2.677	-0.0335302734375	-0.0622705078125	9.733359375000001	-0.0457763671875	-0.18310546875	0.396728515625
2.686	-0.011975097656250001	-0.047900390625000004	9.74533447265625	-0.1983642578125	-0.08392333984375	0.4119873046875
2.696	0.011975097656250001	-0.086220703125	9.73096435546875	-0.02288818359375	0.091552734375	0.52642822265625
2.705	-0.02155517578125	-0.0383203125	9.776469726562501	-0.29754638671875	-0.06866455078125	0.48065185546875
2.714	0.050295410156250005	-0.09580078125000001	9.7189892578125	-0.19073486328125	-0.25177001953125	0.51116943359375
2.723	-0.055085449218750006	-0.10059082031250001	9.7716796875	-0.1373291015625	-0.19073486328125	0.48828125
2.733	-0.04071533203125	-0.086220703125	9.7285693359375	-0.18310546875	-0.25177001953125	0.5035400390625
2.743	-0.047900390625000004	-0.09101074218750001	9.781259765625	-0.08392333984375	-0.1678466796875	0.54931640625
2.752	-0.00239501953125	-0.12693603515625002	9.838740234375	-0.18310546875	-0.03814697265625	0.30517578125
2.761	-0.026345214843750003	-0.0814306640625	9.73575439453125	-0.06866455078125	0.1373291015625	0.37384033203125
2.77	-0.0143701171875	-0.086220703125	9.742939453125	-0.091552734375	0.14495849609375	0.58746337890625
2.78	0.0335302734375	-0.0383203125	9.7668896484375	-0.23651123046875	0.091552734375	0.6256103515625
2.788	-0.06466552734375	-0.07903564453125	9.747729492187501	-0.091552734375	0.0152587890625	0.35858154296875
2.798	-0.08861572265625	-0.055085449218750006	9.74533447265625	-0.37384033203125	-0.00762939453125	0.640869140625
2.807	-0.05987548828125	-0.10538085937500001	9.71419921875	-0.1373291015625	-0.1220703125	0.46539306640625
2.817	0.045505371093750004	-0.076640625	9.747729492187501	-0.31280517578125	-0.11444091796875	0.60272216796875
2.826	0.0	-0.0383203125	9.7189892578125	-0.20599365234375	-0.38909912109375	0.518798828125
2.835	-0.009580078125	-0.10777587890625001	9.7381494140625	-0.1678466796875	-0.31280517578125	0.58746337890625
2.844	0.0431103515625	-0.076640625	9.75012451171875	-0.06866455078125	0.11444091796875	0.4730224609375
2.853	-0.011975097656250001	-0.08382568359375	9.74533447265625	-0.1678466796875	-0.0457763671875	0.64849853515625
2.863	-0.01916015625	-0.07424560546875	9.635163574218751	-0.03814697265625	-0.030517578125	0.66375732421875
2.872	-0.050295410156250005	-0.10777587890625001	9.71419921875	-0.0762939453125	-0.091552734375	0.396728515625
2.882	-0.0383203125	-0.08382568359375	9.8435302734375	-0.244140625	-0.00762939453125	0.5035400390625
2.891	-0.0431103515625	-0.07424560546875	9.81718505859375	-0.244140625	-0.1220703125	0.5950927734375
2.9	0.0	-0.10538085937500001	9.79802490234375	-0.1678466796875	-0.25177001953125	0.67901611328125
2.91	0.00239501953125	-0.07903564453125	9.7573095703125	-0.11444091796875	0.02288818359375	0.48065185546875
2.918	0.00239501953125	-0.076640625	9.78844482421875	-0.091552734375	-0.0457763671875	0.66375732421875
2.927	-0.0143701171875	-0.09819580078125001	9.72138427734375	-0.06866455078125	-0.06866455078125	0.58746337890625
2.936	-0.055085449218750006	-0.06466552734375	9.79802490234375	-0.335693359375	-0.091552734375	0.457763671875
2.946	-0.055085449218750006	-0.050295410156250005	9.72617431640625	-0.20599365234375	-0.1068115234375	0.54168701171875
2.956	-0.055085449218750006	-0.05987548828125	9.781259765625	-0.14495849609375	-0.1678466796875	0.4730224609375
2.965	-0.011975097656250001	-0.09340576171875001	9.702224121093751	-0.1068115234375	-0.12969970703125	0.6103515625
2.974	-0.0143701171875	-0.07424560546875	9.69264404296875	0.030517578125	-0.0457763671875	0.42724609375
2.983	-0.06466552734375	-0.06945556640625	9.71180419921875	-0.1068115234375	-0.28228759765625	0.67138671875
2.994	-0.08382568359375	-0.11256591796875001	9.69743408203125	-0.091552734375	-0.2899169921875	0.4119873046875
3.003	-0.011975097656250001	-0.07903564453125	9.793234863281251	-0.1678466796875	0.0457763671875	0.49591064453125
3.012	0.0047900390625	-0.0431103515625	9.781259765625	-0.244140625	-0.0762939453125	0.43487548828125
3.021	-0.0335302734375	-0.052690429687500005	9.7860498046875	-0.1373291015625	-0.17547607421875	0.4730224609375
3.031	-0.045505371093750004	-0.067060546875	9.6998291015625	-0.09918212890625	-0.244140625	0.55694580078125
3.04	0.0143701171875	-0.09819580078125001	9.7668896484375	0.11444091796875	-0.091552734375	0.37384033203125
3.049	-0.067060546875	-0.076640625	9.776469726562501	-0.08392333984375	-0.00762939453125	0.3662109375
3.058	-0.03113525390625	-0.052690429687500005	9.73096435546875	-0.0457763671875	-0.17547607421875	0.48828125
3.068	-0.055085449218750006	-0.09340576171875001	9.81718505859375	-0.2288818359375	-0.1220703125	0.5950927734375
3.078	-0.0431103515625	-0.067060546875	9.79083984375	-0.34332275390625	-0.2593994140625	0.48065185546875
3.087	-0.047900390625000004	-0.1149609375	9.7956298828125	-0.29754638671875	0.0	0.457763671875
3.096	0.009580078125	-0.08861572265625	9.776469726562501	-0.19073486328125	0.08392333984375	0.640869140625
3.105	-0.04071533203125	-0.07424560546875	9.874665527343751	-0.18310546875	-0.0152587890625	0.5340576171875
3.115	-0.02155517578125	-0.09580078125000001	9.7573095703125	-0.18310546875	-0.18310546875	0.61798095703125
3.125	-0.01916015625	-0.055085449218750006	9.7381494140625	-0.23651123046875	-0.16021728515625	0.40435791015625
3.134	0.00239501953125	-0.10298583984375001	9.77407470703125	-0.19073486328125	-0.40435791015625	0.60272216796875
3.143	-0.00718505859375	-0.10777587890625001	9.75970458984375	-0.31280517578125	-0.00762939453125	0.42724609375
3.152	-0.01676513671875	-0.009580078125	9.7668896484375	-0.4730224609375	-0.1983642578125	0.41961669921875
3.162	0.028740234375	-0.0622705078125	9.78365478515625	-0.1068115234375	-0.1068115234375	0.28228759765625
3.171	-0.009580078125	-0.13651611328125002	9.73096435546875	-0.22125244140625	-0.030517578125	0.54931640625
3.18	0.03592529296875	-0.13651611328125002	9.77886474609375	-0.091552734375	-0.1678466796875	0.57220458984375
3.189	-0.05987548828125	-0.09340576171875001	9.8052099609375	-0.25177001953125	-0.06103515625	0.6256103515625
3.2	-0.04071533203125	-0.06466552734375	9.74533447265625	-0.32806396484375	-0.05340576171875	0.42724609375
3.209	-0.09819580078125001	-0.16046630859375	9.7573095703125	-0.335693359375	-0.12969970703125	0.3509521484375
3.219	-0.01676513671875	-0.11256591796875001	9.6902490234375	-0.152587890625	-0.09918212890625	0.30517578125
3.228	-0.03592529296875	-0.07424560546875	9.78844482421875	-0.17547607421875	-0.0457763671875	0.579833984375
3.237	0.03592529296875	-0.1149609375	9.687854003906251	-0.18310546875	-0.20599365234375	0.37384033203125
3.247	-0.00718505859375	-0.06466552734375	9.814790039062501	-0.1373291015625	-0.1678466796875	0.40435791015625
3.256	-0.045505371093750004	-0.11735595703125	9.75970458984375	0.0457763671875	-0.06866455078125	0.457763671875
3.265	-0.055085449218750006	-0.06945556640625	9.716594238281251	-0.28228759765625	-0.02288818359375	0.5950927734375
3.274	0.023950195312500002	-0.0143701171875	9.68306396484375	-0.091552734375	0.28228759765625	0.43487548828125
3.283	-0.0622705078125	-0.11017089843750001	9.747729492187501	-0.42724609375	0.030517578125	0.46539306640625
3.293	-0.1149609375	-0.05987548828125	9.881850585937501	0.0762939453125	-0.19073486328125	0.63323974609375
3.302	-0.0431103515625	-0.04071533203125	9.747729492187501	-0.213623046875	-0.1220703125	0.57220458984375
3.311	0.00239501953125	-0.076640625	9.687854003906251	0.0	-0.14495849609375	0.57220458984375
3.32	-0.01676513671875	-0.050295410156250005	9.67587890625	-0.12969970703125	0.1220703125	0.32806396484375
3.33	-0.0383203125	-0.07903564453125	9.762099609375001	-0.03814697265625	0.17547607421875	0.57220458984375
3.339	-0.067060546875	-0.03592529296875	9.7381494140625	-0.0762939453125	-0.0152587890625	0.5950927734375
3.348	-0.09101074218750001	-0.067060546875	9.81	-0.05340576171875	-0.17547607421875	0.67138671875
3.357	-0.028740234375	-0.07424560546875	9.754914550781251	-0.22125244140625	0.0	0.396728515625
3.366	-0.0383203125	-0.050295410156250005	9.702224121093751	-0.09918212890625	-0.08392333984375	0.49591064453125
3.376	-0.01916015625	-0.09580078125000001	9.74533447265625	-0.02288818359375	0.0457763671875	0.6561279296875
3.385	-0.03113525390625	-0.055085449218750006	9.769284667968751	-0.1373291015625	0.17547607421875	0.6256103515625
3.394	-0.01676513671875	-0.06945556640625	9.793234863281251	-0.2288818359375	0.1678466796875	0.41961669921875
3.403	0.023950195312500002	-0.0622705078125	9.762099609375001	-0.06103515625	0.08392333984375	0.35858154296875
3.412	-0.0431103515625	-0.055085449218750006	9.73096435546875	-0.14495849609375	0.0762939453125	0.5035400390625
3.421	-0.023950195312500002	-0.047900390625000004	9.85071533203125	-0.18310546875	0.0457763671875	0.46539306640625
3.43	-0.0047900390625	-0.03592529296875	9.762099609375001	-0.31280517578125	0.12969970703125	0.5950927734375
3.439	-0.0047900390625	-0.055085449218750006	9.7381494140625	-0.30517578125	-0.02288818359375	0.31280517578125
3.448	-0.07424560546875	-0.08382568359375	9.81	-0.244140625	-0.091552734375	0.5645751953125
3.458	-0.011975097656250001	-0.07903564453125	9.723779296875	-0.25177001953125	-0.1068115234375	0.35858154296875
3.468	-0.03113525390625	-0.0622705078125	9.819580078125	-0.1068115234375	-0.1068115234375	0.3204345703125
3.477	0.0143701171875	-0.00239501953125	9.75251953125	-0.244140625	-0.06866455078125	0.6103515625
3.485	-0.009580078125	-0.067060546875	9.704619140625	-0.1983642578125	0.091552734375	0.3509521484375
3.495	-0.05987548828125	-0.10059082031250001	9.762099609375001	-0.18310546875	-0.06103515625	0.4730224609375
3.505	-0.10298583984375001	-0.0335302734375	9.6710888671875	-0.335693359375	0.0457763671875	0.49591064453125
3.514	-0.01916015625	-0.06466552734375	9.8052099609375	-0.26702880859375	0.1220703125	0.5035400390625
3.523	-0.045505371093750004	-0.09101074218750001	9.74533447265625	-0.25177001953125	0.0	0.41961669921875
3.532	0.0383203125	-0.076640625	9.7189892578125	-0.34332275390625	-0.11444091796875	0.61798095703125
3.542	0.009580078125	-0.0622705078125	9.81	-0.23651123046875	-0.0152587890625	0.57220458984375
3.55	-0.0335302734375	-0.0047900390625	9.647138671875	-0.1068115234375	0.0152587890625	0.60272216796875
3.559	-0.10777587890625001	-0.09580078125000001	9.74533447265625	-0.152587890625	-0.0457763671875	0.45013427734375
3.568	0.0	-0.06945556640625	9.776469726562501	-0.03814697265625	-0.14495849609375	0.48828125
3.577	-0.0143701171875	-0.01676513671875	9.73096435546875	-0.274658203125	-0.00762939453125	0.3662109375
3.587	-0.03592529296875	-0.10538085937500001	9.7956298828125	-0.457763671875	-0.14495849609375	0.48828125
3.597	-0.011975097656250001	-0.05987548828125	9.73575439453125	-0.48828125	-0.213623046875	0.58746337890625
3.606	-0.023950195312500002	-0.11256591796875001	9.762099609375001	-0.41961669921875	-0.17547607421875	0.37384033203125
3.615	-0.047900390625000004	-0.067060546875	9.807604980468751	-0.244140625	-0.02288818359375	0.45013427734375
3.624	0.023950195312500002	-0.11256591796875001	9.78844482421875	-0.244140625	-0.06866455078125	0.70953369140625
3.634	-0.055085449218750006	-0.143701171875	9.8052099609375	-0.2899169921875	0.06866455078125	0.6256103515625
3.643	-0.055085449218750006	-0.05987548828125	9.6998291015625	0.11444091796875	0.30517578125	0.58746337890625
3.652	0.028740234375	-0.03113525390625	9.687854003906251	0.0152587890625	0.1373291015625	0.54168701171875
3.66	-0.06945556640625	-0.09819580078125001	9.69264404296875	-0.1983642578125	0.1068115234375	0.3814697265625
3.67	0.00239501953125	-0.11735595703125	9.747729492187501	-0.09918212890625	0.0762939453125	0.52642822265625
3.679	-0.0383203125	-0.052690429687500005	9.7573095703125	0.05340576171875	0.152587890625	0.244140625
3.687	-0.0431103515625	-0.08861572265625	9.6902490234375	-0.16021728515625	0.0762939453125	0.43487548828125
3.697	-0.03113525390625	-0.07424560546875	9.704619140625	-0.0762939453125	0.0457763671875	0.5035400390625
3.705	-0.01676513671875	-0.10059082031250001	9.86508544921875	-0.22125244140625	0.17547607421875	0.6256103515625
3.716	0.0	-0.09580078125000001	9.66869384765625	-0.091552734375	0.213623046875	0.3204345703125
3.724	0.02155517578125	-0.07903564453125	9.75251953125	-0.06103515625	0.49591064453125	0.45013427734375
3.733	-0.0718505859375	-0.076640625	9.77407470703125	-0.03814697265625	0.3814697265625	0.64849853515625
3.742	-0.055085449218750006	-0.01916015625	9.7189892578125	0.030517578125	-0.08392333984375	0.4425048828125
3.751	-0.01916015625	-0.03113525390625	9.75012451171875	-0.152587890625	0.20599365234375	0.6103515625
3.761	-0.0143701171875	-0.06945556640625	9.666298828125	-0.19073486328125	-0.11444091796875	0.4425048828125
3.77	-0.05748046875	-0.07903564453125	9.82676513671875	-0.22125244140625	-0.05340576171875	0.49591064453125
3.779	-0.09101074218750001	-0.10059082031250001	9.769284667968751	0.03814697265625	0.213623046875	0.43487548828125
3.788	-0.06945556640625	-0.0718505859375	9.73096435546875	0.02288818359375	0.05340576171875	0.32806396484375
3.796	-0.0335302734375	-0.028740234375	9.7668896484375	0.0457763671875	-0.1678466796875	0.37384033203125
3.806	-0.00239501953125	-0.05987548828125	9.762099609375001	-0.08392333984375	-0.48828125	0.60272216796875
3.815	0.026345214843750003	-0.0431103515625	9.76449462890625	-0.05340576171875	-0.5035400390625	0.42724609375
3.824	-0.00718505859375	-0.10777587890625001	9.77886474609375	0.00762939453125	-0.518798828125	0.6103515625
3.833	-0.0383203125	-0.0622705078125	9.77407470703125	-0.18310546875	-0.6256103515625	0.4730224609375
3.843	0.0	-0.05748046875	9.819580078125	-0.05340576171875	-0.42724609375	0.457763671875
3.852	0.0431103515625	-0.162861328125	9.5178076171875	0.1373291015625	0.00762939453125	0.35858154296875
3.86	-0.023950195312500002	-0.05987548828125	9.800419921875001	-0.26702880859375	-0.06103515625	0.396728515625
3.869	-0.050295410156250005	-0.05748046875	9.781259765625	-0.152587890625	0.09918212890625	0.49591064453125
3.878	0.23231689453125	-0.01916015625	9.874665527343751	-0.152587890625	0.8697509765625	0.60272216796875
3.888	-0.16046630859375	0.01916015625	9.86508544921875	-0.37384033203125	0.80108642578125	0.6561279296875
3.897	0.028740234375	-0.07903564453125	9.7668896484375	-0.152587890625	1.18255615234375	0.58746337890625
3.906	0.052690429687500005	-0.10059082031250001	9.762099609375001	0.02288818359375	2.43377685546875	0.60272216796875
3.915	0.052690429687500005	-0.06466552734375	9.6998291015625	-0.4119873046875	1.007080078125	0.63323974609375
3.926	-0.047900390625000004	-0.08861572265625	9.666298828125	-0.1068115234375	1.1444091796875	0.80108642578125
3.935	-0.5053491210937501	-0.067060546875	9.8722705078125	-0.70953369140625	-0.66375732421875	0.0762939453125
3.945	0.055085449218750006	-0.05748046875	9.79083984375	-0.335693359375	-0.213623046875	0.69427490234375
3.953	0.023950195312500002	-0.1389111328125	9.5657080078125	-0.3204345703125	0.48065185546875	1.0528564453125
3.964	-0.3688330078125	-0.09101074218750001	9.860295410156251	-0.5950927734375	-1.0528564453125	0.9613037109375
3.974	0.0622705078125	-0.0383203125	9.874665527343751	-0.48065185546875	-0.2288818359375	1.52587890625
3.984	-0.19639160156250002	-0.23231689453125	9.733359375000001	-0.1068115234375	1.1749267578125	1.65557861328125
3.994	-0.055085449218750006	-0.07903564453125	9.8052099609375	-0.2593994140625	0.7781982421875	0.8392333984375
4.003	0.05748046875	-0.12693603515625002	9.807604980468751	-0.4730224609375	0.28228759765625	1.25885009765625
4.013	-0.04071533203125	-0.13172607421875002	9.7189892578125	-0.64849853515625	0.1220703125	1.8463134765625
4.023	-0.11017089843750001	-0.026345214843750003	9.71180419921875	-1.01470947265625	-1.31988525390625	1.36566162109375
4.033	0.011975097656250001	-0.086220703125	9.769284667968751	-0.9613037109375	-2.25067138671875	1.617431640625
4.043	-0.1149609375	-0.011975097656250001	9.75970458984375	-1.04522705078125	-2.685546875	0.67901611328125
4.052	0.00718505859375	-0.0047900390625	9.75970458984375	-1.19781494140625	-2.4871826171875	0.98419189453125
4.064	-0.07903564453125	-0.067060546875	9.793234863281251	-1.06048583984375	-2.84576416015625	1.01470947265625
4.074	0.045505371093750004	-0.124541015625	9.78844482421875	-1.16729736328125	-2.7923583984375	0.9613037109375
4.083	0.00239501953125	-0.15088623046875002	9.695039062500001	-0.83160400390625	-2.15911865234375	1.30462646484375
4.093	0.04071533203125	-0.12214599609375	9.73575439453125	-0.69427490234375	-1.1138916015625	2.01416015625
4.103	0.026345214843750003	-0.1149609375	9.69743408203125	-0.14495849609375	-0.49591064453125	1.48773193359375
4.113	0.14130615234375002	-0.12693603515625002	9.72617431640625	-0.0152587890625	0.03814697265625	1.65557861328125
4.122	-0.026345214843750003	0.01916015625	9.769284667968751	0.25177001953125	0.93841552734375	2.03704833984375
4.13	0.011975097656250001	-0.04071533203125	9.78844482421875	0.0457763671875	0.95367431640625	1.8310546875
4.14	0.028740234375	-0.11256591796875001	9.70701416015625	-0.17547607421875	0.9307861328125	1.93023681640625
4.149	0.009580078125	-0.045505371093750004	9.72138427734375	-0.5645751953125	0.0152587890625	2.28118896484375
4.158	-0.0431103515625	-0.01676513671875	9.7668896484375	-0.6866455078125	-0.28228759765625	2.50244140625
4.168	-0.11256591796875001	-0.050295410156250005	9.7285693359375	-0.8697509765625	-0.5950927734375	1.85394287109375
4.178	-0.0335302734375	-0.04071533203125	9.642348632812501	-1.19781494140625	0.213623046875	0.885009765625
4.188	-0.1580712890625	-0.00239501953125	9.886640625	-1.3275146484375	0.2593994140625	0.35858154296875
4.197	0.02155517578125	-0.124541015625	9.66390380859375	-1.28173828125	0.74005126953125	0.4425048828125
4.207	0.02155517578125	-0.1149609375	9.76449462890625	-1.59454345703125	-1.06048583984375	0.35858154296875
4.216	-0.086220703125	-0.09580078125000001	9.67827392578125	-0.701904296875	-0.66375732421875	0.20599365234375
4.227	-0.0431103515625	-0.1772314453125	9.75251953125	-0.7171630859375	-0.89263916015625	0.42724609375
4.237	-0.045505371093750004	-0.10059082031250001	9.807604980468751	-0.79345703125	-1.007080078125	0.32806396484375
4.247	-0.0335302734375	-0.143701171875	9.747729492187501	-0.86212158203125	-0.83160400390625	0.37384033203125
4.256	0.01676513671875	-0.13172607421875002	9.77886474609375	-0.5950927734375	-1.129150390625	0.762939453125
4.267	0.0431103515625	-0.11256591796875001	9.85550537109375	-1.04522705078125	-1.35040283203125	0.61798095703125
4.277	0.076640625	-0.11735595703125	9.72617431640625	-1.1749267578125	-1.2054443359375	0.6103515625
4.286	0.0	-0.11017089843750001	9.77886474609375	-1.02996826171875	-1.3427734375	0.51116943359375
4.296	0.01676513671875	-0.09580078125000001	9.80281494140625	-1.251220703125	-1.67083740234375	0.60272216796875
4.306	-0.009580078125	-0.08382568359375	9.800419921875001	-1.22833251953125	-1.739501953125	0.61798095703125
4.317	-0.15088623046875002	-0.08861572265625	9.71419921875	-1.13677978515625	-2.593994140625	0.54931640625
4.327	0.12693603515625002	-0.15567626953125	9.60163330078125	-1.0223388671875	-2.50244140625	0.54931640625
4.336	-0.045505371093750004	-0.18202148437500001	9.702224121093751	-0.3662109375	-1.24359130859375	0.5950927734375
4.346	-0.047900390625000004	-0.15328125	9.73096435546875	0.1373291015625	-1.007080078125	0.54931640625
4.356	-0.009580078125	-0.12214599609375	9.769284667968751	0.54931640625	-0.213623046875	0.42724609375
4.365	0.0718505859375	-0.08861572265625	9.82676513671875	0.3509521484375	0.17547607421875	0.701904296875
4.374	-0.07424560546875	-0.1293310546875	9.75970458984375	0.18310546875	-0.55694580078125	0.6103515625
4.383	0.0383203125	-0.047900390625000004	9.81	-0.38909912109375	-0.8087158203125	0.63323974609375
4.393	0.009580078125	-0.09340576171875001	9.7285693359375	-0.54168701171875	-0.91552734375	0.72479248046875
4.403	-0.0383203125	-0.11256591796875001	9.8626904296875	-0.2899169921875	-0.66375732421875	0.84686279296875
4.413	0.0	-0.09340576171875001	9.7956298828125	-0.3204345703125	-0.579833984375	0.74005126953125
4.421	0.0047900390625	-0.12693603515625002	9.7716796875	-0.08392333984375	-0.14495849609375	0.57220458984375
4.43	0.0431103515625	-0.10538085937500001	9.838740234375	-0.26702880859375	0.00762939453125	0.64849853515625
4.44	0.04071533203125	-0.1389111328125	9.92256591796875	-0.38909912109375	0.00762939453125	0.46539306640625
4.449	0.009580078125	-0.10059082031250001	9.68306396484375	-0.1983642578125	0.1220703125	0.457763671875
4.458	0.052690429687500005	-0.1484912109375	9.695039062500001	-0.16021728515625	0.885009765625	0.6256103515625
4.467	0.047900390625000004	-0.086220703125	9.73096435546875	0.0457763671875	2.044677734375	0.54931640625
4.475	0.08382568359375	-0.13412109375	9.702224121093751	0.40435791015625	3.21197509765625	0.6103515625
4.486	0.0814306640625	-0.15567626953125	9.742939453125	0.9765625	4.0283203125	0.61798095703125
4.495	0.00718505859375	-0.10298583984375001	9.71180419921875	0.9765625	3.7384033203125	1.10626220703125
4.505	0.87418212890625	-0.4071533203125	9.776469726562501	0.41961669921875	2.83050537109375	10.6964111328125
4.515	0.65384033203125	-0.32811767578125	9.79802490234375	-0.0762939453125	0.61798095703125	18.8446044921875
4.526	0.5676196289062501	-0.354462890625	9.800419921875001	-0.244140625	-0.8544921875	24.658203125
4.536	0.36643798828125	-0.25147705078125	9.73096435546875	-0.61798095703125	-2.685546875	27.70233154296875
4.547	-0.12693603515625002	-0.18202148437500001	9.81239501953125	-0.54168701171875	-2.1820068359375	25.4058837890625
4.557	-0.536484375	0.0431103515625	9.71419921875	-0.69427490234375	-1.68609619140625	21.61407470703125
4.567	-0.34727783203125	0.02155517578125	9.7189892578125	-0.75531005859375	-1.5411376953125	16.0369873046875
4.578	-0.2682421875	0.1197509765625	9.77886474609375	-0.7476806640625	-1.3427734375	12.3748779296875
4.587	-0.16046630859375	0.0143701171875	9.65911376953125	-0.22125244140625	1.4801025390625	8.453369140625
4.596	-0.20118164062500002	-0.052690429687500005	9.781259765625	0.06866455078125	0.55694580078125	6.47735595703125
4.606	-0.10777587890625001	-0.16525634765625	9.82676513671875	-0.5035400390625	0.03814697265625	6.4697265625
4.616	0.1197509765625	-0.5316943359375	9.8052099609375	0.48828125	2.34222412109375	8.78143310546875
4.626	0.28740234375	-0.8047265625000001	9.81718505859375	0.40435791015625	2.81524658203125	12.664794921875
4.636	0.19399658203125	-0.8023315429687501	9.89861572265625	0.22125244140625	1.07574462890625	17.73834228515625
4.646	0.19160156250000002	-0.57719970703125	9.740544433593751	0.17547607421875	1.220703125	22.01080322265625
4.656	0.17962646484375	-0.5795947265625	9.793234863281251	-0.18310546875	0.3204345703125	26.336669921875
4.666	0.27542724609375	-0.622705078125	9.62558349609375	-0.22125244140625	1.22833251953125	28.17535400390625
4.676	0.07424560546875	-0.32332763671875003	9.71419921875	-0.20599365234375	0.5035400390625	28.58734130859375
4.686	0.14609619140625002	-0.34248779296875004	9.814790039062501	-0.41961669921875	0.66375732421875	27.099609375
4.697	0.25626708984375	-0.239501953125	9.8626904296875	-0.34332275390625	0.9002685546875	25.1617431640625
4.706	0.1772314453125	-0.32572265625	9.66869384765625	-0.1373291015625	0.66375732421875	23.73504638671875
4.716	0.239501953125	-0.40475830078125	9.61600341796875	-0.70953369140625	0.54931640625	22.857666015625
4.726	0.3975732421875	-0.5604345703125	9.71180419921875	-0.93841552734375	-0.640869140625	24.8565673828125
4.737	-0.02155517578125	-0.7328759765625	9.819580078125	-0.25177001953125	0.11444091796875	26.4892578125
4.747	-0.20836669921875	-1.02746337890625	9.857900390625	0.14495849609375	0.518798828125	25.7415771484375
4.757	0.05748046875	-1.7124389648437501	9.7860498046875	0.28228759765625	0.98419189453125	22.2625732421875
4.766	0.31374755859375003	-2.0453466796875	9.702224121093751	0.42724609375	0.57220458984375	19.78302001953125
4.776	0.5795947265625	-2.2608984375000003	9.860295410156251	0.1068115234375	0.7171630859375	17.28057861328125
4.786	0.41912841796875	-2.17228271484375	9.642348632812501	0.14495849609375	0.0457763671875	16.387939453125
4.797	-0.0718505859375	-2.09564208984375	9.8722705078125	-0.396728515625	-1.251220703125	15.228271484375
4.808	-0.33769775390625	-1.7890795898437502	9.8483203125	-0.4119873046875	-1.01470947265625	12.3138427734375
4.818	-0.33769775390625	-1.45856689453125	9.776469726562501	-0.579833984375	-0.72479248046875	11.28387451171875
4.829	-0.5508544921875	-1.1903247070312502	9.6902490234375	-0.26702880859375	-0.54931640625	13.72528076171875
4.84	-0.15567626953125	-1.5088623046875	9.68306396484375	-0.274658203125	0.48065185546875	16.9830322265625
4.849	-0.0431103515625	-1.6429833984375002	9.62558349609375	-0.05340576171875	0.90789794921875	25.45166015625
4.86	-0.7664062500000001	-1.5759228515625001	9.81	-0.12969970703125	0.30517578125	30.29632568359375
4.871	-0.795146484375	-1.76991943359375	9.740544433593751	-0.16021728515625	0.54931640625	27.984619140625
4.882	-0.7999365234375	-2.0381616210937503	9.73575439453125	0.2288818359375	1.007080078125	22.6287841796875
4.891	-0.29458740234375	-2.232158203125	9.73575439453125	0.0152587890625	0.23651123046875	17.27294921875
4.902	-0.19878662109375	-2.6129663085937502	9.79802490234375	-0.37384033203125	-0.91552734375	13.6566162109375
4.913	0.21555175781250002	-2.65128662109375	9.742939453125	-0.38909912109375	0.11444091796875	13.98468017578125
4.923	0.22513183593750002	-2.54111572265625	9.7716796875	-0.61798095703125	-0.1983642578125	18.15032958984375
4.934	-0.12214599609375	-2.2561083984375	9.673483886718751	-0.5950927734375	-1.47247314453125	19.04296875
4.945	-0.14130615234375002	-1.6693286132812502	9.781259765625	-0.89263916015625	-1.22833251953125	21.43096923828125
4.956	-0.4358935546875	-1.67890869140625	9.781259765625	-0.77056884765625	-0.34332275390625	20.71380615234375
4.966	-0.34727783203125	-1.55197265625	9.8483203125	-0.43487548828125	0.244140625	18.39447021484375
4.977	-0.055085449218750006	-0.795146484375	9.8243701171875	-0.57220458984375	0.9918212890625	22.64404296875
4.986	0.28500732421875	-1.6813037109375002	9.57768310546875	0.3204345703125	1.5869140625	26.77154541015625
4.997	0.04071533203125	-1.7627343750000002	9.754914550781251	0.98419189453125	2.92205810546875	25.44403076171875
5.008	0.4358935546875	-2.4956103515625	9.8914306640625	0.77056884765625	2.6397705078125	19.0277099609375
5.018	0.44068359375000005	-2.7063720703125003	10.135722656250001	-0.3509521484375	1.13677978515625	11.2457275390625
5.027	0.3209326171875	-2.93389892578125	9.501042480468751	-0.03814697265625	2.0599365234375	5.82122802734375
5.038	-0.11735595703125	-2.845283203125	9.687854003906251	0.091552734375	0.06866455078125	0.67138671875
5.048	-0.4550537109375	-1.96631103515625	9.96567626953125	-0.95367431640625	0.5035400390625	-3.08990478515625
5.059	-0.9723779296875	-1.6357983398437501	9.800419921875001	0.35858154296875	-0.7781982421875	-9.8419189453125
5.069	-1.22625	-1.7244140625000002	9.853110351562501	0.20599365234375	-0.518798828125	-21.484375
5.081	-0.9029223632812501	-1.19990478515625	9.71180419921875	0.57220458984375	-0.49591064453125	-27.89306640625
5.092	-0.8238867187500001	-1.5447875976562502	9.596843261718751	0.9307861328125	0.18310546875	-31.95953369140625
5.102	-0.5077441406250001	-1.40587646484375	9.9968115234375	0.67901611328125	-0.4425048828125	-36.285400390625
5.113	-0.27063720703125	-0.97716796875	9.776469726562501	-0.37384033203125	-0.5645751953125	-32.71484375
5.125	-0.47900390625	-0.6179150390625	9.723779296875	-0.08392333984375	-0.2288818359375	-27.32086181640625
5.135	-0.1676513671875	-0.6658154296875001	10.047106933593751	-0.46539306640625	0.762939453125	-16.27349853515625
5.146	-0.488583984375	-1.06578369140625	9.91777587890625	-1.09100341796875	0.48828125	-4.8828125
5.157	-1.1520043945312501	-1.1448193359375	9.79802490234375	-1.68609619140625	-0.35858154296875	-8.06427001953125
5.169	-1.063388671875	-1.01788330078125	9.8722705078125	-1.4801025390625	-0.579833984375	-19.27947998046875
5.18	-1.3364208984375001	-0.7711962890625	9.881850585937501	-1.678466796875	-0.3662109375	-27.8472900390625
5.191	-0.9604028320312501	-0.32332763671875003	9.927355957031251	-1.25885009765625	-0.96893310546875	-34.78240966796875
5.202	-0.59635986328125	-0.4454736328125	9.673483886718751	-0.9918212890625	-0.64849853515625	-33.27178955078125
5.214	-0.7280859375000001	-0.34248779296875004	9.7716796875	-1.220703125	-0.69427490234375	-30.93719482421875
5.225	-0.65863037109375	-0.43110351562500004	9.80281494140625	-0.518798828125	-0.4119873046875	-27.77862548828125
5.236	-0.79275146484375	-0.73527099609375	9.6040283203125	-0.89263916015625	-0.1373291015625	-26.91650390625
5.248	-0.5316943359375	-1.13763427734375	9.695039062500001	-0.9765625	-0.29754638671875	-23.3306884765625
5.259	-0.9915380859375	-1.3555810546875	9.9584912109375	-1.1138916015625	-1.220703125	-24.98626708984375
5.27	-0.8214916992187501	-1.599873046875	9.70701416015625	-0.55694580078125	-1.678466796875	-33.1573486328125
5.281	-0.3784130859375	-1.00351318359375	9.87945556640625	-0.26702880859375	-2.66265869140625	-32.745361328125
5.293	-0.72090087890625	-0.39038818359375	9.76449462890625	-0.213623046875	-2.99835205078125	-32.9437255859375
5.304	-0.9196875	0.2347119140625	9.7381494140625	0.79345703125	-2.51007080078125	-41.96929931640625
5.314	-0.6634204101562501	0.01676513671875	9.702224121093751	0.6866455078125	-3.24249267578125	-49.3621826171875
5.324	-0.30895751953125	0.10298583984375001	9.814790039062501	-0.28228759765625	-2.9754638671875	-51.513671875
5.336	-0.6753955078125	0.09101074218750001	9.77886474609375	-1.007080078125	-1.373291015625	-52.07061767578125
5.346	-0.60114990234375	0.1197509765625	9.7381494140625	-0.6561279296875	-0.02288818359375	-47.5616455078125
5.357	-0.6274951171875001	0.050295410156250005	9.723779296875	-0.54931640625	-0.2593994140625	-43.9453125
5.367	-0.6442602539062501	-0.26105712890625	9.73096435546875	-0.80108642578125	0.19073486328125	-44.30389404296875
5.378	-0.1676513671875	0.0718505859375	9.74533447265625	0.08392333984375	-0.58746337890625	-44.71588134765625
5.388	-0.0814306640625	0.58198974609375	9.71419921875	0.30517578125	-1.678466796875	-38.41400146484375
5.398	-0.33290771484375004	0.67779052734375	9.42440185546875	0.7171630859375	0.0152587890625	-33.71429443359375
5.409	-0.19878662109375	0.7711962890625	9.62558349609375	-0.6561279296875	-2.2735595703125	-29.937744140625
5.42	-0.47900390625	0.9436376953125001	9.915380859375	-0.34332275390625	-1.28936767578125	-26.55792236328125
5.43	-0.00239501953125	0.5795947265625	9.819580078125	-1.5716552734375	-3.18145751953125	-23.67401123046875
5.441	-0.30895751953125	0.98914306640625	9.8483203125	-1.3275146484375	-1.89971923828125	-23.00262451171875
5.451	-0.31374755859375003	0.93884765625	9.747729492187501	0.2899169921875	-0.03814697265625	-22.796630859375
5.463	-1.044228515625	0.7640112304687501	9.77886474609375	0.518798828125	-1.39617919921875	-30.08270263671875
5.473	-0.1149609375	0.8071215820312501	9.575288085937501	0.9307861328125	1.38092041015625	-30.66253662109375
5.483	0.086220703125	0.6514453125	9.67827392578125	-0.57220458984375	-0.30517578125	-23.13995361328125
5.494	0.86939208984375	0.83107177734375	9.177714843750001	-0.6561279296875	2.92205810546875	-19.50836181640625
5.505	-0.009580078125	1.00351318359375	9.781259765625	0.5340576171875	0.152587890625	-14.34326171875
5.514	0.32811767578125	0.7903564453125	9.800419921875001	0.0152587890625	-0.48828125	-11.5966796875
5.525	1.1903247070312502	0.5652246093750001	9.34776123046875	-0.87738037109375	-4.6234130859375	-10.56671142578125
5.535	0.7999365234375	1.07296875	9.580078125	0.20599365234375	-0.8697509765625	-12.6953125
5.545	0.12693603515625002	1.4250366210937502	9.5944482421875	0.4730224609375	-0.41961669921875	-12.451171875
5.557	-0.76880126953125	1.9950512695312501	10.528505859375	1.09100341796875	-1.65557861328125	-13.77105712890625
5.567	0.10538085937500001	1.80344970703125	9.769284667968751	-0.0762939453125	-0.63323974609375	-14.3585205078125
5.577	-0.026345214843750003	1.4609619140625	9.91777587890625	-0.40435791015625	-0.43487548828125	-15.4876708984375
5.588	0.55803955078125	1.56873779296875	9.647138671875	-0.55694580078125	1.1138916015625	-13.46588134765625
5.599	0.10538085937500001	1.35797607421875	9.79802490234375	-0.19073486328125	1.2054443359375	-8.0108642578125
5.609	0.81191162109375	1.8010546875000002	10.032736816406251	-0.95367431640625	-0.81634521484375	-7.25555419921875
5.62	0.45265869140625004	1.65495849609375	9.81718505859375	-0.81634521484375	-0.81634521484375	-4.8675537109375
5.63	1.18553466796875	1.64058837890625	10.02076171875	-1.89971923828125	1.9378662109375	-0.8087158203125
5.641	0.48379394531250003	2.6464965820312503	9.6615087890625	0.12969970703125	-0.823974609375	0.25177001953125
5.651	-0.27063720703125	2.3543041992187503	9.536967773437501	0.9765625	2.44903564453125	-1.068115234375
5.661	-0.5245092773437501	2.4333398437500002	9.350156250000001	-0.6561279296875	-1.3580322265625	-4.99725341796875
5.672	-0.75443115234375	4.40444091796875	10.166857910156251	1.0833740234375	2.4261474609375	-12.298583984375
5.683	1.1112890625	2.4860302734375	9.47230224609375	0.2899169921875	0.732421875	-14.16015625
5.693	0.28021728515625	2.6728417968750002	9.608818359375	-0.0152587890625	0.87738037109375	-16.39556884765625
5.703	0.05987548828125	4.1481738281250005	9.8626904296875	1.10626220703125	-1.48773193359375	-25.299072265625
5.713	0.73527099609375	2.7566674804687503	9.57768310546875	-0.67138671875	0.1983642578125	-22.705078125
5.724	0.24908203125	2.9123437500000002	9.608818359375	0.93841552734375	-0.46539306640625	-18.463134765625
5.734	0.20836669921875	3.29315185546875	9.9584912109375	-0.3814697265625	-0.54931640625	-13.58795166015625
5.745	0.59635986328125	3.3626074218750004	9.73575439453125	-0.58746337890625	-0.96893310546875	-18.89801025390625
5.755	0.81670166015625	3.4152978515625003	9.7573095703125	0.5035400390625	-0.0762939453125	-15.44189453125
5.767	0.70892578125	3.67635498046875	9.857900390625	-0.5035400390625	-1.28173828125	-11.46697998046875
5.777	0.8406518554687501	3.5422338867187504	9.75012451171875	-0.091552734375	0.091552734375	-7.0953369140625
5.786	0.43828857421875	3.08478515625	9.84592529296875	0.06103515625	-0.09918212890625	-2.90679931640625
5.796	1.1951147460937501	1.9591259765625002	10.04231689453125	-0.946044921875	-0.244140625	0.90789794921875
5.807	0.15567626953125	0.13412109375	9.776469726562501	-2.11334228515625	-1.41143798828125	0.77056884765625
5.817	-0.258662109375	-0.10059082031250001	9.8722705078125	-1.5869140625	-1.62506103515625	0.78582763671875
5.827	-0.03113525390625	-0.055085449218750006	9.881850585937501	-2.38037109375	-2.43377685546875	0.55694580078125
5.837	0.05987548828125	-0.02155517578125	9.81718505859375	-2.37274169921875	-2.1514892578125	0.732421875
5.848	-0.045505371093750004	-0.1149609375	9.78365478515625	-1.708984375	-1.708984375	0.640869140625
5.857	0.0	-0.1772314453125	9.67587890625	-2.8076171875	-0.9918212890625	0.5035400390625
5.867	-0.03592529296875	-0.21794677734375	9.73575439453125	-1.068115234375	-0.66375732421875	0.335693359375
5.876	0.00239501953125	-0.19878662109375	9.7381494140625	-1.27410888671875	-1.0223388671875	0.42724609375
5.886	0.12214599609375	-0.13651611328125002	9.81718505859375	-1.16729736328125	-1.02996826171875	0.7781982421875
5.897	-0.01676513671875	-0.1772314453125	9.800419921875001	-0.31280517578125	-0.38909912109375	0.6103515625
5.906	0.0	-0.10059082031250001	9.867480468750001	-0.1220703125	-0.98419189453125	0.5645751953125
5.915	-0.023950195312500002	-0.10777587890625001	9.81718505859375	-0.30517578125	-0.99945068359375	0.5645751953125
5.925	0.023950195312500002	-0.1772314453125	9.776469726562501	-0.762939453125	-2.5634765625	0.79345703125
5.936	0.086220703125	-0.19639160156250002	9.716594238281251	-0.17547607421875	-2.22015380859375	0.9613037109375
5.946	0.25147705078125	-0.39996826171875	9.5848681640625	0.79345703125	-0.74005126953125	0.87738037109375
5.956	-0.22752685546875	-0.19878662109375	9.800419921875001	0.20599365234375	-2.73895263671875	0.70953369140625
5.966	-1.76033935546875	-0.2347119140625	9.7189892578125	0.3509521484375	3.143310546875	-4.119873046875
5.977	-1.6693286132812502	-0.277822265625	9.867480468750001	0.78582763671875	2.05230712890625	-7.54547119140625
5.988	-2.28245361328125	-0.39996826171875	9.695039062500001	0.67138671875	2.7008056640625	-13.3056640625
5.998	-2.13875244140625	-0.17004638671875	9.8626904296875	0.69427490234375	2.7313232421875	-15.7012939453125
6.008	-1.36037109375	-0.04071533203125	9.723779296875	0.77056884765625	2.25830078125	-17.82989501953125
6.02	-0.8646020507812501	-0.0814306640625	9.92256591796875	0.48828125	1.27410888671875	-20.9197998046875
6.029	-0.8071215820312501	0.0047900390625	9.754914550781251	0.4119873046875	0.2288818359375	-22.23968505859375
6.04	-1.2765454101562501	-0.06466552734375	9.81239501953125	1.24359130859375	0.7781982421875	-27.374267578125
6.05	-1.1304492187500002	-0.5891748046875	9.6183984375	1.19781494140625	1.46484375	-20.80535888671875
6.062	-0.7903564453125	-0.5316943359375	9.747729492187501	0.98419189453125	1.5106201171875	-8.82720947265625
6.073	-1.40108642578125	-0.59635986328125	9.6998291015625	1.03759765625	2.01416015625	-0.77056884765625
6.082	-1.0777587890625	-0.46223876953125004	9.853110351562501	0.732421875	1.45721435546875	5.0201416015625
6.092	-0.5460644531250001	-0.3448828125	9.881850585937501	0.1678466796875	2.08282470703125	11.42120361328125
6.104	-0.52929931640625	-0.25387207031250003	9.69264404296875	-0.23651123046875	0.9765625	16.94488525390625
6.113	-0.00239501953125	-0.13172607421875002	9.77886474609375	-0.2899169921875	1.0223388671875	19.622802734375
6.123	0.15328125	-0.29458740234375	9.7381494140625	0.08392333984375	-0.12969970703125	20.94268798828125
6.133	-0.40954833984375	-0.61552001953125	9.7716796875	-0.030517578125	0.28228759765625	23.8494873046875
6.144	-0.756826171875	-0.775986328125	9.8052099609375	-0.09918212890625	0.09918212890625	23.33831787109375
6.155	-1.4418017578125	-0.9819580078125001	9.71419921875	-0.08392333984375	-0.48828125	19.02008056640625
6.165	-2.529140625	-1.044228515625	9.860295410156251	0.43487548828125	-0.2899169921875	9.49859619140625
6.176	-2.9267138671875	-0.64905029296875	9.769284667968751	0.17547607421875	-2.55584716796875	-6.34765625
6.188	-2.5698559570312502	-0.3113525390625	9.6710888671875	0.28228759765625	-2.87628173828125	-25.15411376953125
6.198	-1.67890869140625	0.62989013671875	9.66390380859375	0.32806396484375	-3.753662109375	-49.5147705078125
6.209	-0.12693603515625002	-0.19878662109375	9.8722705078125	0.66375732421875	-3.7689208984375	-52.1697998046875
6.219	0.55803955078125	-0.28979736328125	9.881850585937501	0.40435791015625	-2.61688232421875	-37.40692138671875
6.23	0.24908203125	-0.162861328125	9.87945556640625	-0.0762939453125	0.14495849609375	-30.70068359375
6.24	-0.98914306640625	-0.25387207031250003	9.680668945312501	0.2288818359375	0.14495849609375	-32.37152099609375
6.251	-1.68369873046875	-0.6059399414062501	9.63995361328125	1.0833740234375	-1.01470947265625	-32.958984375
6.262	-1.4226416015625	-0.9412426757812501	9.78844482421875	0.34332275390625	-1.53350830078125	-26.5045166015625
6.274	-1.49209716796875	-1.1064990234375	9.71180419921875	-0.32806396484375	-0.90789794921875	-14.4805908203125
6.285	-0.7232958984375001	-0.20836669921875	9.83155517578125	-0.17547607421875	-2.06756591796875	-11.1083984375
6.295	-0.07424560546875	-0.11017089843750001	9.747729492187501	-0.69427490234375	-3.33404541015625	-3.77655029296875
6.306	-0.050295410156250005	-0.06466552734375	9.69264404296875	-1.3885498046875	-1.220703125	10.44464111328125
6.317	0.4981640625	-0.052690429687500005	9.9249609375	-1.5869140625	-0.87738037109375	24.90997314453125
6.327	-0.40954833984375	-0.5700146484375	9.8483203125	-0.091552734375	-3.59344482421875	37.33062744140625
6.338	-1.41545654296875	-0.63228515625	9.800419921875001	0.64849853515625	-2.6092529296875	41.09954833984375
6.348	-1.2310400390625	-0.3879931640625	9.64474365234375	0.0762939453125	-1.02996826171875	43.23577880859375
6.36	-0.89334228515625	-0.18441650390625	9.78365478515625	-0.57220458984375	0.32806396484375	45.70770263671875
6.37	-0.7831713867187501	-0.06945556640625	9.7716796875	-0.16021728515625	1.4495849609375	46.051025390625
6.38	-0.3113525390625	0.047900390625000004	9.80281494140625	0.79345703125	2.49481201171875	46.2799072265625
6.39	-0.3065625	-0.162861328125	9.814790039062501	1.0223388671875	1.50299072265625	47.3175048828125
6.401	-0.0431103515625	-0.98914306640625	9.5657080078125	1.0223388671875	3.04412841796875	46.79107666015625
6.41	0.00239501953125	-1.33881591796875	9.94412109375	0.7476806640625	2.9449462890625	51.788330078125
6.421	-1.2645703125	-1.1064990234375	9.81239501953125	0.09918212890625	1.8310546875	51.06353759765625
6.431	-1.40587646484375	-0.9915380859375	9.74533447265625	-0.32806396484375	3.387451171875	44.82269287109375
6.443	-2.11480224609375	-1.08015380859375	9.67587890625	0.1220703125	5.04302978515625	32.8826904296875
6.453	-2.59859619140625	-0.661025390625	9.740544433593751	-0.06866455078125	5.24139404296875	20.599365234375
6.463	-1.3076806640625	-0.55564453125	9.8435302734375	0.3509521484375	2.44903564453125	8.575439453125
6.474	-1.11847412109375	-0.31374755859375003	9.57289306640625	1.85394287109375	3.21197509765625	-3.36456298828125
6.484	-0.3784130859375	-0.009580078125	9.81718505859375	0.57220458984375	2.593994140625	-8.1024169921875
6.495	-0.3113525390625	0.3784130859375	9.84592529296875	-0.030517578125	4.0435791015625	-13.67950439453125
6.505	0.6059399414062501	0.38559814453125	9.78365478515625	1.07574462890625	2.31170654296875	-25.39825439453125
6.515	1.1927197265625	-0.086220703125	9.84592529296875	0.98419189453125	0.732421875	-20.5230712890625
6.525	-0.086220703125	0.3496728515625	10.14769775390625	-1.6021728515625	5.950927734375	-21.38519287109375
6.536	0.34248779296875004	0.16525634765625	9.819580078125	-0.48828125	4.302978515625	-20.3094482421875
6.546	0.27542724609375	0.51971923828125	10.106982421875001	0.213623046875	5.5389404296875	-23.3612060546875
6.556	0.50055908203125	0.023950195312500002	9.88424560546875	-0.51116943359375	5.57708740234375	-16.28875732421875
6.565	0.5676196289062501	0.29219238281250004	9.73096435546875	-1.74713134765625	4.61578369140625	-4.85992431640625
6.576	0.42870849609375	0.076640625	9.821975097656251	-2.05230712890625	6.103515625	1.48773193359375
6.586	1.4418017578125	-0.25147705078125	9.86508544921875	0.11444091796875	1.07574462890625	2.32696533203125
6.596	0.613125	-0.71132080078125	9.6519287109375	2.2125244140625	1.9073486328125	4.06646728515625
6.606	1.8824853515625002	-0.18202148437500001	9.8722705078125	0.74005126953125	-1.36566162109375	12.06207275390625
6.617	1.74357421875	-0.22752685546875	9.85550537109375	-0.6256103515625	1.1444091796875	15.3656005859375
6.627	1.7890795898437502	-0.01916015625	9.92256591796875	-0.335693359375	2.49481201171875	25.7568359375
6.637	1.24301513671875	0.19399658203125	9.881850585937501	1.2359619140625	3.94439697265625	23.4375
6.646	0.5316943359375	0.20836669921875	9.71180419921875	0.0457763671875	3.1280517578125	11.83319091796875
6.657	0.1389111328125	0.11735595703125	9.747729492187501	-0.64849853515625	4.05120849609375	5.2642822265625
6.666	0.10298583984375001	-0.01916015625	9.742939453125	-0.4119873046875	3.77655029296875	-2.8533935546875
6.676	1.00830322265625	0.11735595703125	9.90819580078125	0.3204345703125	2.43377685546875	-9.45281982421875
6.686	1.12805419921875	-0.0431103515625	9.881850585937501	-0.5645751953125	0.5645751953125	-8.575439453125
6.696	1.52562744140625	0.1293310546875	9.886640625	-1.15203857421875	-3.173828125	-3.07464599609375
6.708	1.714833984375	0.239501953125	9.819580078125	-0.42724609375	-4.17327880859375	-4.58526611328125
6.718	0.89813232421875	0.239501953125	9.723779296875	-0.1220703125	-5.9967041015625	-4.9896240234375
6.728	0.89813232421875	0.43828857421875	9.69264404296875	0.29754638671875	-6.8359375	-1.46484375
6.737	0.9077124023437501	0.4742138671875	9.58726318359375	0.274658203125	-7.16400146484375	3.8604736328125
6.748	0.31853759765625	0.22273681640625	9.704619140625	-0.22125244140625	-6.55364990234375	9.063720703125
6.758	0.03113525390625	0.18920654296875	9.857900390625	-0.03814697265625	-5.0506591796875	8.21685791015625
6.767	0.0	0.33769775390625	9.716594238281251	-0.08392333984375	-5.01251220703125	4.150390625
6.777	-0.1484912109375	1.3364208984375001	9.568103027343751	-0.16021728515625	-4.7607421875	-5.645751953125
6.788	0.32572265625	0.86939208984375	9.79802490234375	0.274658203125	-3.8299560546875	-16.92962646484375
6.799	1.5184423828125	0.5987548828125	9.86508544921875	0.3204345703125	-1.46484375	-15.54107666015625
6.809	1.7890795898437502	0.7472460937500001	9.8626904296875	-0.37384033203125	-0.83160400390625	-11.199951171875
6.82	2.0381616210937503	0.93166259765625	9.642348632812501	-0.70953369140625	0.6103515625	-10.88714599609375
6.831	2.998564453125	0.737666015625	9.953701171875	-0.4119873046875	0.9307861328125	-12.908935546875
6.841	3.3314721679687502	0.613125	9.98244140625	-0.26702880859375	-0.46539306640625	-14.83154296875
6.852	3.6547998046875003	0.20118164062500002	9.8483203125	-0.2899169921875	-1.6632080078125	-10.30731201171875
6.862	3.879931640625	-0.05748046875	9.867480468750001	-0.34332275390625	-2.38037109375	-7.8582763671875
6.874	3.9901025390625002	-0.19399658203125	9.8483203125	-0.640869140625	-3.5858154296875	-7.7362060546875
6.884	3.3985327148437503	-0.33769775390625	9.90819580078125	-0.335693359375	-2.84576416015625	-6.683349609375
6.895	2.9291088867187502	-0.1676513671875	9.838740234375	-0.4730224609375	-3.18145751953125	-6.44683837890625
6.905	1.81302978515625	-0.18202148437500001	9.5657080078125	-0.5340576171875	-1.46484375	-3.6468505859375
6.915	0.011975097656250001	-0.124541015625	9.819580078125	-0.54931640625	-1.129150390625	0.45013427734375
6.925	-0.028740234375	-0.1580712890625	9.8339501953125	-0.72479248046875	-0.5950927734375	0.46539306640625
6.934	0.07424560546875	-0.11735595703125	9.709409179687501	-0.63323974609375	-0.32806396484375	0.2593994140625
6.944	0.0814306640625	-0.11017089843750001	9.76449462890625	-0.41961669921875	0.8697509765625	0.274658203125
6.953	-0.03113525390625	-0.12693603515625002	9.76449462890625	-0.48828125	1.251220703125	0.23651123046875
6.963	-0.045505371093750004	-0.16046630859375	9.9297509765625	-0.274658203125	1.7242431640625	0.29754638671875
6.973	0.06466552734375	-0.124541015625	9.69264404296875	-0.40435791015625	2.2735595703125	0.1068115234375
6.982	-0.51492919921875	-0.01676513671875	9.941726074218751	-0.64849853515625	2.18963623046875	0.1068115234375
6.991	0.0	-0.08382568359375	9.793234863281251	-0.5340576171875	2.57110595703125	-0.274658203125
7.002	0.07424560546875	-0.1293310546875	9.733359375000001	-0.67138671875	3.5247802734375	-0.823974609375
7.012	0.07903564453125	-0.076640625	9.7285693359375	-0.77056884765625	4.28009033203125	-1.6632080078125
7.022	0.316142578125	-0.045505371093750004	9.60642333984375	-0.2288818359375	5.2947998046875	-3.10516357421875
7.031	0.0047900390625	-0.13651611328125002	9.77407470703125	-0.244140625	4.8828125	-4.49371337890625
7.042	-0.08861572265625	-0.13172607421875002	9.695039062500001	0.732421875	6.103515625	-4.99725341796875
7.052	-0.00718505859375	-0.1580712890625	9.81718505859375	0.86212158203125	6.47735595703125	-4.66156005859375
7.062	0.10059082031250001	-0.13172607421875002	9.8483203125	1.2664794921875	7.32421875	-4.69207763671875
7.072	0.09101074218750001	-0.29219238281250004	9.79802490234375	1.60980224609375	7.5531005859375	-4.3792724609375
7.083	0.19639160156250002	-0.28500732421875	9.8914306640625	3.570556640625	10.55145263671875	-1.33514404296875
7.093	0.25147705078125	-0.12693603515625002	10.0351318359375	7.07244873046875	17.6544189453125	-2.81524658203125
7.104	0.48618896484375	-0.06945556640625	10.2171533203125	10.18524169921875	27.587890625	-8.24737548828125
7.115	0.28740234375	-0.23710693359375	10.26984375	13.14544677734375	38.73443603515625	-9.62066650390625
7.127	-0.162861328125	-0.354462890625	9.96328125	17.6849365234375	37.83416748046875	-11.92474365234375
7.138	-0.7807763671875	-1.3172607421875	11.10570556640625	23.68927001953125	36.94915771484375	-18.53179931640625
7.149	-0.56282958984375	-1.5112573242187501	11.26377685546875	38.299560546875	42.73223876953125	-34.97314453125
7.161	-0.86939208984375	-0.5987548828125	11.572734375000001	47.41668701171875	50.872802734375	-52.39105224609375
7.173	0.4263134765625	-0.7280859375000001	10.674602050781251	77.00347900390625	49.65972900390625	-57.7239990234375
7.184	0.6274951171875001	1.31965576171875	13.819262695312501	101.40228271484375	38.71917724609375	-45.2880859375
7.195	-0.39996826171875	1.80823974609375	15.53649169921875	75.38604736328125	22.54486083984375	-34.8052978515625
7.206	0.36643798828125	1.1903247070312502	15.328125	48.75946044921875	18.95904541015625	-36.41510009765625
7.217	0.6658154296875001	0.7328759765625	14.686259765625001	33.88214111328125	15.869140625	-29.6173095703125
7.228	0.34727783203125	0.43110351562500004	14.57848388671875	18.37921142578125	10.3912353515625	-18.73779296875
7.238	0.58198974609375	0.27063720703125	14.343771972656251	-0.8392333984375	4.486083984375	-4.09698486328125
7.248	0.7472460937500001	0.75922119140625	14.46591796875	-19.83642578125	0.99945068359375	13.46588134765625
7.26	0.5484594726562501	1.1088940429687502	14.171330566406251	-42.93060302734375	-5.157470703125	32.58514404296875
7.271	-0.0814306640625	0.8095166015625	13.266013183593751	-50.39215087890625	-8.93402099609375	39.45159912109375
7.283	-0.6873706054687501	1.101708984375	12.923525390625	-50.8575439453125	-8.6669921875	39.00909423828125
7.294	-0.5700146484375	1.37953125	12.94029052734375	-49.835205078125	-8.60595703125	35.94207763671875
7.306	-1.02267333984375	1.08015380859375	12.427756347656251	-45.06683349609375	-6.41632080078125	28.045654296875
7.317	-1.302890625	1.02267333984375	12.17388427734375	-35.0341796875	-4.61578369140625	16.6778564453125
7.328	-1.8250048828125	1.18553466796875	12.0182080078125	-28.564453125	-5.56182861328125	6.09588623046875
7.34	-0.718505859375	1.7507592773437501	12.478051757812501	-25.238037109375	-13.58795166015625	3.0517578125
7.352	-0.5700146484375	1.4992822265625	12.224179687500001	-20.7061767578125	-20.13397216796875	8.82720947265625
7.363	-1.29091552734375	1.32444580078125	11.86732177734375	-11.26861572265625	-23.8494873046875	5.82122802734375
7.374	-1.3316308593750001	0.91729248046875	11.38352783203125	-5.65338134765625	-25.32196044921875	3.08990478515625
7.386	-1.4609619140625	0.6442602539062501	11.1943212890625	-5.63812255859375	-25.07781982421875	5.3863525390625
7.397	-1.8010546875000002	0.6562353515625	10.825488281250001	-8.270263671875	-27.2216796875	10.162353515625
7.408	-1.83697998046875	1.08494384765625	10.5380859375	-11.7340087890625	-28.900146484375	15.3350830078125
7.42	-1.6645385742187502	1.04662353515625	10.01836669921875	-10.30731201171875	-29.89959716796875	20.48492431640625
7.432	-1.4226416015625	0.65863037109375	9.79802490234375	-7.95745849609375	-26.63421630859375	23.529052734375
7.443	-0.98914306640625	0.18681152343750002	9.723779296875	-6.91986083984375	-16.63970947265625	26.85546875
7.454	-0.43110351562500004	-0.17004638671875	9.673483886718751	-8.90350341796875	-9.91058349609375	32.37152099609375
7.465	-0.35206787109375004	-0.1772314453125	9.6710888671875	-13.885498046875	0.2288818359375	37.87994384765625
7.477	-0.3879931640625	0.48379394531250003	10.90931396484375	-67.11578369140625	-12.18414306640625	77.7740478515625
7.488	-0.7831713867187501	-1.7459692382812502	8.835227050781251	-63.36212158203125	2.54058837890625	78.43017578125
7.499	0.076640625	-0.41433837890625	9.148974609375001	-66.0858154296875	12.4969482421875	90.88134765625
7.511	-1.5376025390625	-0.32572265625	8.729846191406251	-51.65863037109375	19.10400390625	71.6552734375
7.522	-1.6094531250000002	0.16525634765625	8.60051513671875	-24.7955322265625	29.6630859375	23.8037109375
7.533	-0.795146484375	0.1484912109375	9.00287841796875	1.0528564453125	33.2489013671875	-9.2620849609375
7.544	-0.296982421875	-0.01916015625	9.66390380859375	14.5111083984375	31.41021728515625	-20.5230712890625
7.555	0.5508544921875	-0.02155517578125	10.22433837890625	14.09149169921875	23.468017578125	-16.77703857421875
7.565	0.28740234375	0.01676513671875	10.26984375	7.537841796875	12.67242431640625	-10.009765625
7.575	0.47900390625	0.3879931640625	10.339299316406251	3.570556640625	2.06756591796875	-4.26483154296875
7.584	0.258662109375	0.47900390625	10.26265869140625	2.5177001953125	-4.99725341796875	0.25177001953125
7.595	-0.12214599609375	0.6059399414062501	10.2650537109375	0.3814697265625	-11.97052001953125	8.12530517578125
7.606	-0.24908203125	0.33769775390625	9.9010107421875	-9.2926025390625	-14.4195556640625	22.54486083984375
7.618	-1.28133544921875	-0.22273681640625	9.1729248046875	-6.2408447265625	-10.93292236328125	29.71649169921875
7.628	-1.465751953125	-0.15088623046875002	9.05556884765625	-4.119873046875	-4.93621826171875	26.49688720703125
7.64	-1.81781982421875	-0.23710693359375	9.117839355468751	4.0130615234375	2.60162353515625	12.0086669921875
7.651	-1.7890795898437502	-0.21076171875000002	9.194479980468751	12.44354248046875	8.87298583984375	-1.30462646484375
7.662	-1.57831787109375	-0.23710693359375	9.30465087890625	16.02935791015625	12.94708251953125	-3.5247802734375
7.672	-1.676513671875	0.14609619140625002	9.4986474609375	15.9454345703125	14.86968994140625	0.5645751953125
7.683	-1.08973388671875	-0.39038818359375	9.596843261718751	6.9732666015625	12.74871826171875	11.92474365234375
7.694	-1.1520043945312501	0.07903564453125	9.7668896484375	7.5531005859375	13.19122314453125	14.068603515625
7.705	-1.3962963867187501	0.05987548828125	9.742939453125	11.5509033203125	12.2833251953125	9.246826171875
7.715	-1.17595458984375	-0.1484912109375	9.934541015625001	13.641357421875	9.918212890625	5.40924072265625
7.727	-1.09452392578125	-0.29937744140625	10.032736816406251	7.72857666015625	5.859375	7.110595703125
7.737	-0.871787109375	-0.39517822265625	10.061477050781251	1.312255859375	1.6632080078125	11.32965087890625
7.748	-0.88855224609375	-0.32572265625	10.02315673828125	-4.8675537109375	-1.77001953125	14.71710205078125
7.759	-1.1088940429687502	-0.17004638671875	9.73575439453125	-8.12530517578125	-4.11224365234375	19.04296875
7.771	-1.2334350585937501	-0.15088623046875002	9.290280761718751	-6.1492919921875	-4.669189453125	20.1568603515625
7.782	-1.57352783203125	-0.29219238281250004	8.58135498046875	-1.65557861328125	-0.244140625	15.1214599609375
7.792	-1.84656005859375	-0.51013916015625	8.2915576171875	1.67083740234375	3.77655029296875	8.87298583984375
7.803	-1.1160791015625	-0.28261230468750004	8.68673583984375	-0.90789794921875	2.90679931640625	7.53021240234375
7.814	-0.6251000976562501	-0.13412109375	8.88312744140625	-2.0294189453125	0.4425048828125	8.21685791015625
7.824	-0.689765625	-0.0143701171875	8.89749755859375	1.79290771484375	-3.265380859375	4.2266845703125
7.834	-0.2347119140625	0.19878662109375	9.11304931640625	7.40814208984375	-5.95855712890625	1.3885498046875
7.844	-0.2442919921875	0.2347119140625	9.06275390625	12.99285888671875	-7.72857666015625	2.6397705078125
7.856	-0.0143701171875	0.27542724609375	9.08430908203125	18.37921142578125	-9.74273681640625	5.79071044921875
7.866	-0.23710693359375	0.124541015625	8.97413818359375	23.50616455078125	-12.61138916015625	9.3231201171875
7.877	-0.45744873046875	-0.15567626953125	8.87354736328125	26.77154541015625	-16.5863037109375	8.97979736328125
7.888	-0.59156982421875	-0.31374755859375003	8.85917724609375	28.594970703125	-20.69091796875	6.82830810546875
7.9	-1.09931396484375	-0.59635986328125	8.535849609375001	29.97589111328125	-23.162841796875	-1.07574462890625
7.912	-1.06099365234375	-0.795146484375	8.47118408203125	29.4647216796875	-25.62713623046875	-14.33563232421875
7.923	-0.8861572265625001	-0.6945556640625	8.564589843750001	25.16937255859375	-28.778076171875	-23.64349365234375
7.936	-0.5221142578125	-0.53408935546875	8.557404785156251	20.2178955078125	-31.95953369140625	-24.89471435546875
7.947	-0.70892578125	-0.4263134765625	8.356223144531251	16.88385009765625	-34.38568115234375	-24.87945556640625
7.958	-0.6658154296875001	-0.4358935546875	8.363408203125001	12.2528076171875	-36.5753173828125	-24.72686767578125
7.97	-0.5652246093750001	-0.3879931640625	7.9849951171875	8.44573974609375	-38.42926025390625	-24.261474609375
7.981	-0.5484594726562501	-0.18920654296875	7.58502685546875	7.07244873046875	-36.78131103515625	-24.4598388671875
7.992	-0.63468017578125	0.00239501953125	7.4485107421875005	6.561279296875	-35.400390625	-23.36883544921875
8.003	-0.61072998046875	-0.19639160156250002	7.350314941406251	7.4615478515625	-32.8216552734375	-24.20806884765625
8.014	-0.42870849609375	-0.143701171875	7.383845214843751	8.30841064453125	-28.67889404296875	-25.04730224609375
8.026	-0.51971923828125	-0.26584716796875	7.230563964843751	8.209228515625	-23.93341064453125	-26.7486572265625
8.037	-0.41433837890625	-0.3592529296875	7.271279296875	6.95037841796875	-17.6849365234375	-28.2745361328125
8.048	-0.14130615234375002	-0.19878662109375	7.34552490234375	3.27301025390625	-14.09912109375	-27.83966064453125
8.059	0.15088623046875002	0.15328125	7.343129882812501	2.6092529296875	-10.19287109375	-23.35357666015625
8.07	0.39517822265625	0.31853759765625	7.3910302734375	3.0975341796875	-8.15582275390625	-17.26531982421875
8.08	0.49337402343750003	0.16046630859375	7.37905517578125	5.584716796875	-6.17218017578125	-13.916015625
8.09	0.4167333984375	0.00718505859375	7.256909179687501	7.20977783203125	-2.09808349609375	-13.29803466796875
8.101	0.0718505859375	-0.13412109375	7.0892578125000005	7.659912109375	1.5716552734375	-16.510009765625
8.112	-0.16046630859375	-0.28500732421875	7.08686279296875	6.195068359375	5.401611328125	-21.66748046875
8.122	0.143701171875	-0.34248779296875004	7.347919921875	2.44140625	11.25335693359375	-27.7862548828125
8.133	0.0718505859375	-0.16525634765625	7.44611572265625	-2.20489501953125	13.8092041015625	-30.75408935546875
8.143	0.49337402343750003	0.047900390625000004	7.6209521484375005	-7.3089599609375	15.93780517578125	-32.53936767578125
8.155	0.45744873046875	0.3209326171875	7.6975927734375	-10.1165771484375	16.5863037109375	-32.04345703125
8.165	0.47181884765625004	0.24189697265625001	7.85805908203125	-12.2222900390625	15.93017578125	-32.40203857421875
8.176	0.49097900390625004	0.41912841796875	8.00176025390625	-13.55743408203125	15.96832275390625	-31.4788818359375
8.187	0.5316943359375	0.4550537109375	8.286767578125	-15.106201171875	13.77105712890625	-27.85491943359375
8.198	0.5843847656250001	0.43110351562500004	8.2771875	-14.5721435546875	13.51165771484375	-23.42987060546875
8.209	0.316142578125	0.41433837890625	8.4544189453125	-12.7410888671875	13.16070556640625	-19.83642578125
8.22	0.28021728515625	0.15567626953125	8.504714355468751	-10.6201171875	12.51220703125	-17.75360107421875
8.23	0.45265869140625004	0.052690429687500005	8.6987109375	-7.0953369140625	14.70947265625	-15.93017578125
8.241	0.16046630859375	0.0431103515625	8.66757568359375	-3.54766845703125	19.29473876953125	-14.35089111328125
8.251	0.01676513671875	0.18441650390625	8.6987109375	-2.12860107421875	19.18792724609375	-14.2364501953125
8.261	0.076640625	0.21555175781250002	8.966953125	-0.1220703125	19.72198486328125	-14.47296142578125
8.272	0.1293310546875	0.31853759765625	9.081914062500001	2.47955322265625	18.47076416015625	-15.72418212890625
8.283	0.32332763671875003	0.17483642578125	9.359736328125	6.15692138671875	16.7388916015625	-15.2435302734375
8.293	0.36404296875000003	0.1484912109375	9.50583251953125	7.8125	13.7939453125	-14.1143798828125
8.304	0.39996826171875	0.13651611328125002	9.5178076171875	8.0108642578125	9.40704345703125	-12.63427734375
8.313	0.36164794921875004	0.09819580078125001	9.54894287109375	6.98089599609375	4.8675537109375	-11.03973388671875
8.324	0.41194335937500004	0.0	9.61600341796875	6.0577392578125	2.4566650390625	-9.674072265625
8.334	0.13412109375	0.22513183593750002	9.33818115234375	4.2266845703125	1.4801025390625	-8.1787109375
8.344	0.1293310546875	0.61072998046875	8.916657714843751	3.79180908203125	-0.20599365234375	-4.81414794921875
8.354	0.17962646484375	0.7640112304687501	8.79451171875	5.3558349609375	-0.42724609375	-1.02996826171875
8.364	0.0622705078125	0.9196875	8.53345458984375	10.26153564453125	1.79290771484375	1.91497802734375
8.375	-0.19160156250000002	0.6753955078125	8.602910156250001	15.167236328125	5.22613525390625	3.04412841796875
8.385	-0.3448828125	0.28500732421875	8.70110595703125	18.42498779296875	8.65936279296875	3.9825439453125
8.395	-0.48139892578125004	0.12214599609375	8.88312744140625	18.42498779296875	11.0015869140625	2.52532958984375
8.406	-0.335302734375	-0.20118164062500002	8.98850830078125	15.48004150390625	11.48223876953125	-0.6103515625
8.417	-0.1389111328125	-0.18202148437500001	9.34776123046875	10.78033447265625	11.94000244140625	-3.143310546875
8.427	-0.20836669921875	0.052690429687500005	9.43877197265625	5.48553466796875	10.64300537109375	-4.364013671875
8.437	-0.296982421875	0.25147705078125	9.608818359375	1.312255859375	8.64410400390625	-3.7384033203125
8.448	-0.3448828125	0.28979736328125	9.77886474609375	-2.99072265625	7.86590576171875	-3.82232666015625
8.459	-0.55564453125	0.335302734375	9.723779296875	-6.0272216796875	8.7432861328125	-3.33404541015625
8.47	-0.91250244140625	0.38559814453125	9.67587890625	-7.5836181640625	9.765625	-2.716064453125
8.48	-0.8765771484375	0.4742138671875	9.9776513671875	-8.270263671875	10.1470947265625	-1.48773193359375
8.492	-1.1639794921875	0.51732421875	9.85550537109375	-8.270263671875	10.1470947265625	-0.2288818359375
8.503	-1.1256591796875	0.57719970703125	9.96328125	-7.8277587890625	10.6201171875	-0.51116943359375
8.513	-1.22625	0.59635986328125	10.047106933593751	-7.080078125	11.0626220703125	-2.26593017578125
8.524	-1.16637451171875	0.6035449218750001	10.039921875000001	-5.340576171875	12.1002197265625	-3.7994384765625
8.536	-1.1927197265625	0.7664062500000001	10.248288574218751	-2.8076171875	12.8936767578125	-4.3182373046875
8.547	-0.93166259765625	0.69216064453125	10.3800146484375	-0.732421875	11.81793212890625	-4.150390625
8.558	-0.88855224609375	0.6658154296875001	10.40156982421875	-0.4730224609375	9.2315673828125	-2.1514892578125
8.567	-0.85502197265625	0.7328759765625	10.43989013671875	-0.60272216796875	6.62994384765625	0.05340576171875
8.578	-0.6562353515625	0.7711962890625	10.480605468750001	-0.03814697265625	3.326416015625	2.3651123046875
8.588	-0.74964111328125	0.63468017578125	10.353669433593751	0.34332275390625	0.67901611328125	2.81524658203125
8.598	-0.67300048828125	0.613125	10.44468017578125	0.9307861328125	-1.1444091796875	1.0223388671875
8.609	-0.79754150390625	0.69216064453125	10.26265869140625	1.47247314453125	-2.8228759765625	1.7242431640625
8.62	-1.149609375	0.59156982421875	10.11895751953125	2.76947021484375	-3.05938720703125	1.97601318359375
8.63	-1.1927197265625	0.51971923828125	9.98244140625	3.31878662109375	-2.4871826171875	1.39617919921875
8.64	-1.16637451171875	0.5053491210937501	9.96328125	3.9215087890625	-3.24249267578125	1.22833251953125
8.65	-1.1951147460937501	0.32332763671875003	9.8052099609375	4.76837158203125	-1.9378662109375	-0.3509521484375
8.66	-1.19990478515625	0.28021728515625	9.69264404296875	3.28826904296875	0.1220703125	-2.03704833984375
8.671	-1.17595458984375	0.22273681640625	9.70701416015625	-0.17547607421875	0.5035400390625	-3.4637451171875
8.681	-0.9029223632812501	0.229921875	9.75012451171875	-3.7384033203125	0.5035400390625	-5.18035888671875
8.692	-0.6753955078125	0.5652246093750001	9.896220703125001	-6.0272216796875	-0.6866455078125	-5.0201416015625
8.702	-0.42391845703125003	0.756826171875	9.81718505859375	-6.6070556640625	-3.0517578125	-2.4566650390625
8.714	-0.49576904296875	0.70174072265625	9.769284667968751	-5.5694580078125	-4.34112548828125	1.94549560546875
8.724	-0.775986328125	0.63228515625	9.57768310546875	-4.87518310546875	-3.37982177734375	3.5400390625
8.735	-0.8214916992187501	0.5652246093750001	9.42919189453125	-3.7078857421875	-2.12860107421875	2.08282470703125
8.745	-0.73527099609375	0.48379394531250003	9.378896484375	-2.63214111328125	-1.6021728515625	-0.79345703125
8.757	-0.63468017578125	0.47181884765625004	9.41482177734375	-1.2664794921875	-0.8544921875	-2.3651123046875
8.768	-0.6658154296875001	0.51492919921875	9.477092285156251	-0.46539306640625	-1.19781494140625	-2.86865234375
8.778	-0.30177246093750004	0.4454736328125	9.680668945312501	-0.3814697265625	-0.78582763671875	-1.01470947265625
8.788	-0.38559814453125	0.50055908203125	9.7285693359375	-2.01416015625	-1.76239013671875	0.91552734375
8.799	-0.47660888671875	0.488583984375	9.71419921875	-2.78472900390625	-1.4495849609375	2.08282470703125
8.809	-0.59635986328125	0.56282958984375	9.477092285156251	-2.29644775390625	-1.0986328125	3.997802734375
8.819	-0.7328759765625	0.34248779296875004	9.493857421875001	-2.0751953125	-0.3814697265625	4.8065185546875
8.829	-0.622705078125	0.33290771484375004	9.410031738281251	-2.38037109375	0.091552734375	5.706787109375
8.84	-0.67779052734375	0.28740234375	9.52499267578125	-4.43267822265625	0.93841552734375	6.12640380859375
8.851	-0.62031005859375	0.22273681640625	9.4651171875	-6.32476806640625	0.96893310546875	4.69970703125
8.861	-0.70174072265625	0.32332763671875003	9.54894287109375	-8.03375244140625	0.91552734375	2.18963623046875
8.872	-0.689765625	0.296982421875	9.5657080078125	-8.941650390625	2.01416015625	-0.8087158203125
8.883	-0.5843847656250001	0.44786865234375	9.8052099609375	-10.80322265625	1.64031982421875	-0.92315673828125
8.893	-0.71132080078125	0.62031005859375	9.7668896484375	-11.83319091796875	0.19073486328125	1.6937255859375
