Time	ax	ay	az	gx	gy	gz
0.015	-0.26584716796875	-0.30895751953125	9.74533447265625	-0.80108642578125	-2.25067138671875	0.83160400390625
0.024	-0.067060546875	-0.1580712890625	9.61600341796875	-0.41961669921875	-2.06756591796875	0.6256103515625
0.034	-0.18202148437500001	-0.08382568359375	9.78365478515625	-0.152587890625	-2.02178955078125	0.63323974609375
0.044	-0.05987548828125	-0.11256591796875001	9.65911376953125	0.08392333984375	-1.8463134765625	0.45013427734375
0.053	-0.01916015625	0.0	9.620793457031251	-1.6021728515625	2.69317626953125	-0.20599365234375
0.061	0.488583984375	-0.14130615234375002	9.5657080078125	-0.4730224609375	1.27410888671875	0.23651123046875
0.07	-0.15567626953125	-0.05987548828125	9.687854003906251	-0.4119873046875	0.20599365234375	0.06103515625
0.079	-0.1149609375	-0.10298583984375001	9.836345214843751	-0.63323974609375	0.457763671875	0.06103515625
0.089	-0.1484912109375	-0.09580078125000001	9.687854003906251	-0.57220458984375	-0.09918212890625	0.31280517578125
0.098	-0.0718505859375	-0.14609619140625002	9.75970458984375	-0.701904296875	-0.762939453125	0.38909912109375
0.108	-0.047900390625000004	-0.11017089843750001	9.81	-1.007080078125	-1.25885009765625	0.152587890625
0.117	-0.047900390625000004	-0.03113525390625	9.70701416015625	-0.58746337890625	-1.617431640625	0.30517578125
0.126	-0.0431103515625	-0.055085449218750006	9.819580078125	-0.84686279296875	-1.64031982421875	0.2899169921875
0.137	-0.05748046875	-0.0622705078125	9.6327685546875	-1.03759765625	-1.7547607421875	0.34332275390625
0.147	-0.047900390625000004	-0.086220703125	9.73096435546875	-1.01470947265625	-1.65557861328125	-0.05340576171875
0.156	-0.10538085937500001	-0.15328125	9.73575439453125	-0.77056884765625	-1.3885498046875	0.0
0.166	-0.07903564453125	-0.06466552734375	9.627978515625001	-0.7476806640625	-1.0986328125	0.1678466796875
0.176	-0.09580078125000001	-0.10298583984375001	9.702224121093751	-0.396728515625	-0.4425048828125	0.16021728515625
0.185	-0.050295410156250005	-0.050295410156250005	9.754914550781251	-0.26702880859375	-0.3662109375	0.030517578125
0.194	0.009580078125	-0.08861572265625	9.72138427734375	-0.40435791015625	-0.31280517578125	0.14495849609375
0.203	0.009580078125	-0.086220703125	9.71180419921875	-0.18310546875	0.08392333984375	0.08392333984375
0.211	0.00718505859375	-0.12214599609375	9.7381494140625	-0.52642822265625	-0.26702880859375	-0.0457763671875
0.222	-0.11735595703125	-0.11735595703125	9.62558349609375	-0.54168701171875	-1.190185546875	0.31280517578125
0.231	-0.052690429687500005	-0.16046630859375	9.69743408203125	-0.30517578125	0.38909912109375	0.05340576171875
0.239	-0.1772314453125	0.0	9.75970458984375	0.03814697265625	0.0152587890625	0.12969970703125
0.247	-0.045505371093750004	-0.12214599609375	9.6615087890625	0.152587890625	-0.518798828125	0.1678466796875
0.257	-0.28740234375	-0.1197509765625	9.94651611328125	-0.0457763671875	-3.36456298828125	0.03814697265625
0.267	0.6945556640625	0.08861572265625	10.255473632812501	-2.14385986328125	-2.08282470703125	0.335693359375
0.276	0.5221142578125	0.0814306640625	10.43031005859375	-0.23651123046875	-1.0986328125	0.31280517578125
0.285	-0.641865234375	-0.06466552734375	9.98483642578125	0.0152587890625	-1.0223388671875	0.4119873046875
0.294	-0.050295410156250005	-0.09340576171875001	9.78365478515625	-0.06866455078125	-0.84686279296875	0.17547607421875
0.305	-0.03113525390625	-0.0622705078125	9.7716796875	-0.48065185546875	-0.84686279296875	0.11444091796875
0.314	-0.0383203125	-0.09819580078125001	9.709409179687501	0.18310546875	-0.23651123046875	0.17547607421875
0.323	-0.11256591796875001	-0.01676513671875	9.7381494140625	-0.00762939453125	-1.68609619140625	0.22125244140625
0.333	-0.0622705078125	-0.10059082031250001	9.687854003906251	-0.1678466796875	-0.89263916015625	0.42724609375
0.343	0.06466552734375	-0.124541015625	9.642348632812501	-0.22125244140625	-1.04522705078125	0.37384033203125
0.353	0.12214599609375	-0.09580078125000001	9.71419921875	-0.091552734375	-0.9613037109375	-0.11444091796875
0.362	0.75922119140625	-0.10059082031250001	9.359736328125	0.3204345703125	-0.5035400390625	0.49591064453125
0.371	0.009580078125	-0.047900390625000004	9.83155517578125	0.11444091796875	-2.23541259765625	0.26702880859375
0.379	0.0047900390625	-0.10777587890625001	9.740544433593751	-0.67138671875	-2.044677734375	0.34332275390625
0.39	-0.03113525390625	-0.0814306640625	9.74533447265625	-0.63323974609375	-1.44195556640625	0.16021728515625
0.399	0.05987548828125	-0.11256591796875001	9.608818359375	-0.244140625	0.030517578125	0.26702880859375
0.407	0.13172607421875002	-0.07903564453125	9.687854003906251	-0.19073486328125	-0.3814697265625	0.18310546875
0.417	0.009580078125	-0.09580078125000001	9.754914550781251	-0.579833984375	-1.15203857421875	0.1983642578125
0.427	0.1676513671875	-0.124541015625	9.608818359375	-0.16021728515625	-1.4495849609375	0.49591064453125
0.436	0.07424560546875	-0.09819580078125001	9.65911376953125	-0.3509521484375	-1.71661376953125	0.3509521484375
0.446	0.011975097656250001	-0.10538085937500001	9.7573095703125	-0.2899169921875	-1.434326171875	0.14495849609375
0.455	0.06466552734375	-0.08861572265625	9.687854003906251	0.11444091796875	-1.068115234375	0.40435791015625
0.464	0.09340576171875001	-0.09101074218750001	9.68306396484375	0.16021728515625	-0.823974609375	0.6256103515625
0.474	0.10059082031250001	-0.10059082031250001	9.67587890625	0.0	0.9765625	0.38909912109375
0.482	0.0814306640625	-0.1293310546875	9.702224121093751	0.1068115234375	0.48065185546875	0.18310546875
0.491	0.14130615234375002	-0.13412109375	9.6710888671875	0.274658203125	-0.00762939453125	0.61798095703125
0.5	-0.052690429687500005	-0.0622705078125	9.74533447265625	0.25177001953125	-1.70135498046875	0.5340576171875
0.509	-0.009580078125	-0.12693603515625002	9.575288085937501	0.25177001953125	-0.60272216796875	0.5340576171875
0.519	-0.0383203125	-0.10298583984375001	9.666298828125	0.63323974609375	-0.0762939453125	0.1983642578125
0.527	-0.03113525390625	-0.06945556640625	9.73096435546875	0.30517578125	0.457763671875	0.34332275390625
0.536	0.09340576171875001	-0.0335302734375	9.807604980468751	-0.52642822265625	-1.25885009765625	0.51116943359375
0.546	-0.10538085937500001	-0.07424560546875	9.7860498046875	0.12969970703125	-0.30517578125	0.4119873046875
0.555	0.0143701171875	-0.0718505859375	9.63755859375	-0.02288818359375	-1.2664794921875	0.518798828125
0.565	0.076640625	-0.06466552734375	9.695039062500001	-0.28228759765625	-0.84686279296875	0.46539306640625
0.574	-0.050295410156250005	-0.11256591796875001	9.63037353515625	-0.63323974609375	0.3204345703125	0.38909912109375
0.583	-0.0718505859375	-0.17004638671875	9.608818359375	-0.05340576171875	0.79345703125	0.396728515625
0.592	-0.1197509765625	-0.07903564453125	9.740544433593751	-0.54168701171875	2.62451171875	0.2593994140625
0.602	-0.04071533203125	-0.055085449218750006	9.7381494140625	-0.06866455078125	0.72479248046875	0.31280517578125
0.611	-0.38080810546875005	-0.1389111328125	9.79802490234375	0.0762939453125	1.129150390625	0.42724609375
0.62	0.10777587890625001	-0.08861572265625	9.65911376953125	-0.02288818359375	2.23541259765625	0.35858154296875
0.629	0.14609619140625002	-0.10538085937500001	9.829160156250001	0.1068115234375	3.6773681640625	0.60272216796875
0.637	-0.045505371093750004	-0.11017089843750001	9.79802490234375	0.2288818359375	2.05230712890625	0.49591064453125
0.647	0.0047900390625	-0.17244140625	9.570498046875	0.396728515625	1.86920166015625	1.0833740234375
0.656	-0.06945556640625	-0.1389111328125	9.79083984375	0.1678466796875	-0.55694580078125	4.150390625
0.666	-0.05987548828125	-0.0431103515625	9.73575439453125	-0.17547607421875	-0.9613037109375	5.1727294921875
0.675	-0.023950195312500002	0.01916015625	9.67587890625	-0.396728515625	-0.5645751953125	4.180908203125
0.685	0.0143701171875	0.00718505859375	9.733359375000001	-0.31280517578125	-0.77056884765625	2.00653076171875
0.694	0.07903564453125	-0.0814306640625	9.78844482421875	-0.5035400390625	0.244140625	0.6256103515625
0.703	-0.12214599609375	-0.143701171875	9.410031738281251	-0.5340576171875	4.73785400390625	0.2593994140625
0.712	0.0335302734375	-0.12693603515625002	9.853110351562501	-0.78582763671875	0.00762939453125	0.25177001953125
0.721	0.07903564453125	-0.17962646484375	9.6902490234375	-0.2288818359375	0.579833984375	0.335693359375
0.731	0.055085449218750006	-0.09101074218750001	9.66869384765625	-0.08392333984375	0.12969970703125	0.31280517578125
0.739	-0.028740234375	-0.07903564453125	9.723779296875	-0.25177001953125	0.1068115234375	0.3509521484375
0.749	-0.1484912109375	-0.1293310546875	9.73575439453125	-0.2899169921875	-0.31280517578125	0.3662109375
0.757	0.023950195312500002	-0.09101074218750001	9.6615087890625	-0.16021728515625	-0.25177001953125	0.35858154296875
0.768	-0.009580078125	-0.06466552734375	9.702224121093751	-0.18310546875	-0.4119873046875	0.244140625
0.777	-0.055085449218750006	-0.0814306640625	9.75012451171875	-0.1373291015625	-0.54168701171875	0.19073486328125
0.786	0.0143701171875	-0.067060546875	9.596843261718751	-0.40435791015625	-0.80108642578125	0.18310546875
0.796	-0.0718505859375	-0.10059082031250001	9.71419921875	-0.396728515625	-0.93841552734375	0.32806396484375
0.805	-0.026345214843750003	-0.076640625	9.740544433593751	-0.2899169921875	-0.640869140625	0.52642822265625
0.815	-0.023950195312500002	-0.11017089843750001	9.68306396484375	-0.16021728515625	-0.87738037109375	0.32806396484375
0.824	-0.07424560546875	-0.0622705078125	9.67827392578125	-0.17547607421875	-0.08392333984375	0.38909912109375
0.834	-0.08861572265625	-0.11735595703125	9.754914550781251	-0.274658203125	-0.28228759765625	0.0152587890625
0.843	-0.076640625	-0.0814306640625	9.73096435546875	-0.20599365234375	-0.6256103515625	0.34332275390625
0.852	-0.08382568359375	-0.045505371093750004	9.72617431640625	-0.43487548828125	-0.70953369140625	0.4425048828125
0.863	-0.07424560546875	-0.1484912109375	9.78844482421875	-0.55694580078125	-1.02996826171875	0.38909912109375
0.872	0.009580078125	-0.05987548828125	9.754914550781251	-0.51116943359375	-1.4190673828125	0.274658203125
0.882	-0.07903564453125	-0.07903564453125	9.747729492187501	-0.63323974609375	-1.41143798828125	0.19073486328125
0.891	0.0335302734375	-0.10059082031250001	9.709409179687501	-0.41961669921875	-1.16729736328125	0.48828125
0.901	0.011975097656250001	-0.12693603515625002	9.695039062500001	-0.457763671875	-0.98419189453125	0.17547607421875
0.91	-0.0335302734375	-0.086220703125	9.68306396484375	-0.3814697265625	-1.0833740234375	0.32806396484375
0.92	-0.0383203125	-0.10298583984375001	9.6998291015625	-0.3204345703125	-1.16729736328125	0.4119873046875
0.929	-0.0814306640625	-0.11735595703125	9.807604980468751	-0.58746337890625	-1.04522705078125	0.3814697265625
0.94	-0.01676513671875	-0.06466552734375	9.67827392578125	-0.152587890625	-0.823974609375	0.3662109375
0.948	0.0335302734375	-0.13651611328125002	9.7189892578125	-0.09918212890625	-0.03814697265625	0.48065185546875
0.957	-0.05748046875	-0.086220703125	9.73096435546875	0.00762939453125	0.4730224609375	0.23651123046875
0.966	-0.0622705078125	-0.06945556640625	9.7189892578125	0.23651123046875	0.74005126953125	0.244140625
0.974	0.0143701171875	-0.086220703125	9.666298828125	0.16021728515625	0.54168701171875	0.2593994140625
0.984	0.0143701171875	-0.07424560546875	9.687854003906251	0.06103515625	0.2593994140625	0.29754638671875
0.992	0.07424560546875	-0.10298583984375001	9.723779296875	-0.244140625	0.11444091796875	0.48828125
1.001	-0.01676513671875	-0.11017089843750001	9.71180419921875	-0.14495849609375	-0.3509521484375	0.3662109375
1.01	-0.045505371093750004	-0.086220703125	9.70701416015625	-0.0457763671875	-0.37384033203125	0.22125244140625
1.02	-0.03113525390625	-0.124541015625	9.7285693359375	-0.1678466796875	-0.49591064453125	0.43487548828125
1.03	-0.009580078125	-0.10298583984375001	9.781259765625	-0.20599365234375	-0.17547607421875	0.3509521484375
1.039	-0.0335302734375	-0.12693603515625002	9.75251953125	-0.2593994140625	-0.06103515625	0.2899169921875
1.049	-0.028740234375	-0.0814306640625	9.747729492187501	-0.12969970703125	-0.0762939453125	0.3509521484375
1.058	0.05748046875	-0.0718505859375	9.776469726562501	0.03814697265625	0.40435791015625	0.28228759765625
1.067	-0.045505371093750004	-0.0814306640625	9.71180419921875	-0.08392333984375	0.4425048828125	0.41961669921875
1.076	-0.0143701171875	-0.10059082031250001	9.75012451171875	0.0	0.5645751953125	0.31280517578125
1.085	-0.045505371093750004	-0.086220703125	9.754914550781251	-0.20599365234375	0.6103515625	0.2593994140625
1.094	-0.009580078125	-0.10538085937500001	9.74533447265625	-0.00762939453125	0.4119873046875	0.19073486328125
1.103	0.023950195312500002	-0.09580078125000001	9.69743408203125	-0.06103515625	0.69427490234375	0.274658203125
1.112	-0.03113525390625	-0.124541015625	9.71419921875	0.02288818359375	0.51116943359375	0.335693359375
1.121	-0.0335302734375	-0.11256591796875001	9.71419921875	-0.152587890625	0.66375732421875	0.5340576171875
1.13	-0.0047900390625	-0.08861572265625	9.685458984375	-0.09918212890625	0.5340576171875	0.32806396484375
1.139	-0.028740234375	-0.10777587890625001	9.63755859375	0.0762939453125	0.58746337890625	0.40435791015625
1.148	-0.086220703125	-0.10777587890625001	9.72138427734375	-0.091552734375	0.2899169921875	0.43487548828125
1.158	-0.050295410156250005	-0.10059082031250001	9.709409179687501	-0.22125244140625	-0.030517578125	0.1983642578125
1.168	-0.050295410156250005	-0.10059082031250001	9.7189892578125	-0.29754638671875	-0.152587890625	0.244140625
1.178	-0.0622705078125	-0.11735595703125	9.747729492187501	-0.152587890625	-0.28228759765625	0.274658203125
1.187	-0.03113525390625	-0.12214599609375	9.7189892578125	-0.274658203125	-0.08392333984375	0.30517578125
1.197	-0.00718505859375	-0.06945556640625	9.67587890625	-0.3509521484375	-0.23651123046875	0.2593994140625
1.207	-0.03113525390625	-0.09101074218750001	9.733359375000001	-0.09918212890625	-0.23651123046875	0.3204345703125
1.216	-0.047900390625000004	-0.10059082031250001	9.72617431640625	-0.1373291015625	-0.32806396484375	0.335693359375
1.225	-0.01916015625	-0.076640625	9.716594238281251	-0.12969970703125	-0.28228759765625	0.396728515625
1.235	-0.028740234375	-0.07903564453125	9.7956298828125	-0.05340576171875	-0.38909912109375	0.40435791015625
1.245	-0.04071533203125	-0.076640625	9.716594238281251	-0.17547607421875	-0.54931640625	0.46539306640625
1.254	-0.05987548828125	-0.045505371093750004	9.59205322265625	-0.20599365234375	-0.54931640625	0.274658203125
1.264	-0.0718505859375	-0.07903564453125	9.67587890625	-0.12969970703125	-0.4119873046875	0.3814697265625
1.273	0.009580078125	-0.07424560546875	9.695039062500001	0.030517578125	0.1373291015625	0.40435791015625
1.283	-0.023950195312500002	-0.11735595703125	9.70701416015625	0.030517578125	-0.22125244140625	0.29754638671875
1.291	0.01916015625	-0.11017089843750001	9.74533447265625	-0.0152587890625	-0.091552734375	0.38909912109375
1.3	0.023950195312500002	-0.12214599609375	9.72617431640625	0.1220703125	-0.0152587890625	0.32806396484375
1.309	-0.00239501953125	-0.0814306640625	9.75970458984375	-0.09918212890625	-0.14495849609375	0.49591064453125
1.318	-0.01916015625	-0.09101074218750001	9.73575439453125	0.0	-0.152587890625	0.34332275390625
1.328	-0.009580078125	-0.076640625	9.6710888671875	0.0152587890625	-0.19073486328125	0.34332275390625
1.337	0.0383203125	-0.0718505859375	9.716594238281251	-0.11444091796875	-0.41961669921875	0.41961669921875
1.346	-0.0143701171875	-0.028740234375	9.74533447265625	-0.06103515625	-0.45013427734375	0.25177001953125
1.355	-0.055085449218750006	-0.04071533203125	9.69264404296875	-0.091552734375	-0.244140625	0.30517578125
1.364	-0.0383203125	-0.08382568359375	9.776469726562501	0.09918212890625	-0.244140625	0.54168701171875
1.374	0.0	-0.0814306640625	9.70701416015625	-0.1983642578125	-0.17547607421875	0.17547607421875
1.383	0.0335302734375	-0.14130615234375002	9.754914550781251	-0.1678466796875	-0.03814697265625	0.30517578125
1.392	-0.1197509765625	-0.12214599609375	9.742939453125	-0.2899169921875	-0.05340576171875	0.28228759765625
1.401	-0.052690429687500005	-0.067060546875	9.740544433593751	-0.06866455078125	-0.2899169921875	0.4730224609375
1.411	0.03592529296875	-0.047900390625000004	9.72617431640625	-0.06866455078125	-0.17547607421875	0.41961669921875
1.42	-0.023950195312500002	-0.07424560546875	9.642348632812501	-0.12969970703125	-0.1678466796875	0.2593994140625
1.429	-0.009580078125	-0.10538085937500001	9.673483886718751	0.00762939453125	-0.09918212890625	0.42724609375
1.438	0.02155517578125	-0.11017089843750001	9.73096435546875	-0.00762939453125	0.06866455078125	0.25177001953125
1.447	0.01916015625	-0.086220703125	9.742939453125	-0.091552734375	0.03814697265625	0.34332275390625
1.456	0.026345214843750003	-0.10538085937500001	9.7381494140625	-0.02288818359375	-0.213623046875	0.396728515625
1.466	-0.055085449218750006	-0.10777587890625001	9.76449462890625	-0.16021728515625	-0.4730224609375	0.37384033203125
1.475	-0.028740234375	-0.03113525390625	9.6710888671875	-0.396728515625	-0.18310546875	0.31280517578125
1.484	-0.03592529296875	-0.06466552734375	9.74533447265625	-0.38909912109375	-0.49591064453125	0.29754638671875
1.494	0.028740234375	-0.08382568359375	9.747729492187501	-0.25177001953125	-0.0152587890625	0.37384033203125
1.503	0.026345214843750003	-0.124541015625	9.63995361328125	-0.29754638671875	-0.00762939453125	0.4425048828125
1.513	-0.06466552734375	-0.067060546875	9.762099609375001	-0.25177001953125	-0.40435791015625	0.32806396484375
1.522	-0.02155517578125	-0.10059082031250001	9.6998291015625	-0.0152587890625	-0.03814697265625	0.3204345703125
1.531	-0.01676513671875	-0.07424560546875	9.7716796875	-0.152587890625	-0.19073486328125	0.3814697265625
1.541	0.0143701171875	-0.12693603515625002	9.65911376953125	-0.0152587890625	-0.16021728515625	0.3509521484375
1.55	-0.02155517578125	-0.0814306640625	9.75251953125	0.00762939453125	-0.1678466796875	0.4730224609375
1.559	-0.02155517578125	-0.05987548828125	9.723779296875	-0.18310546875	0.091552734375	0.31280517578125
1.568	-0.00239501953125	-0.07903564453125	9.7381494140625	-0.06866455078125	0.06103515625	0.40435791015625
1.577	-0.06466552734375	-0.14609619140625002	9.6902490234375	-0.23651123046875	-0.20599365234375	0.42724609375
1.587	0.0	-0.0814306640625	9.6998291015625	-0.26702880859375	-0.23651123046875	0.274658203125
1.596	-0.0143701171875	-0.09580078125000001	9.7716796875	-0.244140625	-0.20599365234375	0.35858154296875
1.606	-0.0622705078125	-0.0718505859375	9.793234863281251	-0.22125244140625	-0.274658203125	0.1373291015625
1.615	-0.0383203125	-0.04071533203125	9.702224121093751	-0.1983642578125	-0.06103515625	0.4425048828125
1.625	0.009580078125	-0.076640625	9.67827392578125	-0.18310546875	0.0457763671875	0.48065185546875
1.633	0.00239501953125	-0.0814306640625	9.7285693359375	-0.35858154296875	0.02288818359375	0.46539306640625
1.642	-0.050295410156250005	-0.13412109375	9.72138427734375	-0.40435791015625	0.0152587890625	0.40435791015625
1.651	0.0	-0.15567626953125	9.75970458984375	-0.274658203125	0.1068115234375	0.32806396484375
1.659	0.009580078125	-0.11735595703125	9.723779296875	-0.25177001953125	-0.3509521484375	0.41961669921875
1.669	0.0143701171875	-0.0814306640625	9.66390380859375	-0.3662109375	-0.1220703125	0.34332275390625
1.678	0.01916015625	-0.06466552734375	9.754914550781251	-0.244140625	0.37384033203125	0.3662109375
1.687	0.050295410156250005	-0.09101074218750001	9.754914550781251	-0.11444091796875	0.030517578125	0.457763671875
1.696	0.05987548828125	-0.01676513671875	9.762099609375001	-0.2899169921875	0.17547607421875	0.37384033203125
1.705	0.086220703125	-0.07424560546875	9.70701416015625	-0.1373291015625	0.213623046875	0.2899169921875
1.715	-0.009580078125	-0.11256591796875001	9.68306396484375	-0.30517578125	0.75531005859375	0.43487548828125
1.724	-0.00239501953125	-0.067060546875	9.6615087890625	-0.32806396484375	0.396728515625	0.396728515625
1.733	-0.076640625	-0.09580078125000001	9.6902490234375	-0.457763671875	0.16021728515625	0.06103515625
1.742	-0.011975097656250001	-0.13412109375	9.709409179687501	-0.396728515625	0.34332275390625	0.457763671875
1.752	-0.0143701171875	-0.09580078125000001	9.7285693359375	-0.3509521484375	0.46539306640625	0.35858154296875
1.761	-0.050295410156250005	-0.047900390625000004	9.723779296875	0.1068115234375	0.28228759765625	0.3814697265625
1.77	-0.009580078125	-0.05748046875	9.80281494140625	-0.05340576171875	0.06866455078125	0.35858154296875
1.779	-0.0383203125	-0.086220703125	9.63995361328125	-0.2593994140625	-0.0762939453125	0.49591064453125
1.788	-0.0718505859375	-0.076640625	9.742939453125	-0.46539306640625	-0.2593994140625	0.37384033203125
1.799	-0.055085449218750006	-0.026345214843750003	9.7381494140625	-0.274658203125	-0.26702880859375	0.38909912109375
1.808	-0.0718505859375	-0.1149609375	9.79083984375	-0.12969970703125	-0.6561279296875	0.48828125
1.818	-0.01916015625	-0.08861572265625	9.7716796875	-0.2288818359375	-0.48065185546875	0.28228759765625
1.827	-0.023950195312500002	-0.124541015625	9.75970458984375	-0.2288818359375	-0.2899169921875	0.4119873046875
1.838	-0.08382568359375	-0.10059082031250001	9.77407470703125	-0.31280517578125	-0.63323974609375	0.28228759765625
1.847	-0.052690429687500005	-0.14609619140625002	9.81	-0.23651123046875	-0.58746337890625	0.4119873046875
1.856	-0.00718505859375	-0.08382568359375	9.723779296875	-0.26702880859375	-0.43487548828125	0.396728515625
1.866	-0.00718505859375	-0.086220703125	9.78365478515625	-0.19073486328125	-0.17547607421875	0.396728515625
1.875	0.04071533203125	-0.09580078125000001	9.73096435546875	-0.0457763671875	-0.0457763671875	0.43487548828125
1.885	-0.0143701171875	-0.08861572265625	9.72617431640625	-0.1068115234375	-0.06103515625	0.37384033203125
1.894	-0.028740234375	-0.13172607421875002	9.716594238281251	0.12969970703125	0.16021728515625	0.46539306640625
1.903	-0.052690429687500005	-0.1484912109375	9.666298828125	-0.23651123046875	0.29754638671875	0.34332275390625
1.912	-0.03592529296875	-0.0814306640625	9.72617431640625	-0.2593994140625	0.05340576171875	0.38909912109375
1.922	-0.011975097656250001	-0.08861572265625	9.733359375000001	-0.091552734375	-0.05340576171875	0.335693359375
1.931	-0.0622705078125	-0.10777587890625001	9.72617431640625	-0.1678466796875	0.030517578125	0.396728515625
1.94	0.02155517578125	-0.050295410156250005	9.647138671875	-0.06103515625	-0.18310546875	0.54168701171875
1.949	0.0047900390625	-0.11256591796875001	9.75970458984375	-0.30517578125	-0.43487548828125	0.49591064453125
1.958	-0.050295410156250005	-0.1197509765625	9.6327685546875	-0.17547607421875	-0.274658203125	0.25177001953125
1.968	-0.03113525390625	-0.10777587890625001	9.740544433593751	-0.1678466796875	-0.0457763671875	0.22125244140625
1.977	-0.0814306640625	-0.08861572265625	9.687854003906251	-0.1220703125	0.06866455078125	0.51116943359375
1.987	-0.07424560546875	-0.09580078125000001	9.7860498046875	-0.1983642578125	-0.1678466796875	0.40435791015625
1.996	-0.050295410156250005	-0.06466552734375	9.75012451171875	-0.25177001953125	-0.12969970703125	0.3509521484375
2.006	-0.03113525390625	-0.086220703125	9.6615087890625	-0.0152587890625	-0.2593994140625	0.29754638671875
2.015	0.028740234375	-0.09819580078125001	9.72617431640625	-0.2899169921875	-0.1220703125	0.32806396484375
2.024	-0.009580078125	-0.06466552734375	9.742939453125	0.1373291015625	0.0457763671875	0.4119873046875
2.033	-0.06466552734375	-0.06466552734375	9.75970458984375	-0.1220703125	0.00762939453125	0.396728515625
2.043	-0.03113525390625	-0.09340576171875001	9.77886474609375	-0.152587890625	-0.1373291015625	0.38909912109375
2.053	-0.047900390625000004	-0.0335302734375	9.72138427734375	-0.09918212890625	0.06866455078125	0.54931640625
2.061	-0.055085449218750006	-0.06945556640625	9.6710888671875	-0.030517578125	0.030517578125	0.3814697265625
2.07	-0.00239501953125	-0.12214599609375	9.769284667968751	-0.244140625	-0.06103515625	0.3814697265625
2.079	-0.06466552734375	-0.05987548828125	9.6519287109375	-0.03814697265625	-0.3204345703125	0.30517578125
2.088	0.055085449218750006	-0.07424560546875	9.781259765625	-0.00762939453125	-0.42724609375	0.25177001953125
2.098	-0.045505371093750004	-0.0814306640625	9.762099609375001	-0.14495849609375	-0.35858154296875	0.32806396484375
2.107	-0.03113525390625	-0.1389111328125	9.740544433593751	0.00762939453125	-0.2288818359375	0.30517578125
2.117	-0.09101074218750001	-0.14609619140625002	9.75970458984375	-0.1068115234375	-0.2288818359375	0.3814697265625
2.126	-0.03592529296875	-0.13412109375	9.80281494140625	0.05340576171875	-0.28228759765625	0.41961669921875
2.136	0.01916015625	-0.07424560546875	9.702224121093751	-0.152587890625	-0.244140625	0.49591064453125
2.145	-0.0047900390625	-0.09101074218750001	9.75970458984375	-0.23651123046875	-0.3204345703125	0.48828125
2.154	0.0	-0.1149609375	9.702224121093751	-0.1068115234375	-0.30517578125	0.28228759765625
2.163	-0.011975097656250001	-0.086220703125	9.740544433593751	-0.0762939453125	-0.28228759765625	0.274658203125
2.173	-0.02155517578125	-0.0718505859375	9.716594238281251	-0.08392333984375	-0.49591064453125	0.43487548828125
2.183	-0.045505371093750004	-0.1293310546875	9.8052099609375	-0.05340576171875	-0.0762939453125	0.37384033203125
2.192	-0.05748046875	-0.09580078125000001	9.7573095703125	-0.02288818359375	-0.14495849609375	0.518798828125
2.201	-0.0047900390625	-0.05987548828125	9.747729492187501	0.0	-0.09918212890625	0.29754638671875
2.21	0.02155517578125	-0.13172607421875002	9.685458984375	-0.1373291015625	-0.1373291015625	0.457763671875
2.22	-0.00239501953125	-0.07903564453125	9.740544433593751	-0.29754638671875	-0.152587890625	0.2899169921875
2.229	-0.02155517578125	-0.01676513671875	9.781259765625	-0.19073486328125	-0.26702880859375	0.518798828125
2.238	0.03592529296875	-0.086220703125	9.709409179687501	-0.20599365234375	-0.152587890625	0.52642822265625
2.247	-0.023950195312500002	-0.09819580078125001	9.776469726562501	-0.06866455078125	-0.19073486328125	0.41961669921875
2.257	-0.02155517578125	-0.067060546875	9.72617431640625	-0.1220703125	-0.335693359375	0.48828125
2.267	-0.028740234375	-0.0814306640625	9.769284667968751	-0.3814697265625	0.0457763671875	0.48828125
2.276	0.009580078125	-0.052690429687500005	9.73575439453125	-0.16021728515625	-0.19073486328125	0.38909912109375
2.285	0.06466552734375	-0.06466552734375	9.79083984375	-0.20599365234375	-0.1373291015625	0.3509521484375
2.294	0.086220703125	-0.09580078125000001	9.70701416015625	-0.2288818359375	-0.14495849609375	0.42724609375
2.304	-0.045505371093750004	-0.055085449218750006	9.596843261718751	-0.23651123046875	-0.335693359375	0.48828125
2.314	-0.10538085937500001	-0.12214599609375	9.71180419921875	-0.29754638671875	-0.14495849609375	0.2593994140625
2.323	-0.03592529296875	-0.05987548828125	9.73096435546875	-0.335693359375	-0.335693359375	0.35858154296875
2.333	-0.026345214843750003	-0.11735595703125	9.723779296875	-0.41961669921875	-0.02288818359375	0.43487548828125
2.342	-0.028740234375	-0.12214599609375	9.75970458984375	-0.20599365234375	-0.14495849609375	0.3662109375
2.352	0.05987548828125	-0.09580078125000001	9.781259765625	0.11444091796875	0.12969970703125	0.3204345703125
2.361	0.045505371093750004	-0.10538085937500001	9.78844482421875	-0.1220703125	0.0762939453125	0.40435791015625
2.37	-0.01676513671875	-0.05748046875	9.754914550781251	-0.1983642578125	0.09918212890625	0.43487548828125
2.379	-0.06945556640625	-0.07903564453125	9.474697265625	-0.2288818359375	-0.244140625	0.26702880859375
2.388	0.03113525390625	-0.05748046875	9.838740234375	-0.152587890625	-0.29754638671875	0.457763671875
2.398	-0.028740234375	-0.13651611328125002	9.695039062500001	-0.25177001953125	0.31280517578125	0.35858154296875
2.407	-0.05748046875	-0.0718505859375	9.680668945312501	-0.1678466796875	0.05340576171875	0.49591064453125
2.416	-0.00718505859375	-0.0814306640625	9.7860498046875	-0.0762939453125	-0.05340576171875	0.49591064453125
2.425	-0.01676513671875	-0.10538085937500001	9.69264404296875	0.030517578125	-0.1068115234375	0.43487548828125
2.435	0.0143701171875	-0.067060546875	9.72138427734375	-0.1373291015625	0.0152587890625	0.48065185546875
2.444	-0.02155517578125	-0.0814306640625	9.71419921875	-0.030517578125	0.00762939453125	0.4119873046875
2.453	0.01916015625	-0.08382568359375	9.742939453125	-0.14495849609375	-0.22125244140625	0.43487548828125
2.462	-0.10538085937500001	-0.07424560546875	9.7381494140625	-0.23651123046875	-0.19073486328125	0.274658203125
2.471	0.0143701171875	-0.12693603515625002	9.776469726562501	-0.05340576171875	-0.4425048828125	0.54931640625
2.481	-0.009580078125	-0.0383203125	9.7716796875	-0.26702880859375	-0.2288818359375	0.3509521484375
2.49	0.05748046875	-0.09101074218750001	9.69264404296875	-0.1373291015625	-0.17547607421875	0.32806396484375
2.5	0.011975097656250001	-0.0814306640625	9.7573095703125	-0.1373291015625	0.0152587890625	0.26702880859375
2.508	0.01916015625	-0.09340576171875001	9.76449462890625	-0.0152587890625	-0.091552734375	0.518798828125
2.518	-0.023950195312500002	-0.09340576171875001	9.742939453125	-0.274658203125	0.09918212890625	0.3509521484375
2.527	0.028740234375	-0.09580078125000001	9.6998291015625	-0.274658203125	0.0762939453125	0.40435791015625
2.536	0.01916015625	-0.1389111328125	9.80281494140625	-0.31280517578125	0.19073486328125	0.22125244140625
2.545	0.03113525390625	-0.13172607421875002	9.747729492187501	-0.11444091796875	-0.06866455078125	0.2593994140625
2.554	-0.02155517578125	-0.050295410156250005	9.7956298828125	0.05340576171875	0.1220703125	0.396728515625
2.563	-0.0383203125	-0.13412109375	9.7668896484375	-0.213623046875	0.18310546875	0.4119873046875
2.572	-0.055085449218750006	-0.1197509765625	9.79083984375	-0.152587890625	0.05340576171875	0.28228759765625
2.581	0.0431103515625	-0.052690429687500005	9.8435302734375	-0.12969970703125	-0.0762939453125	0.4119873046875
2.59	-0.009580078125	-0.050295410156250005	9.781259765625	-0.05340576171875	-0.31280517578125	0.41961669921875
2.599	-0.0143701171875	-0.09819580078125001	9.58726318359375	-0.05340576171875	-0.152587890625	0.43487548828125
2.609	0.00239501953125	-0.10538085937500001	9.7956298828125	-0.08392333984375	-0.08392333984375	0.52642822265625
2.618	-0.045505371093750004	-0.07424560546875	9.66869384765625	-0.152587890625	0.091552734375	0.55694580078125
2.628	-0.04071533203125	-0.06466552734375	9.67587890625	-0.09918212890625	-0.152587890625	0.457763671875
2.637	-0.03592529296875	-0.14130615234375002	9.81718505859375	-0.1373291015625	-0.030517578125	0.3204345703125
2.647	-0.028740234375	-0.13651611328125002	9.6231884765625	-0.17547607421875	-0.1983642578125	0.49591064453125
2.656	0.0	-0.1676513671875	9.754914550781251	-0.16021728515625	-0.02288818359375	0.29754638671875
2.665	0.03592529296875	-0.11735595703125	9.71419921875	-0.152587890625	0.09918212890625	0.23651123046875
2.674	-0.052690429687500005	-0.05987548828125	9.69743408203125	-0.1373291015625	0.26702880859375	0.42724609375
2.683	-0.0143701171875	-0.09340576171875001	9.7668896484375	-0.1220703125	0.2899169921875	0.4119873046875
2.693	-0.045505371093750004	-0.12214599609375	9.666298828125	-0.1068115234375	0.274658203125	0.3662109375
2.702	0.0047900390625	-0.076640625	9.75251953125	0.06103515625	0.2593994140625	0.579833984375
2.71	-0.00239501953125	-0.09819580078125001	9.75012451171875	-0.091552734375	0.18310546875	0.19073486328125
2.719	-0.0335302734375	-0.0814306640625	9.769284667968751	-0.23651123046875	0.244140625	0.38909912109375
2.728	-0.026345214843750003	-0.07903564453125	9.7189892578125	0.030517578125	-0.02288818359375	0.35858154296875
2.738	-0.0047900390625	-0.1293310546875	9.79802490234375	0.0762939453125	0.03814697265625	0.38909912109375
2.746	0.045505371093750004	-0.07424560546875	9.740544433593751	-0.030517578125	0.1068115234375	0.4119873046875
2.755	-0.02155517578125	-0.076640625	9.78365478515625	-0.12969970703125	-0.12969970703125	0.457763671875
2.764	-0.055085449218750006	-0.08382568359375	9.829160156250001	-0.0152587890625	-0.1678466796875	0.31280517578125
2.774	-0.023950195312500002	-0.052690429687500005	9.7189892578125	-0.2288818359375	-0.2593994140625	0.43487548828125
2.784	0.028740234375	-0.10298583984375001	9.709409179687501	-0.23651123046875	0.0	0.3509521484375
2.793	-0.050295410156250005	-0.10298583984375001	9.7860498046875	-0.12969970703125	-0.16021728515625	0.518798828125
2.802	-0.050295410156250005	-0.1293310546875	9.702224121093751	-0.11444091796875	-0.20599365234375	0.22125244140625
2.811	-0.050295410156250005	-0.1389111328125	9.7860498046875	-0.19073486328125	-0.1373291015625	0.43487548828125
2.821	0.02155517578125	-0.0718505859375	9.81	-0.34332275390625	0.00762939453125	0.28228759765625
2.83	0.0143701171875	-0.1293310546875	9.75251953125	-0.20599365234375	0.05340576171875	0.35858154296875
2.839	0.0	-0.1293310546875	9.69743408203125	-0.1678466796875	0.09918212890625	0.640869140625
2.847	-0.052690429687500005	-0.0814306640625	9.69264404296875	-0.1068115234375	0.3509521484375	0.46539306640625
2.856	-0.00239501953125	-0.13172607421875002	9.7189892578125	0.1068115234375	0.396728515625	0.5035400390625
2.866	-0.0143701171875	-0.09340576171875001	9.733359375000001	0.00762939453125	0.34332275390625	0.26702880859375
2.875	-0.050295410156250005	-0.07424560546875	9.80281494140625	0.18310546875	0.5340576171875	0.37384033203125
2.884	-0.10059082031250001	-0.076640625	9.73096435546875	-0.05340576171875	0.5035400390625	0.2288818359375
2.893	0.05987548828125	-0.1484912109375	9.61600341796875	0.19073486328125	0.38909912109375	0.28228759765625
2.903	-0.055085449218750006	-0.11017089843750001	9.71419921875	0.1983642578125	0.72479248046875	0.32806396484375
2.911	-0.01676513671875	-0.052690429687500005	9.829160156250001	-0.03814697265625	0.48065185546875	0.34332275390625
2.92	-0.08861572265625	-0.05987548828125	9.72617431640625	-0.03814697265625	0.2593994140625	0.1373291015625
2.929	-0.009580078125	-0.10059082031250001	9.71419921875	0.0457763671875	0.00762939453125	0.23651123046875
2.938	-0.009580078125	-0.076640625	9.7716796875	-0.0457763671875	-0.02288818359375	0.2899169921875
2.948	-0.02155517578125	-0.13651611328125002	9.742939453125	-0.091552734375	-0.1220703125	0.3814697265625
2.957	-0.0143701171875	-0.11256591796875001	9.78844482421875	-0.1983642578125	-0.22125244140625	0.28228759765625
2.967	-0.028740234375	-0.086220703125	9.762099609375001	-0.1220703125	-0.152587890625	0.2899169921875
2.976	0.0047900390625	-0.09580078125000001	9.6519287109375	-0.396728515625	-0.49591064453125	0.335693359375
2.985	0.00718505859375	-0.03592529296875	9.6998291015625	-0.25177001953125	-0.42724609375	0.1983642578125
2.995	-0.009580078125	-0.045505371093750004	9.7189892578125	-0.30517578125	-0.5035400390625	0.3204345703125
3.004	0.00718505859375	-0.143701171875	9.754914550781251	-0.45013427734375	0.0457763671875	0.37384033203125
3.013	-0.07903564453125	-0.10059082031250001	9.7381494140625	-0.20599365234375	-0.1373291015625	0.48065185546875
3.022	-0.0431103515625	-0.08861572265625	9.723779296875	-0.26702880859375	-0.2593994140625	0.335693359375
3.033	-0.0718505859375	-0.10538085937500001	9.82676513671875	-0.19073486328125	-0.3662109375	0.42724609375
3.043	-0.06945556640625	-0.10777587890625001	9.6710888671875	-0.1220703125	-0.57220458984375	0.3662109375
3.052	-0.00239501953125	-0.14130615234375002	9.68306396484375	-0.26702880859375	-0.396728515625	0.3509521484375
3.061	0.00718505859375	-0.09819580078125001	9.66869384765625	-0.3509521484375	-0.43487548828125	0.4119873046875
3.07	-0.03592529296875	-0.17004638671875	9.742939453125	-0.3662109375	-0.518798828125	0.5340576171875
3.081	-0.02155517578125	-0.12214599609375	9.821975097656251	-0.152587890625	-0.3814697265625	0.48828125
3.09	-0.06466552734375	-0.1293310546875	9.7573095703125	0.09918212890625	-0.2288818359375	0.457763671875
3.099	-0.00239501953125	-0.09819580078125001	9.75970458984375	-0.030517578125	-0.00762939453125	0.518798828125
3.108	-0.045505371093750004	-0.16046630859375	9.7285693359375	0.03814697265625	0.02288818359375	0.26702880859375
3.117	-0.05748046875	-0.08382568359375	9.6998291015625	0.05340576171875	0.244140625	0.48828125
3.126	0.0143701171875	-0.12214599609375	9.72138427734375	-0.0762939453125	-0.00762939453125	0.5035400390625
3.135	-0.02155517578125	-0.052690429687500005	9.673483886718751	-0.1678466796875	0.05340576171875	0.457763671875
3.143	-0.04071533203125	-0.124541015625	9.702224121093751	-0.1373291015625	0.06103515625	0.28228759765625
3.152	-0.0143701171875	-0.11256591796875001	9.687854003906251	-0.1068115234375	-0.274658203125	0.31280517578125
3.163	-0.1149609375	-0.050295410156250005	9.685458984375	-0.06866455078125	-0.16021728515625	0.38909912109375
3.172	-0.09101074218750001	-0.086220703125	9.69264404296875	-0.18310546875	-0.20599365234375	0.31280517578125
3.182	-0.009580078125	-0.1676513671875	9.73096435546875	-0.11444091796875	-0.1678466796875	0.48828125
3.191	0.03592529296875	-0.124541015625	9.68306396484375	-0.00762939453125	-0.28228759765625	0.54931640625
3.201	0.047900390625000004	-0.11735595703125	9.79802490234375	-0.17547607421875	-0.08392333984375	0.335693359375
3.21	-0.011975097656250001	-0.11735595703125	9.821975097656251	-0.16021728515625	-0.23651123046875	0.41961669921875
3.219	-0.047900390625000004	-0.09580078125000001	9.695039062500001	-0.17547607421875	-0.09918212890625	0.1983642578125
3.229	-0.01916015625	-0.143701171875	9.747729492187501	-0.18310546875	0.0457763671875	0.274658203125
3.238	-0.1197509765625	-0.07424560546875	9.762099609375001	-0.1220703125	-0.20599365234375	0.34332275390625
3.248	-0.0335302734375	-0.0814306640625	9.77886474609375	-0.09918212890625	-0.19073486328125	0.51116943359375
3.258	-0.0383203125	-0.1197509765625	9.7189892578125	-0.213623046875	-0.23651123046875	0.4425048828125
3.267	-0.0335302734375	-0.10777587890625001	9.78365478515625	-0.0762939453125	-0.213623046875	0.43487548828125
3.276	-0.0431103515625	-0.09819580078125001	9.814790039062501	-0.06103515625	-0.1983642578125	0.32806396484375
3.287	-0.052690429687500005	-0.16525634765625	9.7860498046875	-0.244140625	-0.32806396484375	0.5950927734375
3.296	0.0143701171875	-0.0622705078125	9.754914550781251	-0.28228759765625	-0.3509521484375	0.57220458984375
3.305	0.00718505859375	-0.08382568359375	9.769284667968751	-0.3662109375	-0.35858154296875	0.3814697265625
3.314	-0.0047900390625	-0.0622705078125	9.695039062500001	-0.37384033203125	-0.213623046875	0.22125244140625
3.324	-0.06466552734375	-0.067060546875	9.72138427734375	-0.23651123046875	-0.244140625	0.38909912109375
3.334	-0.0431103515625	-0.12214599609375	9.69264404296875	-0.35858154296875	-0.3509521484375	0.35858154296875
3.343	0.0	-0.0814306640625	9.75970458984375	-0.14495849609375	-0.152587890625	0.20599365234375
3.352	-0.0047900390625	-0.09819580078125001	9.680668945312501	-0.22125244140625	-0.30517578125	0.4425048828125
3.361	0.0383203125	-0.13412109375	9.6710888671875	-0.1983642578125	-0.02288818359375	0.46539306640625
3.371	-0.0143701171875	-0.047900390625000004	9.80281494140625	-0.03814697265625	0.213623046875	0.29754638671875
3.38	-0.026345214843750003	-0.09340576171875001	9.71180419921875	-0.11444091796875	0.43487548828125	0.396728515625
3.389	-0.009580078125	-0.09580078125000001	9.67587890625	-0.1068115234375	0.38909912109375	0.518798828125
3.398	-0.052690429687500005	-0.10059082031250001	9.7285693359375	-0.3814697265625	0.1678466796875	0.274658203125
3.407	0.0047900390625	-0.055085449218750006	9.742939453125	-0.12969970703125	0.030517578125	0.40435791015625
3.417	-0.06466552734375	-0.13412109375	9.67587890625	-0.213623046875	-0.1983642578125	0.4119873046875
3.426	0.086220703125	-0.11735595703125	9.72138427734375	-0.12969970703125	-0.18310546875	0.45013427734375
3.435	-0.009580078125	-0.05987548828125	9.77886474609375	-0.06103515625	-0.0457763671875	0.274658203125
3.445	-0.0335302734375	-0.11735595703125	9.656718750000001	-0.19073486328125	-0.19073486328125	0.43487548828125
3.454	-0.00239501953125	-0.1149609375	9.704619140625	-0.23651123046875	-0.29754638671875	0.3814697265625
3.464	-0.06466552734375	-0.047900390625000004	9.77407470703125	-0.1373291015625	-0.55694580078125	0.335693359375
3.474	-0.0622705078125	-0.0622705078125	9.7716796875	-0.32806396484375	-0.19073486328125	0.5340576171875
3.483	-0.04071533203125	-0.143701171875	9.742939453125	-0.32806396484375	-0.335693359375	0.43487548828125
3.492	0.0	-0.10059082031250001	9.776469726562501	-0.35858154296875	-0.37384033203125	0.43487548828125
3.502	0.0383203125	-0.09580078125000001	9.673483886718751	-0.3204345703125	-0.48065185546875	0.42724609375
3.512	-0.01916015625	-0.09101074218750001	9.680668945312501	-0.25177001953125	-0.31280517578125	0.34332275390625
3.521	0.01916015625	-0.15328125	9.79802490234375	-0.14495849609375	0.18310546875	0.37384033203125
3.529	0.00239501953125	-0.05748046875	9.72617431640625	0.030517578125	-0.1220703125	0.37384033203125
3.538	-0.050295410156250005	-0.05987548828125	9.7956298828125	-0.16021728515625	-0.06103515625	0.42724609375
3.548	-0.0143701171875	-0.0047900390625	9.73575439453125	-0.18310546875	-0.03814697265625	0.46539306640625
3.556	0.009580078125	-0.13651611328125002	9.70701416015625	-0.091552734375	-0.12969970703125	0.40435791015625
3.566	-0.026345214843750003	-0.06945556640625	9.7381494140625	0.08392333984375	-0.25177001953125	0.335693359375
3.575	0.0431103515625	-0.03592529296875	9.7573095703125	-0.12969970703125	0.0762939453125	0.518798828125
3.584	-0.0047900390625	-0.076640625	9.742939453125	-0.16021728515625	-0.4119873046875	0.41961669921875
3.594	-0.07424560546875	-0.11735595703125	9.73575439453125	-0.1678466796875	-0.1068115234375	0.3662109375
3.603	-0.028740234375	-0.13172607421875002	9.66390380859375	-0.17547607421875	0.091552734375	0.37384033203125
3.612	-0.00239501953125	-0.11735595703125	9.77407470703125	-0.18310546875	-0.06103515625	0.3509521484375
3.621	-0.052690429687500005	-0.12214599609375	9.6998291015625	-0.14495849609375	-0.25177001953125	0.40435791015625
3.632	0.023950195312500002	-0.09101074218750001	9.76449462890625	-0.35858154296875	-0.26702880859375	0.43487548828125
3.641	0.023950195312500002	-0.08382568359375	9.81	-0.40435791015625	-0.31280517578125	0.41961669921875
3.65	-0.023950195312500002	-0.09819580078125001	9.64474365234375	-0.3814697265625	-0.274658203125	0.42724609375
3.66	-0.047900390625000004	-0.08861572265625	9.723779296875	-0.4425048828125	-0.091552734375	0.4425048828125
3.67	-0.01676513671875	-0.07903564453125	9.769284667968751	-0.31280517578125	-0.19073486328125	0.4425048828125
3.679	-0.00718505859375	-0.12214599609375	9.685458984375	-0.2593994140625	0.08392333984375	0.28228759765625
3.688	-0.011975097656250001	-0.11256591796875001	9.747729492187501	-0.0457763671875	0.03814697265625	0.31280517578125
3.697	0.009580078125	-0.09340576171875001	9.7381494140625	-0.0457763671875	0.213623046875	0.42724609375
3.705	-0.0335302734375	-0.11017089843750001	9.7668896484375	0.03814697265625	0.3662109375	0.46539306640625
3.715	-0.026345214843750003	-0.0814306640625	9.6998291015625	0.0152587890625	0.3814697265625	0.5035400390625
3.724	0.011975097656250001	-0.08861572265625	9.7381494140625	0.06866455078125	0.51116943359375	0.45013427734375
3.732	-0.0622705078125	-0.10777587890625001	9.71180419921875	0.152587890625	0.42724609375	0.4119873046875
3.741	-0.01676513671875	-0.07903564453125	9.793234863281251	-0.1220703125	0.457763671875	0.335693359375
3.75	0.011975097656250001	-0.13172607421875002	9.704619140625	-0.22125244140625	0.4425048828125	0.34332275390625
3.76	-0.050295410156250005	-0.1149609375	9.695039062500001	-0.274658203125	0.49591064453125	0.42724609375
3.769	-0.10538085937500001	-0.03113525390625	9.63995361328125	-0.11444091796875	0.25177001953125	0.30517578125
3.779	-0.055085449218750006	-0.09580078125000001	9.7285693359375	0.20599365234375	0.54168701171875	0.3662109375
3.787	-0.0047900390625	-0.05987548828125	9.747729492187501	-0.18310546875	0.49591064453125	0.396728515625
3.796	0.00718505859375	-0.067060546875	9.75970458984375	0.0762939453125	0.61798095703125	0.3509521484375
3.806	-0.009580078125	-0.13172607421875002	9.76449462890625	-0.16021728515625	0.5950927734375	0.37384033203125
3.815	0.03113525390625	-0.11017089843750001	9.75970458984375	0.0457763671875	0.67138671875	0.37384033203125
3.824	-0.0814306640625	-0.08382568359375	9.6710888671875	-0.05340576171875	0.54168701171875	0.244140625
3.833	-0.0143701171875	-0.1149609375	9.77886474609375	0.0	0.3204345703125	0.274658203125
3.842	-0.06945556640625	-0.10538085937500001	9.754914550781251	0.03814697265625	0.20599365234375	0.4119873046875
3.851	-0.06945556640625	-0.05748046875	9.7189892578125	0.08392333984375	0.3509521484375	0.396728515625
3.86	-0.1197509765625	-0.0622705078125	9.673483886718751	-0.06866455078125	0.1373291015625	0.3814697265625
3.869	0.0047900390625	-0.09819580078125001	9.6998291015625	-0.1983642578125	0.1220703125	0.40435791015625
3.878	-0.0718505859375	-0.0718505859375	9.66869384765625	-0.06866455078125	-0.22125244140625	0.4119873046875
3.888	-0.0335302734375	-0.067060546875	9.742939453125	-0.22125244140625	-0.03814697265625	0.3662109375
3.897	0.011975097656250001	-0.086220703125	9.69264404296875	-0.12969970703125	-0.51116943359375	0.335693359375
3.907	-0.009580078125	-0.09340576171875001	9.6519287109375	-0.19073486328125	-0.28228759765625	0.5950927734375
3.916	0.0335302734375	-0.067060546875	9.68306396484375	-0.1373291015625	-0.1373291015625	0.3204345703125
3.926	0.00718505859375	-0.0718505859375	9.6710888671875	-0.11444091796875	-0.152587890625	0.28228759765625
3.935	-0.03592529296875	-0.05987548828125	9.6902490234375	-0.25177001953125	-0.1220703125	0.4730224609375
3.945	-0.023950195312500002	-0.11735595703125	9.747729492187501	0.06866455078125	-0.09918212890625	0.29754638671875
3.953	-0.055085449218750006	-0.01916015625	9.647138671875	-0.16021728515625	-0.09918212890625	0.28228759765625
3.962	0.0047900390625	-0.06945556640625	9.8339501953125	-0.0457763671875	-0.20599365234375	0.3662109375
3.972	0.01916015625	-0.10538085937500001	9.742939453125	-0.05340576171875	-0.1983642578125	0.5035400390625
3.981	-0.0431103515625	-0.12214599609375	9.84113525390625	-0.06866455078125	0.213623046875	0.38909912109375
3.99	0.00239501953125	-0.1293310546875	9.7381494140625	-0.030517578125	0.08392333984375	0.20599365234375
3.998	0.0	-0.07903564453125	9.75970458984375	-0.0152587890625	0.26702880859375	0.19073486328125
4.007	-0.067060546875	-0.067060546875	9.73575439453125	-0.08392333984375	0.26702880859375	0.31280517578125
4.017	-0.026345214843750003	-0.1149609375	9.73096435546875	0.1220703125	0.2593994140625	0.26702880859375
4.026	-0.023950195312500002	-0.07424560546875	9.740544433593751	0.152587890625	0.3662109375	0.40435791015625
4.035	0.00718505859375	-0.050295410156250005	9.72138427734375	0.0457763671875	0.34332275390625	0.213623046875
4.043	-0.055085449218750006	-0.10059082031250001	9.78844482421875	0.1373291015625	0.31280517578125	0.335693359375
4.052	-0.00239501953125	-0.11017089843750001	9.75012451171875	0.03814697265625	0.6256103515625	0.5340576171875
4.061	-0.02155517578125	-0.09819580078125001	9.71419921875	-0.11444091796875	0.4425048828125	0.18310546875
4.07	-0.00718505859375	-0.10059082031250001	9.649533691406251	0.0457763671875	0.67138671875	0.52642822265625
4.079	0.03113525390625	-0.1484912109375	9.71180419921875	0.14495849609375	0.87738037109375	0.29754638671875
4.088	-0.03113525390625	-0.07903564453125	9.647138671875	0.091552734375	0.66375732421875	0.2288818359375
4.098	-0.06945556640625	-0.13412109375	9.69743408203125	-0.05340576171875	0.42724609375	0.17547607421875
4.107	-0.05748046875	-0.086220703125	9.673483886718751	-0.06103515625	0.32806396484375	0.2593994140625
4.116	-0.0143701171875	-0.076640625	9.72138427734375	-0.16021728515625	0.09918212890625	0.30517578125
4.125	-0.067060546875	-0.076640625	9.70701416015625	0.0152587890625	0.06866455078125	0.51116943359375
4.134	-0.1197509765625	-0.11017089843750001	9.71180419921875	-0.17547607421875	-0.152587890625	0.34332275390625
4.144	0.0	-0.0814306640625	9.66390380859375	-0.09918212890625	-0.26702880859375	0.41961669921875
4.153	-0.055085449218750006	-0.03113525390625	9.776469726562501	-0.11444091796875	-0.12969970703125	0.4119873046875
4.163	-0.067060546875	-0.10777587890625001	9.673483886718751	-0.29754638671875	-0.244140625	0.3662109375
4.172	-0.023950195312500002	-0.05748046875	9.62558349609375	-0.244140625	-0.51116943359375	0.396728515625
4.182	-0.03592529296875	-0.06945556640625	9.65911376953125	-0.213623046875	-0.2288818359375	0.40435791015625
4.192	0.009580078125	-0.0718505859375	9.742939453125	-0.16021728515625	-0.17547607421875	0.41961669921875
4.201	-0.05987548828125	-0.04071533203125	9.75970458984375	-0.030517578125	0.1373291015625	0.335693359375
4.21	-0.10298583984375001	-0.11735595703125	9.685458984375	-0.2899169921875	-0.25177001953125	0.3204345703125
4.219	-0.01676513671875	-0.03113525390625	9.72617431640625	-0.22125244140625	-0.274658203125	0.2899169921875
4.229	-0.055085449218750006	-0.076640625	9.74533447265625	-0.05340576171875	-0.05340576171875	0.274658203125
4.238	-0.01676513671875	-0.10777587890625001	9.781259765625	-0.05340576171875	-0.09918212890625	0.4730224609375
4.248	-0.0622705078125	-0.06466552734375	9.73096435546875	-0.274658203125	-0.30517578125	0.43487548828125
4.258	-0.07903564453125	-0.10777587890625001	9.71180419921875	-0.3814697265625	-0.25177001953125	0.18310546875
4.268	-0.011975097656250001	-0.0718505859375	9.81239501953125	-0.23651123046875	-0.48065185546875	0.43487548828125
4.277	-0.05748046875	-0.067060546875	9.6183984375	-0.274658203125	-0.35858154296875	0.19073486328125
4.287	-0.00718505859375	-0.10777587890625001	9.680668945312501	-0.16021728515625	-0.46539306640625	0.2593994140625
4.296	-0.00239501953125	-0.11017089843750001	9.73575439453125	-0.12969970703125	-0.1678466796875	0.3814697265625
4.305	-0.05748046875	-0.13172607421875002	9.733359375000001	-0.0457763671875	-0.12969970703125	0.37384033203125
4.315	-0.00239501953125	-0.086220703125	9.709409179687501	-0.00762939453125	-0.18310546875	0.3814697265625
4.324	-0.050295410156250005	-0.050295410156250005	9.747729492187501	-0.4119873046875	-0.19073486328125	0.2899169921875
4.333	-0.055085449218750006	-0.07424560546875	9.68306396484375	-0.152587890625	-0.31280517578125	0.35858154296875
4.343	-0.086220703125	-0.07424560546875	9.74533447265625	-0.19073486328125	0.02288818359375	0.40435791015625
4.353	-0.10059082031250001	-0.10298583984375001	9.723779296875	-0.18310546875	0.00762939453125	0.29754638671875
4.362	-0.00239501953125	-0.05987548828125	9.776469726562501	-0.0457763671875	0.11444091796875	0.457763671875
4.371	-0.0718505859375	-0.0814306640625	9.819580078125	-0.091552734375	0.37384033203125	0.25177001953125
4.38	-0.067060546875	-0.143701171875	9.781259765625	-0.26702880859375	-0.0152587890625	0.1220703125
4.389	-0.00239501953125	-0.10538085937500001	9.723779296875	-0.274658203125	0.091552734375	0.28228759765625
4.399	0.026345214843750003	-0.06945556640625	9.8052099609375	-0.4425048828125	-0.28228759765625	0.3814697265625
4.409	-0.05987548828125	-0.11256591796875001	9.72138427734375	-0.2899169921875	-0.37384033203125	0.41961669921875
4.418	-0.05987548828125	-0.047900390625000004	9.7381494140625	-0.43487548828125	-0.46539306640625	0.30517578125
4.428	-0.011975097656250001	-0.06466552734375	9.71419921875	-0.67901611328125	-0.48065185546875	0.34332275390625
4.438	-0.050295410156250005	-0.10777587890625001	9.723779296875	-0.34332275390625	-0.46539306640625	0.38909912109375
4.447	0.009580078125	-0.06945556640625	9.63995361328125	-0.457763671875	-0.3509521484375	0.35858154296875
4.456	-0.04071533203125	-0.1197509765625	9.75251953125	-0.091552734375	-0.06866455078125	0.54931640625
4.465	-0.055085449218750006	-0.12214599609375	9.7716796875	-0.0457763671875	-0.42724609375	0.3662109375
4.475	0.06466552734375	-0.05748046875	9.67587890625	0.08392333984375	0.274658203125	0.40435791015625
4.484	0.023950195312500002	-0.0431103515625	9.742939453125	0.030517578125	0.00762939453125	0.396728515625
4.492	0.0047900390625	-0.10777587890625001	9.6231884765625	-0.0762939453125	-0.0152587890625	0.28228759765625
4.501	0.011975097656250001	-0.05748046875	9.673483886718751	-0.32806396484375	-0.06103515625	0.42724609375
4.509	-0.0335302734375	-0.12693603515625002	9.77886474609375	-0.12969970703125	0.0152587890625	0.32806396484375
4.518	-0.05748046875	-0.10298583984375001	9.75970458984375	-0.244140625	0.03814697265625	0.26702880859375
4.528	-0.01676513671875	-0.143701171875	9.762099609375001	-0.1220703125	-0.14495849609375	0.2593994140625
4.538	-0.04071533203125	-0.06466552734375	9.6998291015625	-0.09918212890625	-0.274658203125	0.2593994140625
4.547	-0.124541015625	-0.10538085937500001	9.74533447265625	-0.19073486328125	-0.3814697265625	0.32806396484375
4.556	0.009580078125	-0.0718505859375	9.687854003906251	-0.03814697265625	-0.42724609375	0.4119873046875
4.567	-0.052690429687500005	-0.08382568359375	9.70701416015625	-0.1678466796875	-0.3204345703125	0.35858154296875
4.576	0.052690429687500005	-0.09340576171875001	9.742939453125	-0.1068115234375	-0.35858154296875	0.26702880859375
4.585	-0.0335302734375	-0.05748046875	9.82676513671875	-0.05340576171875	-0.22125244140625	0.38909912109375
4.594	-0.04071533203125	-0.11735595703125	9.6998291015625	-0.03814697265625	0.00762939453125	0.2593994140625
4.602	-0.06945556640625	-0.076640625	9.73575439453125	-0.09918212890625	0.03814697265625	0.35858154296875
4.613	-0.06466552734375	-0.12693603515625002	9.807604980468751	0.091552734375	-0.1220703125	0.48828125
4.622	-0.0047900390625	-0.086220703125	9.70701416015625	0.14495849609375	-0.03814697265625	0.22125244140625
4.631	-0.01676513671875	-0.09340576171875001	9.7285693359375	-0.02288818359375	-0.03814697265625	0.19073486328125
4.639	-0.0335302734375	-0.1197509765625	9.7860498046875	0.16021728515625	0.06866455078125	0.3662109375
4.648	-0.026345214843750003	-0.0814306640625	9.83155517578125	0.05340576171875	-0.09918212890625	0.32806396484375
4.658	-0.04071533203125	-0.11017089843750001	9.702224121093751	0.06866455078125	-0.09918212890625	0.35858154296875
4.667	0.050295410156250005	-0.10298583984375001	9.685458984375	0.20599365234375	-0.02288818359375	0.34332275390625
4.676	-0.05748046875	-0.05987548828125	9.702224121093751	0.2288818359375	-0.1983642578125	0.37384033203125
4.685	-0.0143701171875	-0.050295410156250005	9.75012451171875	0.0152587890625	-0.23651123046875	0.38909912109375
4.694	-0.045505371093750004	-0.055085449218750006	9.6902490234375	-0.0762939453125	-0.06103515625	0.42724609375
4.703	-0.02155517578125	-0.10538085937500001	9.723779296875	-0.14495849609375	-0.14495849609375	0.46539306640625
4.713	-0.01916015625	-0.067060546875	9.76449462890625	-0.274658203125	-0.43487548828125	0.41961669921875
4.722	-0.01676513671875	-0.08382568359375	9.7381494140625	-0.1068115234375	-0.51116943359375	0.3509521484375
4.732	-0.09819580078125001	-0.05748046875	9.72138427734375	-0.28228759765625	-0.17547607421875	0.32806396484375
4.742	-0.2347119140625	-0.045505371093750004	9.72138427734375	-0.1068115234375	-0.12969970703125	0.32806396484375
4.752	-0.06466552734375	-0.1149609375	9.67827392578125	-0.244140625	-0.274658203125	0.58746337890625
4.761	-0.052690429687500005	-0.11735595703125	9.79802490234375	-0.1678466796875	-0.67138671875	0.42724609375
4.77	0.0383203125	-0.07424560546875	9.7860498046875	-0.32806396484375	-0.46539306640625	0.38909912109375
4.78	-0.00239501953125	-0.0143701171875	9.7573095703125	-0.4119873046875	-0.3204345703125	0.52642822265625
4.789	0.028740234375	-0.143701171875	9.6902490234375	-0.14495849609375	-0.20599365234375	0.3814697265625
4.799	-0.009580078125	-0.09340576171875001	9.6519287109375	-0.1373291015625	-0.274658203125	0.30517578125
4.808	-0.13172607421875002	-0.10059082031250001	9.72138427734375	-0.05340576171875	0.0762939453125	0.457763671875
4.817	-0.067060546875	-0.11256591796875001	9.762099609375001	-0.18310546875	0.08392333984375	0.37384033203125
4.827	-0.009580078125	-0.1293310546875	9.71180419921875	-0.0762939453125	0.28228759765625	0.32806396484375
4.836	0.00718505859375	-0.07903564453125	9.673483886718751	-0.1678466796875	0.244140625	0.51116943359375
4.845	-0.050295410156250005	-0.10538085937500001	9.666298828125	0.08392333984375	0.3509521484375	0.20599365234375
4.854	-0.08382568359375	-0.09340576171875001	9.702224121093751	-0.05340576171875	0.05340576171875	0.48065185546875
4.864	-0.07424560546875	-0.11017089843750001	9.77886474609375	-0.02288818359375	-0.08392333984375	0.37384033203125
4.873	-0.03113525390625	-0.067060546875	9.747729492187501	0.2899169921875	0.0457763671875	0.54931640625
4.882	-0.023950195312500002	-0.19399658203125	9.66390380859375	0.67138671875	-0.14495849609375	0.4119873046875
4.891	-0.0622705078125	-0.05748046875	9.723779296875	0.77056884765625	0.03814697265625	0.579833984375
4.9	-0.04071533203125	-0.15328125	9.649533691406251	0.9613037109375	-0.0762939453125	0.34332275390625
4.911	0.03113525390625	-0.023950195312500002	9.709409179687501	0.946044921875	-0.03814697265625	0.5645751953125
4.919	-0.052690429687500005	-0.045505371093750004	9.67587890625	0.79345703125	-0.54931640625	0.48065185546875
4.928	-0.02155517578125	-0.1580712890625	9.687854003906251	0.95367431640625	0.06103515625	0.61798095703125
4.937	0.11017089843750001	-0.1197509765625	9.7189892578125	0.96893310546875	0.5035400390625	0.69427490234375
4.947	-0.01676513671875	-0.53408935546875	9.742939453125	0.87738037109375	1.70135498046875	1.68609619140625
4.957	-0.00239501953125	-0.28261230468750004	9.77886474609375	0.8544921875	1.77001953125	5.18798828125
4.967	-0.06945556640625	-0.5795947265625	9.73096435546875	0.8697509765625	2.1514892578125	6.65283203125
4.977	-0.023950195312500002	-0.8478369140625001	9.7668896484375	0.579833984375	2.05230712890625	8.4228515625
4.987	0.0383203125	-1.1136840820312501	9.733359375000001	0.5645751953125	1.47247314453125	9.42230224609375
4.997	-0.00239501953125	-1.16158447265625	9.716594238281251	0.26702880859375	1.068115234375	8.4228515625
5.007	-0.06945556640625	-1.16637451171875	9.716594238281251	-0.02288818359375	0.40435791015625	5.91278076171875
5.017	-0.05748046875	-1.00351318359375	9.63037353515625	-0.18310546875	-0.60272216796875	3.76129150390625
5.027	-0.124541015625	-0.8478369140625001	9.74533447265625	-0.1373291015625	-0.48065185546875	2.2430419921875
5.038	-0.4454736328125	-0.6825805664062501	9.7956298828125	-0.09918212890625	-0.6866455078125	1.68609619140625
5.048	-0.19160156250000002	-0.65863037109375	9.687854003906251	-0.05340576171875	-0.22125244140625	1.007080078125
5.058	-0.21076171875000002	-0.756826171875	9.75970458984375	-0.02288818359375	-0.274658203125	1.83868408203125
5.068	-0.1197509765625	-0.6873706054687501	9.71180419921875	0.06103515625	-0.1068115234375	3.3721923828125
5.078	-0.09819580078125001	-0.871787109375	9.7381494140625	0.1220703125	0.40435791015625	3.42559814453125
5.088	-0.0718505859375	-0.8622070312500001	9.6998291015625	0.3814697265625	0.54931640625	3.10516357421875
5.098	-0.1580712890625	-0.9867480468750001	9.74533447265625	0.38909912109375	0.40435791015625	2.62451171875
5.108	-0.08382568359375	-1.149609375	9.608818359375	0.60272216796875	1.1138916015625	2.23541259765625
5.117	-0.3784130859375	-1.149609375	9.814790039062501	0.52642822265625	1.80816650390625	1.40380859375
5.128	-0.4358935546875	-1.04662353515625	9.81	0.1068115234375	1.0833740234375	0.8697509765625
5.139	-0.29219238281250004	-1.0322534179687501	9.687854003906251	-0.12969970703125	0.8544921875	-0.1678466796875
5.149	-0.1484912109375	-0.9196875	9.79802490234375	-0.37384033203125	0.7781982421875	1.0986328125
5.158	0.0335302734375	-0.9675878906250001	9.75012451171875	-0.2593994140625	0.54168701171875	3.631591796875
5.168	0.011975097656250001	-1.005908203125	9.747729492187501	-0.03814697265625	0.61798095703125	4.852294921875
5.178	0.086220703125	-1.21427490234375	9.821975097656251	-0.18310546875	0.457763671875	3.5858154296875
5.187	0.2347119140625	-1.09931396484375	9.7285693359375	0.0	0.4425048828125	0.9002685546875
5.196	0.10059082031250001	-1.20948486328125	9.747729492187501	0.03814697265625	0.17547607421875	-1.71661376953125
5.207	-0.0047900390625	-0.9843530273437501	9.7189892578125	0.17547607421875	0.732421875	-4.9591064453125
5.217	-0.07424560546875	-1.101708984375	9.6710888671875	0.61798095703125	0.335693359375	-7.13348388671875
5.227	-0.1197509765625	-1.2286450195312502	9.72138427734375	0.640869140625	0.32806396484375	-9.10186767578125
5.237	-0.21555175781250002	-1.13284423828125	9.709409179687501	0.43487548828125	0.08392333984375	-10.13946533203125
5.248	-0.26584716796875	-1.1879296875	9.82676513671875	0.48828125	0.72479248046875	-12.786865234375
5.258	-0.15088623046875002	-1.24780517578125	9.7189892578125	0.579833984375	0.46539306640625	-13.85498046875
5.268	-0.01676513671875	-1.26217529296875	9.702224121093751	0.49591064453125	0.08392333984375	-13.17596435546875
5.279	-0.07424560546875	-1.3268408203125002	9.6902490234375	0.54931640625	-0.3662109375	-12.4969482421875
5.289	-0.13651611328125002	-1.3364208984375001	9.77407470703125	0.1373291015625	-0.518798828125	-13.1683349609375
5.3	0.124541015625	-1.33402587890625	9.63995361328125	0.06103515625	-0.3662109375	-13.5955810546875
5.31	0.14130615234375002	-1.24301513671875	9.67587890625	0.06866455078125	-0.8392333984375	-13.2904052734375
5.32	0.28740234375	-1.2118798828125001	9.709409179687501	0.02288818359375	-0.48065185546875	-13.08441162109375
5.33	0.26584716796875	-1.09931396484375	9.860295410156251	0.18310546875	-0.4730224609375	-12.603759765625
5.341	0.3209326171875	-1.178349609375	9.723779296875	0.396728515625	0.03814697265625	-13.397216796875
5.351	0.36643798828125	-1.30049560546875	9.6615087890625	-0.1983642578125	-0.457763671875	-13.14544677734375
5.362	0.39038818359375	-1.2885205078125002	9.73096435546875	-0.1678466796875	-0.1220703125	-14.25933837890625
5.372	0.3688330078125	-1.2166699218750001	9.642348632812501	0.152587890625	0.152587890625	-13.71002197265625
5.382	0.15088623046875002	-1.2645703125	9.8339501953125	0.29754638671875	-0.0457763671875	-12.786865234375
5.392	0.20597167968750002	-1.11847412109375	9.74533447265625	0.52642822265625	0.48065185546875	-11.52801513671875
5.402	0.0383203125	-1.1064990234375	9.72617431640625	0.49591064453125	0.70953369140625	-9.57489013671875
5.412	0.13412109375	-1.12326416015625	9.69743408203125	0.2899169921875	0.38909912109375	-7.62939453125
5.423	-0.009580078125	-0.8214916992187501	9.90580078125	0.70953369140625	1.71661376953125	-4.08172607421875
5.433	0.258662109375	-1.1448193359375	9.762099609375001	-1.3275146484375	0.43487548828125	-9.9334716796875
5.444	0.57719970703125	-1.2166699218750001	9.87945556640625	-0.46539306640625	-1.0528564453125	-10.498046875
5.454	0.33290771484375004	-1.0753637695312501	9.733359375000001	0.030517578125	-1.30462646484375	-12.50457763671875
5.466	0.13412109375	-0.8214916992187501	9.79802490234375	-0.274658203125	-1.5869140625	-14.556884765625
5.476	0.24668701171875002	-0.74006103515625	9.63755859375	-0.30517578125	-1.59454345703125	-14.7247314453125
5.487	0.00718505859375	-0.718505859375	9.87945556640625	-0.579833984375	-1.03759765625	-14.892578125
5.497	-0.01916015625	-0.7807763671875	9.742939453125	-0.6103515625	-1.373291015625	-12.298583984375
5.509	-0.055085449218750006	-0.6753955078125	9.72617431640625	-1.129150390625	-1.495361328125	-11.993408203125
5.52	0.04071533203125	-0.61072998046875	9.702224121093751	-0.78582763671875	-2.05230712890625	-10.06317138671875
5.531	0.13651611328125002	-0.5652246093750001	9.76449462890625	-0.9613037109375	-2.410888671875	-7.78961181640625
5.541	0.050295410156250005	-0.536484375	9.69743408203125	-0.80108642578125	-2.44903564453125	-7.27081298828125
5.552	-0.0047900390625	-0.6873706054687501	9.7716796875	-0.7781982421875	-2.3040771484375	-9.40704345703125
5.563	-0.052690429687500005	-0.7664062500000001	9.79083984375	-0.80108642578125	-1.99127197265625	-13.5650634765625
5.574	-0.15567626953125	-1.08494384765625	9.695039062500001	-0.1373291015625	-1.07574462890625	-19.20318603515625
5.584	0.086220703125	-0.910107421875	9.8483203125	0.28228759765625	-0.58746337890625	-23.193359375
5.596	-0.08861572265625	-1.0011181640625	9.73575439453125	-0.19073486328125	-0.7171630859375	-26.5655517578125
5.607	-0.06945556640625	-0.9029223632812501	9.72617431640625	-0.41961669921875	-1.678466796875	-28.62548828125
5.618	-0.4454736328125	-0.51732421875	9.7668896484375	-0.08392333984375	-2.86102294921875	-28.6865234375
5.628	-0.59396484375	-0.469423828125	9.69743408203125	-0.4425048828125	-2.98309326171875	-26.89361572265625
5.64	-0.65863037109375	-0.23231689453125	9.67827392578125	-0.732421875	-2.7313232421875	-25.8941650390625
5.651	-0.7903564453125	-0.0335302734375	9.72617431640625	-1.09100341796875	-3.15093994140625	-23.345947265625
5.662	-0.8478369140625001	-0.067060546875	9.72138427734375	-0.4119873046875	-3.0517578125	-22.6898193359375
5.673	-0.833466796875	0.1293310546875	9.800419921875001	-0.5340576171875	-2.2735595703125	-22.216796875
5.684	-0.71611083984375	0.1389111328125	9.69743408203125	-0.18310546875	-1.45721435546875	-18.310546875
5.695	-0.6849755859375001	0.296982421875	9.6998291015625	-0.09918212890625	-0.84686279296875	-13.702392578125
5.706	-0.335302734375	0.12693603515625002	9.754914550781251	-0.11444091796875	-0.77056884765625	-9.2315673828125
5.716	-0.20118164062500002	-0.09819580078125001	9.754914550781251	-0.2899169921875	-0.40435791015625	-8.2244873046875
5.726	0.0	0.023950195312500002	9.723779296875	-0.23651123046875	-0.38909912109375	-10.35308837890625
5.736	0.20357666015625	-0.19160156250000002	9.67587890625	0.1220703125	-0.5645751953125	-11.68060302734375
5.746	0.1293310546875	-0.25626708984375	9.857900390625	-0.7171630859375	-1.1138916015625	-14.36614990234375
5.757	-0.14609619140625002	0.0335302734375	9.740544433593751	-1.01470947265625	-1.21307373046875	-16.62445068359375
5.768	-0.25626708984375	0.15567626953125	9.7285693359375	-0.90789794921875	-0.93841552734375	-18.56231689453125
5.779	-0.41433837890625	0.32332763671875003	9.9010107421875	-1.12152099609375	-1.38092041015625	-16.70074462890625
5.79	-0.4358935546875	0.44068359375000005	9.65911376953125	-0.7171630859375	-0.83160400390625	-13.9007568359375
5.8	-0.21555175781250002	0.44068359375000005	9.6998291015625	-0.34332275390625	-0.35858154296875	-11.3525390625
5.81	-0.06466552734375	0.26105712890625	9.71419921875	-0.3662109375	0.03814697265625	-7.9193115234375
5.82	-0.09819580078125001	0.028740234375	9.781259765625	-0.4730224609375	-0.152587890625	-6.195068359375
5.829	0.045505371093750004	-0.045505371093750004	9.63995361328125	-0.34332275390625	-0.61798095703125	-6.2713623046875
5.839	0.13651611328125002	0.047900390625000004	9.754914550781251	-0.2593994140625	-0.4730224609375	-6.8206787109375
5.849	0.2347119140625	0.13172607421875002	9.769284667968751	-0.030517578125	-0.35858154296875	-6.2408447265625
5.859	0.18202148437500001	0.01676513671875	9.71419921875	-0.40435791015625	-1.0833740234375	-4.21142578125
5.868	-0.0383203125	0.0	9.709409179687501	-0.92315673828125	-1.64031982421875	-5.1727294921875
5.878	0.06945556640625	0.045505371093750004	9.86508544921875	-0.48828125	-1.76239013671875	-7.537841796875
5.889	-0.12693603515625002	0.026345214843750003	9.819580078125	-0.60272216796875	-2.1514892578125	-9.58251953125
5.9	-0.2442919921875	0.05748046875	9.7189892578125	-0.96893310546875	-1.3580322265625	-12.359619140625
5.91	-0.19639160156250002	0.29219238281250004	9.65911376953125	-0.91552734375	-1.12152099609375	-13.0157470703125
5.921	-0.21076171875000002	0.3448828125	9.77886474609375	-0.5340576171875	-0.335693359375	-12.29095458984375
5.932	-0.07424560546875	0.28979736328125	9.76449462890625	-0.6103515625	-1.4495849609375	-9.19342041015625
5.942	-0.17962646484375	0.20597167968750002	9.77407470703125	-0.2593994140625	-0.78582763671875	-8.819580078125
5.952	0.01676513671875	0.09819580078125001	9.6519287109375	-0.244140625	-0.23651123046875	-10.65826416015625
5.962	0.17962646484375	0.067060546875	9.7956298828125	-0.0762939453125	-0.45013427734375	-11.90948486328125
5.971	0.28500732421875	-0.0383203125	9.680668945312501	0.030517578125	0.06866455078125	-15.7318115234375
5.981	0.22513183593750002	0.10777587890625001	9.7573095703125	-0.030517578125	-0.41961669921875	-18.98193359375
5.992	0.1772314453125	0.07903564453125	9.716594238281251	-0.48828125	-0.8087158203125	-22.613525390625
6.001	0.09340576171875001	-0.052690429687500005	9.75251953125	0.06866455078125	-1.02996826171875	-26.30615234375
6.011	0.22752685546875	0.32811767578125	9.71419921875	-0.14495849609375	-1.48773193359375	-28.58734130859375
6.022	0.1676513671875	0.45265869140625004	9.68306396484375	0.22125244140625	-1.71661376953125	-28.778076171875
6.032	0.050295410156250005	0.5748046875	9.685458984375	0.26702880859375	-0.6561279296875	-29.84619140625
6.042	-0.009580078125	0.6059399414062501	9.71180419921875	0.1373291015625	-0.3662109375	-28.13720703125
6.052	-0.1293310546875	0.67779052734375	9.819580078125	0.17547607421875	-0.19073486328125	-27.51922607421875
6.063	-0.22034179687500002	0.72090087890625	9.71419921875	-0.14495849609375	-0.11444091796875	-24.95574951171875
6.073	-0.469423828125	0.87418212890625	9.814790039062501	0.54168701171875	-0.0152587890625	-22.66693115234375
6.084	-0.277822265625	1.2406201171875	9.4794873046875	1.60980224609375	-0.77056884765625	-10.5743408203125
6.094	-0.9029223632812501	1.3915063476562501	9.75251953125	-0.35858154296875	-0.29754638671875	-9.33074951171875
6.105	-0.4981640625	1.53520751953125	9.73575439453125	-0.244140625	0.06866455078125	-4.547119140625
6.114	-0.4071533203125	1.3651611328125002	9.769284667968751	-0.0152587890625	0.02288818359375	-0.8087158203125
6.124	-0.23710693359375	1.3483959960937502	9.716594238281251	-0.08392333984375	0.28228759765625	1.12152099609375
6.134	-0.14130615234375002	1.37713623046875	9.6902490234375	-0.46539306640625	-0.03814697265625	0.99945068359375
6.144	-0.026345214843750003	1.3867163085937502	9.6710888671875	-0.11444091796875	-0.69427490234375	2.593994140625
6.154	0.0047900390625	1.3699511718750002	9.647138671875	-0.20599365234375	-0.762939453125	2.685546875
6.164	-0.10777587890625001	1.504072265625	9.73575439453125	-0.49591064453125	-1.12152099609375	3.31878662109375
6.174	-0.29458740234375	1.6262182617187502	9.69264404296875	-0.55694580078125	-1.312255859375	3.9825439453125
6.184	-0.2442919921875	1.6238232421875	9.656718750000001	-0.3662109375	-0.29754638671875	3.4027099609375
6.195	-0.28261230468750004	1.6429833984375002	9.66390380859375	-0.66375732421875	-0.030517578125	2.9296875
6.205	-0.26584716796875	1.8154248046875001	9.877060546875	-0.22125244140625	-0.396728515625	2.1514892578125
6.214	0.03592529296875	1.73159912109375	9.649533691406251	-0.69427490234375	-0.67138671875	0.91552734375
6.224	0.17483642578125	1.69327880859375	9.7285693359375	-0.77056884765625	-0.5645751953125	0.6103515625
6.234	0.40236328125000004	1.73159912109375	9.71419921875	-0.3509521484375	-0.0457763671875	2.197265625
6.243	0.1389111328125	1.9351757812500001	9.742939453125	-0.152587890625	0.152587890625	3.997802734375
6.253	-0.0718505859375	1.89446044921875	9.75251953125	-0.43487548828125	-0.12969970703125	4.95147705078125
6.263	-0.18441650390625	1.7866845703125	9.66869384765625	-0.30517578125	0.213623046875	5.36346435546875
6.273	-0.32572265625	1.9040405273437502	9.769284667968751	0.22125244140625	0.48065185546875	3.74603271484375
6.283	-0.37601806640625	1.9423608398437502	9.687854003906251	0.1068115234375	0.3662109375	3.54766845703125
6.293	-0.70892578125	1.8753002929687501	9.72138427734375	-0.1068115234375	0.5645751953125	1.53350830078125
6.303	-0.73048095703125	1.9974462890625	9.762099609375001	-0.091552734375	0.25177001953125	1.64794921875
6.312	-0.7855664062500001	1.9974462890625	9.69264404296875	0.030517578125	0.152587890625	1.70135498046875
6.323	-0.71611083984375	1.92799072265625	9.656718750000001	0.22125244140625	0.579833984375	1.922607421875
6.332	-0.49576904296875	1.714833984375	9.649533691406251	0.19073486328125	0.6103515625	2.655029296875
6.342	-0.48618896484375	1.4681469726562502	9.754914550781251	-0.1373291015625	0.3509521484375	2.9144287109375
6.351	-0.11256591796875001	0.756826171875	9.8435302734375	-0.61798095703125	-0.2593994140625	0.457763671875
6.362	-0.0814306640625	-0.026345214843750003	9.800419921875001	-1.15203857421875	-0.762939453125	0.45013427734375
6.372	0.0143701171875	-0.09101074218750001	9.89861572265625	-1.42669677734375	-0.9002685546875	0.35858154296875
6.381	0.00718505859375	-0.17004638671875	9.7668896484375	-1.2054443359375	-1.7852783203125	0.5645751953125
6.391	0.0335302734375	-0.12214599609375	9.7860498046875	-0.69427490234375	-1.93023681640625	0.48065185546875
6.401	0.055085449218750006	-0.1580712890625	9.776469726562501	-0.4730224609375	-1.51824951171875	0.43487548828125
6.411	0.07903564453125	-0.18681152343750002	9.7573095703125	-0.40435791015625	-1.82342529296875	0.67138671875
6.421	0.08861572265625	-0.1293310546875	9.67587890625	-0.152587890625	-1.85394287109375	0.5035400390625
6.43	0.124541015625	-0.1197509765625	9.702224121093751	0.00762939453125	-1.88446044921875	0.6561279296875
6.439	0.1149609375	-0.15088623046875002	9.81	0.31280517578125	-1.30462646484375	0.72479248046875
6.449	-0.1484912109375	-0.39038818359375	9.7860498046875	0.0457763671875	1.2054443359375	0.93841552734375
6.459	-0.38320312500000003	-0.19399658203125	9.78844482421875	-0.17547607421875	-0.7476806640625	2.02178955078125
6.47	-0.8813671875000001	-0.67779052734375	9.829160156250001	-0.57220458984375	-0.05340576171875	2.98309326171875
6.48	-1.02746337890625	-0.61072998046875	9.747729492187501	-0.31280517578125	0.28228759765625	3.1890869140625
6.491	-1.18553466796875	-0.63947021484375	9.7381494140625	-0.37384033203125	0.30517578125	4.94384765625
6.501	-1.30049560546875	-0.737666015625	9.67587890625	-0.3204345703125	0.92315673828125	4.8980712890625
6.512	-1.082548828125	-0.7520361328125	9.75970458984375	-0.30517578125	1.18255615234375	5.218505859375
6.522	-1.08015380859375	-0.6466552734375001	9.821975097656251	-0.396728515625	0.518798828125	6.65283203125
6.533	-1.12326416015625	-0.56282958984375	9.77407470703125	-0.6256103515625	0.54168701171875	7.25555419921875
6.543	-1.0921289062500001	-0.59396484375	9.69264404296875	-0.45013427734375	0.67138671875	6.9122314453125
6.553	-1.1879296875	-0.42152343750000004	9.776469726562501	-0.79345703125	-0.26702880859375	7.01904296875
6.563	-1.0394384765625	-0.38559814453125	9.6998291015625	-0.30517578125	0.8392333984375	7.38525390625
6.574	-1.2334350585937501	-0.36404296875000003	9.742939453125	-0.43487548828125	0.0457763671875	10.31494140625
6.584	-1.21906494140625	-0.21794677734375	9.69264404296875	-0.6103515625	-0.28228759765625	13.5040283203125
6.595	-1.0346484375	-0.32572265625	9.927355957031251	-0.3814697265625	-0.67138671875	15.38848876953125
6.606	-1.22385498046875	-0.29219238281250004	10.13811767578125	-0.4119873046875	-0.9613037109375	17.669677734375
6.617	-1.2334350585937501	-0.6035449218750001	9.5417578125	0.7476806640625	1.373291015625	17.242431640625
6.628	-1.044228515625	-0.43110351562500004	9.95130615234375	-0.7476806640625	-1.86920166015625	20.82061767578125
6.638	-0.7640112304687501	-0.680185546875	9.685458984375	-0.08392333984375	1.77001953125	22.5067138671875
6.648	-1.11847412109375	-0.45744873046875	9.613608398437501	-0.28228759765625	0.70953369140625	24.0020751953125
6.66	-0.9795629882812501	-0.36164794921875004	9.740544433593751	-0.84686279296875	-1.7852783203125	26.1688232421875
6.671	-0.8214916992187501	-0.31374755859375003	9.98483642578125	-0.08392333984375	-0.98419189453125	25.93994140625
6.681	-0.45026367187500005	-0.27542724609375	9.75012451171875	-0.55694580078125	-2.87628173828125	25.45928955078125
6.692	-0.40954833984375	-0.775986328125	9.436376953125	0.49591064453125	-0.70953369140625	23.81134033203125
6.703	-0.9675878906250001	-0.44068359375000005	9.807604980468751	-0.091552734375	-2.03704833984375	19.58465576171875
6.714	-0.8574169921875	-0.5652246093750001	9.635163574218751	0.20599365234375	-1.77001953125	16.85333251953125
6.724	-0.69695068359375	-0.354462890625	9.776469726562501	0.274658203125	-1.16729736328125	16.63970947265625
6.734	-0.6658154296875001	-0.33290771484375004	9.7860498046875	0.396728515625	-1.24359130859375	19.35577392578125
6.746	-0.3592529296875	-0.25387207031250003	9.987231445312501	-1.03759765625	0.86212158203125	22.430419921875
6.756	-0.98914306640625	-0.57719970703125	9.75970458984375	-0.1678466796875	2.26593017578125	19.50836181640625
6.767	-1.21906494140625	-0.72090087890625	9.63037353515625	0.7476806640625	2.7313232421875	17.47894287109375
6.777	-1.04662353515625	-0.59635986328125	9.92256591796875	0.87738037109375	2.166748046875	22.430419921875
6.788	-1.61663818359375	-1.120869140625	9.62558349609375	0.03814697265625	2.3040771484375	26.58843994140625
6.799	-1.9878662109375	-1.2693603515625	9.66869384765625	-0.45013427734375	7.5531005859375	29.41131591796875
6.81	-1.69806884765625	-0.77838134765625	9.57289306640625	0.8087158203125	4.47845458984375	22.66693115234375
6.82	-1.6813037109375002	-0.7065307617187501	9.685458984375	0.00762939453125	6.58416748046875	11.66534423828125
6.831	-0.93166259765625	-0.45984375	9.948911132812501	-0.213623046875	3.875732421875	6.5155029296875
6.84	-0.6466552734375001	-0.35685791015625	9.829160156250001	0.06103515625	0.67138671875	4.9285888671875
6.85	-0.2682421875	-0.34727783203125	9.84592529296875	1.2054443359375	-1.64794921875	0.64849853515625
6.859	-0.5460644531250001	-0.0718505859375	9.781259765625	0.03814697265625	0.06103515625	0.54931640625
6.868	-1.16637451171875	0.21315673828125	9.596843261718751	0.0457763671875	-0.579833984375	-0.2899169921875
6.879	-0.7041357421875001	0.5652246093750001	9.740544433593751	-0.0152587890625	0.80108642578125	-3.50189208984375
6.889	-0.833466796875	0.43110351562500004	9.723779296875	-0.091552734375	0.518798828125	-7.88116455078125
6.899	-0.737666015625	0.55324951171875	9.69743408203125	0.457763671875	-0.2288818359375	-9.02557373046875
6.909	0.00718505859375	0.3113525390625	9.80281494140625	0.0457763671875	-0.274658203125	-4.4403076171875
6.919	-0.33290771484375004	0.14609619140625002	9.853110351562501	-0.17547607421875	-0.34332275390625	0.9918212890625
6.929	-0.3879931640625	-0.0814306640625	9.56331298828125	-0.1983642578125	-0.66375732421875	3.11279296875
6.939	-0.6873706054687501	0.13651611328125002	9.81718505859375	-0.16021728515625	-0.64849853515625	1.0833740234375
6.948	0.19160156250000002	0.09580078125000001	9.76449462890625	0.58746337890625	-0.79345703125	0.70953369140625
6.959	-0.01676513671875	-0.028740234375	9.81	0.81634521484375	-2.5482177734375	3.0975341796875
6.969	0.41912841796875	0.0718505859375	9.2878857421875	1.19781494140625	-1.739501953125	9.27734375
6.979	-0.5508544921875	0.06945556640625	9.7860498046875	-0.8697509765625	-2.0751953125	15.48004150390625
6.989	-0.19639160156250002	-0.076640625	9.81718505859375	-0.5035400390625	-1.77764892578125	17.66204833984375
7.0	0.11256591796875001	-0.26584716796875	9.5848681640625	0.0762939453125	1.1444091796875	18.2037353515625
7.01	-0.14130615234375002	-0.32572265625	9.853110351562501	-0.40435791015625	-0.0457763671875	18.07403564453125
7.02	0.18681152343750002	-0.05987548828125	10.05908203125	-0.3662109375	-0.3204345703125	13.824462890625
7.029	0.028740234375	-0.28979736328125	9.532177734375	1.13677978515625	-2.227783203125	5.77545166015625
7.04	-0.17483642578125	-0.22513183593750002	9.568103027343751	-0.1678466796875	-4.43267822265625	0.38909912109375
7.051	-0.09819580078125001	-0.067060546875	10.336904296875	-1.3580322265625	3.56292724609375	-10.49041748046875
7.062	-0.72090087890625	-0.8071215820312501	9.02682861328125	2.0751953125	2.69317626953125	-20.53070068359375
7.071	0.00718505859375	0.00239501953125	9.96088623046875	-0.26702880859375	4.5318603515625	-31.27288818359375
7.081	0.1389111328125	0.11256591796875001	9.86987548828125	1.1138916015625	3.07464599609375	-23.49853515625
7.092	-0.16525634765625	0.37601806640625	9.723779296875	0.55694580078125	4.8828125	-24.92523193359375
7.102	0.21315673828125	0.39278320312500004	9.75012451171875	1.21307373046875	7.60650634765625	-33.21075439453125
7.112	1.063388671875	-0.143701171875	9.52020263671875	0.3662109375	7.87353515625	-31.27288818359375
7.122	2.3998095703125	0.0718505859375	9.886640625	0.0	1.02996826171875	-14.58740234375
7.132	2.85486328125	0.055085449218750006	10.164462890625	0.60272216796875	-2.62451171875	4.85992431640625
7.143	1.47772705078125	-0.51732421875	9.762099609375001	-0.52642822265625	-3.56292724609375	15.1214599609375
7.153	1.2597802734375	-0.19639160156250002	9.814790039062501	-1.495361328125	-1.556396484375	19.12689208984375
7.164	1.6741186523437501	-0.18920654296875	9.92256591796875	-2.044677734375	-3.6773681640625	31.89849853515625
7.176	-1.063388671875	-0.011975097656250001	9.89382568359375	-1.28936767578125	-1.4495849609375	19.63043212890625
7.186	-0.96998291015625	-0.30895751953125	9.7860498046875	-0.8087158203125	1.41143798828125	1.3427734375
7.197	-0.9148974609375	-0.07903564453125	9.5034375	-1.06048583984375	1.91497802734375	-3.448486328125
7.207	-0.89334228515625	0.5053491210937501	9.72138427734375	-1.39617919921875	3.0670166015625	-12.3138427734375
7.219	0.258662109375	0.21555175781250002	9.410031738281251	-1.15966796875	1.556396484375	-17.90618896484375
7.229	0.61072998046875	0.8669970703125001	10.049501953125	-0.9918212890625	2.29644775390625	-20.44677734375
7.239	0.8430468750000001	0.27303222656250004	9.71180419921875	-0.4730224609375	0.152587890625	-12.97760009765625
7.249	1.7459692382812502	-0.1484912109375	9.687854003906251	-0.28228759765625	-3.34930419921875	-1.31988525390625
7.261	1.3843212890625	-0.25626708984375	9.613608398437501	0.52642822265625	-9.0789794921875	4.8828125
7.271	0.53408935546875	-0.42391845703125003	9.52020263671875	1.2054443359375	-9.91058349609375	-1.1444091796875
7.282	0.41912841796875	-0.62031005859375	9.819580078125	1.0528564453125	-6.1187744140625	-8.4686279296875
7.292	0.29937744140625	-0.43349853515625003	9.433981933593751	1.44195556640625	-4.99725341796875	-12.39776611328125
7.303	1.09931396484375	0.09819580078125001	9.9776513671875	0.7476806640625	-3.74603271484375	-5.85174560546875
7.313	1.3531860351562501	0.53887939453125	9.819580078125	0.48828125	-2.838134765625	3.02886962890625
7.322	1.3172607421875	0.38320312500000003	9.627978515625001	0.02288818359375	-1.3885498046875	8.4991455078125
7.332	1.0370434570312501	0.57719970703125	9.72617431640625	0.00762939453125	0.02288818359375	11.71112060546875
7.343	1.36037109375	0.70892578125	9.79802490234375	-0.84686279296875	1.2664794921875	13.66424560546875
7.353	2.1579125976562503	0.39278320312500004	9.70701416015625	-0.84686279296875	2.4566650390625	19.744873046875
7.363	2.82851806640625	0.34727783203125	9.747729492187501	-1.007080078125	0.55694580078125	28.5797119140625
7.373	2.49800537109375	0.30895751953125	9.656718750000001	-1.62506103515625	0.26702880859375	43.39599609375
7.384	2.16509765625	-0.13172607421875002	10.06626708984375	-2.02178955078125	-1.617431640625	53.955078125
7.395	1.88967041015625	-0.10538085937500001	9.72617431640625	-1.46484375	-1.8768310546875	61.19537353515625
7.405	1.9016455078125	0.29458740234375	9.77407470703125	-2.00653076171875	-3.51715087890625	56.976318359375
7.416	1.6477734375000002	0.258662109375	9.723779296875	-1.6021728515625	-5.43975830078125	44.24285888671875
7.427	2.1794677734375	0.4454736328125	9.69264404296875	-1.129150390625	-7.30133056640625	32.928466796875
7.438	2.7830126953125003	0.35685791015625	9.781259765625	-1.93023681640625	-9.02557373046875	23.36883544921875
7.448	3.2811767578125	0.40954833984375	9.75970458984375	-1.4495849609375	-8.06427001953125	15.13671875
7.459	3.57576416015625	0.3879931640625	9.6710888671875	-0.8392333984375	-5.66864013671875	9.36126708984375
7.47	3.2452514648437503	0.17483642578125	9.72138427734375	-0.66375732421875	-3.4027099609375	7.01141357421875
7.48	2.24892333984375	0.17244140625	9.695039062500001	-0.4425048828125	-1.1138916015625	0.79345703125
7.489	-0.23710693359375	-0.1484912109375	9.41961181640625	-0.0762939453125	2.288818359375	0.14495849609375
7.499	0.052690429687500005	-0.09580078125000001	9.6998291015625	-0.17547607421875	2.2125244140625	-0.1220703125
7.51	-0.023950195312500002	-0.067060546875	9.716594238281251	-0.83160400390625	-0.9002685546875	0.25177001953125
7.52	0.124541015625	-0.11735595703125	9.821975097656251	-0.99945068359375	-2.2430419921875	0.274658203125
7.529	0.1676513671875	-0.03592529296875	9.84113525390625	-1.007080078125	-1.53350830078125	0.14495849609375
7.539	0.43828857421875	-0.11735595703125	9.8435302734375	0.11444091796875	2.72369384765625	-0.51116943359375
7.548	0.316142578125	-0.067060546875	9.77407470703125	0.5035400390625	6.8206787109375	-1.65557861328125
7.559	0.42870849609375	0.09819580078125001	10.260263671875	0.3814697265625	13.7176513671875	-5.18035888671875
7.569	1.3555810546875	0.124541015625	11.12007568359375	-3.6468505859375	30.64727783203125	-4.96673583984375
7.58	1.8705102539062501	-0.09580078125000001	12.008627929687501	-11.5966796875	63.1103515625	1.09100341796875
7.591	-0.6059399414062501	0.047900390625000004	10.796748046875	-14.0228271484375	79.90264892578125	1.33514404296875
7.603	-2.90515869140625	-1.599873046875	11.318862304687501	-15.93780517578125	73.26507568359375	1.0223388671875
7.613	-0.39278320312500004	-1.9016455078125	11.86253173828125	1.12152099609375	57.80029296875	-3.83758544921875
7.624	0.2682421875	-1.0969189453125001	13.881533203125	4.35638427734375	54.3212890625	2.7618408203125
7.634	0.46223876953125004	-0.852626953125	14.5090283203125	-3.99017333984375	45.4864501953125	8.59832763671875
7.646	0.6753955078125	-0.71132080078125	15.07185791015625	-10.33782958984375	30.93719482421875	11.5203857421875
7.657	1.18553466796875	-0.5891748046875	15.28261962890625	-15.899658203125	17.43316650390625	17.03643798828125
7.668	1.0346484375	-0.5676196289062501	14.973662109375	-18.30291748046875	1.556396484375	25.87890625
7.68	0.49097900390625004	-0.7256909179687501	14.5760888671875	-16.6015625	-9.27734375	27.3284912109375
7.692	-0.17483642578125	-0.7232958984375001	14.051579589843751	-14.7857666015625	-16.42608642578125	20.5230712890625
7.703	-0.9580078125	-0.79754150390625	13.488750000000001	-16.8304443359375	-20.22552490234375	6.2255859375
7.715	-1.465751953125	-0.79275146484375	12.882810058593751	-20.01953125	-21.1029052734375	-14.9383544921875
7.728	-1.53520751953125	-0.6442602539062501	12.403806152343751	-21.5911865234375	-24.16229248046875	-40.51971435546875
7.739	0.69216064453125	-1.2765454101562501	12.74389892578125	-22.0947265625	-6.20269775390625	-49.896240234375
7.751	1.7890795898437502	-1.4082714843750002	12.1619091796875	-19.744873046875	9.1094970703125	-34.15679931640625
7.762	1.45856689453125	-1.13763427734375	11.831396484375	-14.09149169921875	8.270263671875	-5.91278076171875
7.773	0.37601806640625	-0.3065625	11.92959228515625	-14.01519775390625	-0.45013427734375	12.99285888671875
7.784	0.45265869140625004	0.49097900390625004	11.95833251953125	-17.822265625	-5.615234375	20.7977294921875
7.795	0.316142578125	0.6945556640625	11.563154296875	-16.42608642578125	-8.35418701171875	26.153564453125
7.805	0.1293310546875	0.42870849609375	11.2039013671875	-8.8043212890625	-11.23046875	29.083251953125
7.817	-0.4167333984375	0.08861572265625	10.705737304687501	-0.60272216796875	-13.0615234375	28.35845947265625
7.828	-0.661025390625	-0.13651611328125002	10.2075732421875	11.77978515625	-12.725830078125	24.7039794921875
7.839	-0.3400927734375	-0.42391845703125003	10.64107177734375	24.35302734375	-3.07464599609375	22.08709716796875
7.849	-0.41433837890625	-0.42152343750000004	10.921289062500001	29.19769287109375	-1.678466796875	23.13232421875
7.861	-0.57719970703125	-0.37122802734375004	11.100915527343751	29.19769287109375	-1.28173828125	25.9552001953125
7.871	-0.22034179687500002	-0.59156982421875	11.26856689453125	27.5115966796875	5.828857421875	27.91595458984375
7.882	-0.73048095703125	-0.39996826171875	11.177556152343751	23.9715576171875	6.561279296875	28.06854248046875
7.894	-1.19990478515625	-0.26105712890625	10.969189453125	20.91217041015625	4.52423095703125	26.51214599609375
7.904	-1.3460009765625	-0.20118164062500002	11.1081005859375	18.3258056640625	2.64739990234375	25.8941650390625
7.915	-1.49688720703125	-0.1293310546875	11.0745703125	15.2740478515625	-0.34332275390625	24.33013916015625
7.926	-1.77470947265625	-0.33290771484375004	10.84225341796875	14.6331787109375	3.0517578125	19.9127197265625
7.937	-1.9088305664062502	-0.41433837890625	10.854228515625001	15.69366455078125	-0.6103515625	13.93890380859375
7.948	-1.5471826171875	-0.0814306640625	11.220666503906251	12.3291015625	-6.27899169921875	8.70513916015625
7.959	-1.1687695312500002	0.03113525390625	11.24701171875	9.1400146484375	-12.12310791015625	6.72149658203125
7.969	-0.7256909179687501	0.21076171875000002	11.62302978515625	7.77435302734375	-13.0615234375	6.59942626953125
7.981	-0.79754150390625	0.613125	11.311677246093751	3.74603271484375	-23.284912109375	7.6751708984375
7.992	-0.7879614257812501	0.661025390625	10.9164990234375	1.495361328125	-32.09686279296875	7.91168212890625
8.003	-1.3699511718750002	0.70892578125	10.075847167968751	4.1656494140625	-38.0401611328125	2.3651123046875
8.014	-1.6717236328125	0.67779052734375	9.49146240234375	5.035400390625	-40.0543212890625	-4.24957275390625
8.026	-1.6813037109375002	0.6753955078125	8.751401367187501	6.103515625	-42.0379638671875	-8.60595703125
8.037	-1.5447875976562502	0.9436376953125001	8.205336914062501	5.36346435546875	-43.64776611328125	-10.833740234375
8.048	-1.2406201171875	1.10410400390625	7.83889892578125	4.64630126953125	-42.67120361328125	-11.92474365234375
8.059	-0.680185546875	0.95561279296875	7.64729736328125	7.232666015625	-35.491943359375	-14.0838623046875
8.072	-0.8023315429687501	0.7448510742187501	7.256909179687501	9.62066650390625	-30.02166748046875	-14.9383544921875
8.082	0.045505371093750004	0.60114990234375	7.39821533203125	11.5814208984375	-18.73779296875	-10.53619384765625
8.093	-0.25387207031250003	0.62031005859375	7.182663574218751	10.68878173828125	-13.3514404296875	-3.3111572265625
8.103	0.20118164062500002	0.55803955078125	7.4197705078125	8.8653564453125	-5.5389404296875	4.302978515625
8.114	0.0383203125	0.22034179687500002	7.230563964843751	7.01141357421875	-0.90789794921875	8.514404296875
8.123	-0.4454736328125	0.0047900390625	7.230563964843751	4.60052490234375	3.631591796875	6.89697265625
8.133	-0.5245092773437501	-0.14609619140625002	7.10602294921875	2.3956298828125	5.9814453125	1.0986328125
8.143	-0.14130615234375002	-0.15088623046875002	7.21140380859375	-2.38037109375	5.859375	-3.7994384765625
8.155	0.01676513671875	-0.13172607421875002	7.5012011718750005	-11.54327392578125	5.3253173828125	-4.608154296875
8.165	0.09101074218750001	-0.37362304687500003	7.721542968750001	-23.07891845703125	5.828857421875	-1.91497802734375
8.175	0.22752685546875	-0.28500732421875	8.04966064453125	-39.97802734375	2.72369384765625	5.8746337890625
8.186	0.3065625	-0.3305126953125	8.2532373046875	-55.6793212890625	-0.091552734375	14.6942138671875
8.197	0.30895751953125	-0.43828857421875	8.10474609375	-64.483642578125	3.74603271484375	17.5018310546875
8.208	0.91250244140625	-0.73048095703125	8.82085693359375	-72.71575927734375	3.41796875	15.2740478515625
8.219	-0.023950195312500002	-0.5484594726562501	7.2856494140625	-64.55230712890625	9.7808837890625	12.939453125
8.229	-0.3400927734375	-0.38080810546875005	7.556286621093751	-56.12945556640625	12.62664794921875	7.62939453125
8.242	-1.3412109375	-1.00351318359375	7.252119140625	-33.4625244140625	14.007568359375	-7.1868896484375
8.253	-0.067060546875	0.24189697265625001	8.46160400390625	-19.81353759765625	22.3388671875	-21.38519287109375
8.264	-0.9675878906250001	-1.0777587890625	7.999365234375	-10.650634765625	19.8516845703125	-23.98681640625
8.276	-0.316142578125	-0.6562353515625	8.44962890625	-10.68878173828125	26.4739990234375	-33.40911865234375
8.288	-0.19639160156250002	-0.775986328125	8.66757568359375	-4.05120849609375	24.35302734375	-45.623779296875
8.299	0.277822265625	-1.00351318359375	8.744216308593751	5.462646484375	19.84405517578125	-51.6815185546875
8.31	0.5053491210937501	-1.504072265625	8.902287597656251	23.0865478515625	18.13507080078125	-50.2166748046875
8.322	0.316142578125	-0.8813671875000001	9.216035156250001	38.0706787109375	13.519287109375	-47.454833984375
8.332	-0.0047900390625	-0.5484594726562501	9.2399853515625	42.64068603515625	6.011962890625	-44.73876953125
8.343	-0.12693603515625002	-0.46223876953125004	9.28549072265625	45.8984375	-1.0986328125	-44.00634765625
8.354	-0.4454736328125	-0.43349853515625003	9.050778808593751	49.4537353515625	-8.32366943359375	-44.097900390625
8.366	-0.9460327148437501	-0.4167333984375	8.67955078125	54.67987060546875	-14.41192626953125	-47.21832275390625
8.377	-0.45984375	-0.32811767578125	8.76337646484375	55.877685546875	-17.76885986328125	-46.83685302734375
8.388	0.1293310546875	-0.12693603515625002	8.962163085937501	49.041748046875	-21.42333984375	-36.5447998046875
8.399	0.27063720703125	-0.0814306640625	8.976533203125001	39.215087890625	-25.84075927734375	-21.8048095703125
8.411	0.6083349609375001	-0.19399658203125	8.995693359375	30.5328369140625	-26.5045166015625	-7.51495361328125
8.422	0.086220703125	-0.51971923828125	8.6460205078125	22.97210693359375	-26.0162353515625	2.8076171875
8.433	-0.18202148437500001	-0.75443115234375	8.3873583984375	19.317626953125	-22.15576171875	6.103515625
8.443	-0.4263134765625	-0.8837622070312501	7.994575195312501	15.57159423828125	-18.5699462890625	5.1727294921875
8.455	-0.36404296875000003	-0.8646020507812501	8.133486328125	10.162353515625	-17.67730712890625	3.8299560546875
8.465	-0.052690429687500005	-0.5125341796875	8.2819775390625	4.058837890625	-14.1143798828125	1.67083740234375
8.476	0.13172607421875002	-0.5748046875	8.05445068359375	-0.26702880859375	-15.12908935546875	2.46429443359375
8.486	0.33769775390625	-0.36643798828125	8.171806640625	-0.946044921875	-14.94598388671875	-0.51116943359375
8.497	0.4263134765625	-0.18681152343750002	8.078400878906251	2.8228759765625	-14.3280029296875	-6.805419921875
8.508	0.93645263671875	-0.1676513671875	8.248447265625	7.50732421875	-11.3372802734375	-10.96343994140625
8.519	0.7807763671875	-0.09819580078125001	8.24126220703125	6.195068359375	-11.92474365234375	-9.97161865234375
8.53	0.6658154296875001	-0.3209326171875	8.076005859375	4.5013427734375	-10.4827880859375	-8.09478759765625
8.542	0.1676513671875	-0.44307861328125003	7.731123046875	4.7760009765625	-5.706787109375	-11.077880859375
8.552	0.0622705078125	-0.28021728515625	7.5610766601562505	5.22613525390625	0.396728515625	-16.48712158203125
8.562	0.07424560546875	-0.3113525390625	7.69040771484375	4.3792724609375	4.5013427734375	-21.636962890625
8.572	0.050295410156250005	-0.11017089843750001	7.79818359375	3.2806396484375	7.8887939453125	-24.72686767578125
8.583	0.1772314453125	0.07424560546875	8.04966064453125	1.12152099609375	10.56671142578125	-25.146484375
8.593	0.38320312500000003	0.19399658203125	8.44962890625	-2.471923828125	10.833740234375	-23.5443115234375
8.604	0.51013916015625	0.19878662109375	8.64362548828125	-6.40869140625	9.0789794921875	-20.31707763671875
8.614	0.4071533203125	0.24189697265625001	8.8519921875	-9.368896484375	9.94110107421875	-14.82391357421875
8.626	0.44068359375000005	0.4550537109375	9.06993896484375	-10.97869873046875	8.87298583984375	-8.70513916015625
8.637	0.3496728515625	0.4263134765625	9.10825927734375	-10.71929931640625	7.94219970703125	-3.99017333984375
8.646	0.31853759765625	0.3400927734375	9.21843017578125	-9.27734375	6.8511962890625	-0.18310546875
8.656	0.20118164062500002	0.239501953125	9.201665039062501	-8.087158203125	6.26373291015625	2.83050537109375
8.667	-0.11735595703125	0.050295410156250005	9.163344726562501	-6.08062744140625	8.36944580078125	4.8980712890625
8.678	-0.25626708984375	-0.1389111328125	9.02682861328125	-2.35748291015625	9.5977783203125	1.6021728515625
8.688	-0.24908203125	-0.2347119140625	8.95018798828125	1.62506103515625	9.57489013671875	-4.5623779296875
8.698	0.011975097656250001	-0.15328125	8.976533203125001	4.60052490234375	8.331298828125	-8.72802734375
8.709	0.17962646484375	0.0	9.18489990234375	6.58416748046875	9.86480712890625	-8.14056396484375
8.719	0.10059082031250001	0.229921875	9.163344726562501	7.38525390625	10.09368896484375	-7.9193115234375
8.729	0.22752685546875	0.27063720703125	9.13220947265625	7.22503662109375	11.63482666015625	-7.56072998046875
8.739	0.03592529296875	0.40236328125000004	9.216035156250001	7.87353515625	11.66534423828125	-8.09478759765625
8.751	0.21315673828125	0.48618896484375	9.208850097656251	8.11767578125	11.78741455078125	-8.03375244140625
8.761	0.21555175781250002	0.3879931640625	9.4794873046875	8.23211669921875	11.14654541015625	-6.0272216796875
8.771	0.28261230468750004	0.32572265625	9.635163574218751	7.65228271484375	11.65008544921875	-2.197265625
8.78	0.00239501953125	0.41194335937500004	9.4220068359375	5.77545166015625	9.98687744140625	0.52642822265625
8.791	-0.10777587890625001	0.28021728515625	9.436376953125	3.997802734375	9.185791015625	1.06048583984375
8.801	-0.143701171875	0.3065625	9.38608154296875	3.15093994140625	8.4381103515625	1.46484375
8.81	-0.12693603515625002	0.47181884765625004	9.374106445312501	2.81524658203125	7.75146484375	2.7313232421875
8.82	-0.0383203125	0.49097900390625004	9.357341308593751	3.8909912109375	7.2479248046875	3.814697265625
8.829	0.25387207031250003	0.28261230468750004	9.4651171875	5.706787109375	10.44464111328125	4.852294921875
8.84	0.14609619140625002	0.1484912109375	9.357341308593751	6.46209716796875	11.1236572265625	5.48553466796875
