Time	ax	ay	az	gx	gy	gz
0.014	0.13172607421875002	-0.0622705078125	9.7189892578125	-0.22125244140625	-0.5035400390625	0.46539306640625
0.023	0.16046630859375	-0.0143701171875	9.702224121093751	-0.37384033203125	-0.52642822265625	0.396728515625
0.032	0.13651611328125002	-0.086220703125	9.762099609375001	-0.28228759765625	-0.3204345703125	0.54168701171875
0.04	0.13172607421875002	-0.067060546875	9.76449462890625	-0.23651123046875	-0.3204345703125	0.6561279296875
0.05	0.076640625	-0.10059082031250001	9.71180419921875	-0.22125244140625	-0.4425048828125	0.396728515625
0.059	0.15328125	-0.09101074218750001	9.77886474609375	-0.29754638671875	-0.52642822265625	0.37384033203125
0.068	0.1293310546875	-0.06466552734375	9.77407470703125	-0.32806396484375	-0.30517578125	0.57220458984375
0.077	0.18441650390625	-0.10538085937500001	9.742939453125	-0.3509521484375	-0.02288818359375	0.4425048828125
0.087	0.229921875	-0.10059082031250001	9.72138427734375	-0.091552734375	-0.09918212890625	0.34332275390625
0.095	0.17483642578125	-0.12214599609375	9.78365478515625	-0.335693359375	0.11444091796875	0.54168701171875
0.104	0.18202148437500001	-0.09340576171875001	9.6519287109375	-0.1373291015625	0.09918212890625	0.2899169921875
0.113	0.13412109375	-0.10298583984375001	9.65432373046875	-0.2899169921875	0.34332275390625	0.55694580078125
0.122	0.162861328125	-0.076640625	9.6998291015625	-0.2593994140625	0.3814697265625	0.274658203125
0.132	0.14130615234375002	-0.076640625	9.7573095703125	-0.152587890625	0.45013427734375	0.38909912109375
0.14	0.11735595703125	-0.09580078125000001	9.78365478515625	-0.00762939453125	0.6256103515625	0.43487548828125
0.149	0.14609619140625002	-0.09101074218750001	9.75012451171875	-0.30517578125	0.46539306640625	0.518798828125
0.158	0.17962646484375	-0.067060546875	9.77886474609375	-0.06103515625	0.37384033203125	0.29754638671875
0.166	0.1197509765625	-0.050295410156250005	9.709409179687501	0.0	0.2899169921875	0.3814697265625
0.176	0.13172607421875002	-0.06945556640625	9.702224121093751	-0.11444091796875	0.1678466796875	0.54931640625
0.185	0.18441650390625	-0.067060546875	9.7573095703125	-0.09918212890625	0.18310546875	0.30517578125
0.193	0.18920654296875	-0.07903564453125	9.77886474609375	-0.11444091796875	0.030517578125	0.51116943359375
0.202	0.24189697265625001	-0.06466552734375	9.75012451171875	-0.3204345703125	-0.030517578125	0.42724609375
0.211	0.1772314453125	-0.08382568359375	9.6902490234375	-0.3204345703125	-0.23651123046875	0.34332275390625
0.221	0.15088623046875002	-0.023950195312500002	9.68306396484375	0.0152587890625	-0.19073486328125	0.51116943359375
0.23	0.1676513671875	-0.09340576171875001	9.68306396484375	-0.12969970703125	-0.091552734375	0.2593994140625
0.239	0.10298583984375001	-0.0718505859375	9.695039062500001	0.030517578125	-0.091552734375	0.518798828125
0.247	0.19639160156250002	-0.076640625	9.77407470703125	0.06866455078125	-0.28228759765625	0.22125244140625
0.257	0.1293310546875	-0.09819580078125001	9.742939453125	-0.1678466796875	-0.11444091796875	0.46539306640625
0.266	0.11017089843750001	-0.03592529296875	9.7716796875	-0.06866455078125	-0.23651123046875	0.34332275390625
0.275	0.16525634765625	-0.09580078125000001	9.6710888671875	-0.0762939453125	-0.34332275390625	0.54168701171875
0.284	0.22034179687500002	-0.076640625	9.716594238281251	-0.19073486328125	-0.31280517578125	0.3662109375
0.293	0.17962646484375	-0.045505371093750004	9.781259765625	-0.12969970703125	-0.16021728515625	0.3662109375
0.303	0.13412109375	-0.05748046875	9.67827392578125	-0.152587890625	-0.3204345703125	0.4119873046875
0.312	0.16046630859375	-0.1197509765625	9.781259765625	-0.20599365234375	-0.213623046875	0.40435791015625
0.321	0.18920654296875	-0.04071533203125	9.704619140625	-0.17547607421875	-0.25177001953125	0.38909912109375
0.33	0.12214599609375	-0.15088623046875002	9.704619140625	0.00762939453125	-0.1068115234375	0.43487548828125
0.339	0.1293310546875	-0.13412109375	9.704619140625	-0.1220703125	-0.152587890625	0.3814697265625
0.349	0.13651611328125002	-0.1293310546875	9.72617431640625	0.06103515625	-0.19073486328125	0.4425048828125
0.357	0.18681152343750002	-0.076640625	9.747729492187501	-0.2288818359375	-0.2288818359375	0.4425048828125
0.366	0.1676513671875	-0.10059082031250001	9.6998291015625	-0.18310546875	-0.030517578125	0.43487548828125
0.375	0.15088623046875002	-0.0383203125	9.781259765625	-0.1678466796875	-0.00762939453125	0.5035400390625
0.385	0.1676513671875	-0.143701171875	9.656718750000001	-0.213623046875	-0.152587890625	0.54931640625
0.394	0.21076171875000002	-0.052690429687500005	9.709409179687501	-0.3204345703125	-0.08392333984375	0.45013427734375
0.403	0.18441650390625	-0.1389111328125	9.800419921875001	-0.31280517578125	-0.02288818359375	0.42724609375
0.412	0.19639160156250002	-0.09101074218750001	9.63995361328125	-0.26702880859375	-0.030517578125	0.3814697265625
0.421	0.1389111328125	-0.05748046875	9.63037353515625	-0.2288818359375	0.23651123046875	0.518798828125
0.43	0.11735595703125	-0.11017089843750001	9.656718750000001	-0.213623046875	0.16021728515625	0.45013427734375
0.439	0.14130615234375002	-0.10777587890625001	9.6998291015625	-0.2288818359375	0.31280517578125	0.4425048828125
0.448	0.143701171875	-0.09819580078125001	9.733359375000001	-0.28228759765625	0.0762939453125	0.3814697265625
0.457	0.086220703125	-0.1149609375	9.7573095703125	-0.2593994140625	0.0762939453125	0.5645751953125
0.466	0.11256591796875001	-0.09101074218750001	9.75251953125	-0.26702880859375	0.0457763671875	0.40435791015625
0.475	0.20118164062500002	-0.12214599609375	9.747729492187501	-0.18310546875	-0.06103515625	0.32806396484375
0.484	0.19399658203125	-0.0814306640625	9.79802490234375	-0.3204345703125	0.00762939453125	0.335693359375
0.493	0.11735595703125	-0.11256591796875001	9.72617431640625	-0.23651123046875	0.02288818359375	0.3814697265625
0.502	0.06466552734375	-0.1197509765625	9.695039062500001	-0.18310546875	0.08392333984375	0.38909912109375
0.51	0.10538085937500001	-0.09101074218750001	9.742939453125	0.00762939453125	0.06866455078125	0.5035400390625
0.52	0.15328125	-0.13651611328125002	9.754914550781251	-0.02288818359375	-0.03814697265625	0.3814697265625
0.528	0.162861328125	-0.04071533203125	9.695039062500001	-0.22125244140625	-0.1983642578125	0.46539306640625
0.537	0.16046630859375	-0.028740234375	9.747729492187501	-0.1373291015625	-0.17547607421875	0.42724609375
0.546	0.15088623046875002	-0.0622705078125	9.702224121093751	-0.06866455078125	-0.3509521484375	0.32806396484375
0.556	0.162861328125	-0.086220703125	9.695039062500001	-0.26702880859375	-0.244140625	0.45013427734375
0.565	0.11017089843750001	-0.09819580078125001	9.71419921875	-0.091552734375	-0.244140625	0.4119873046875
0.574	0.17962646484375	-0.08861572265625	9.72617431640625	-0.30517578125	0.3204345703125	0.46539306640625
0.583	0.18920654296875	-0.06945556640625	9.733359375000001	-0.091552734375	0.0	0.57220458984375
0.592	0.17004638671875	-0.09580078125000001	9.7189892578125	-0.12969970703125	0.08392333984375	0.4730224609375
0.602	0.067060546875	-0.09340576171875001	9.821975097656251	-0.152587890625	0.35858154296875	0.38909912109375
0.611	0.1293310546875	-0.06466552734375	9.627978515625001	-0.20599365234375	0.11444091796875	0.46539306640625
0.619	0.17483642578125	-0.050295410156250005	9.635163574218751	-0.2899169921875	0.0762939453125	0.518798828125
0.628	0.14130615234375002	-0.05748046875	9.70701416015625	-0.0457763671875	-0.06103515625	0.48065185546875
0.637	0.14130615234375002	-0.07903564453125	9.67587890625	-0.14495849609375	-0.28228759765625	0.41961669921875
0.647	0.1149609375	-0.08861572265625	9.74533447265625	-0.2288818359375	-0.23651123046875	0.37384033203125
0.656	0.1484912109375	-0.055085449218750006	9.61600341796875	-0.17547607421875	-0.213623046875	0.4730224609375
0.665	0.162861328125	-0.086220703125	9.6615087890625	-0.35858154296875	-0.28228759765625	0.4425048828125
0.674	0.11017089843750001	-0.086220703125	9.680668945312501	-0.274658203125	-0.3662109375	0.4119873046875
0.684	0.08382568359375	-0.07903564453125	9.74533447265625	-0.12969970703125	-0.20599365234375	0.48065185546875
0.693	0.17962646484375	-0.1149609375	9.762099609375001	-0.1373291015625	-0.1373291015625	0.45013427734375
0.702	0.1676513671875	-0.0814306640625	9.8435302734375	-0.0457763671875	-0.17547607421875	0.52642822265625
0.711	0.1772314453125	-0.11017089843750001	9.673483886718751	0.09918212890625	-0.17547607421875	0.46539306640625
0.72	0.18441650390625	-0.045505371093750004	9.69743408203125	0.06103515625	-0.1983642578125	0.4425048828125
0.73	0.15328125	-0.12214599609375	9.680668945312501	-0.091552734375	-0.34332275390625	0.3662109375
0.738	0.15328125	-0.10298583984375001	9.65432373046875	0.06103515625	-0.17547607421875	0.32806396484375
0.747	0.13172607421875002	-0.06945556640625	9.781259765625	-0.12969970703125	-0.30517578125	0.22125244140625
0.756	0.15567626953125	-0.07903564453125	9.685458984375	-0.030517578125	-0.18310546875	0.4730224609375
0.765	0.12214599609375	-0.09340576171875001	9.7189892578125	-0.244140625	0.1068115234375	0.37384033203125
0.775	0.1676513671875	-0.09101074218750001	9.680668945312501	-0.25177001953125	0.11444091796875	0.518798828125
0.784	0.1772314453125	-0.13172607421875002	9.67827392578125	-0.25177001953125	0.1068115234375	0.4119873046875
0.793	0.17004638671875	-0.1197509765625	9.77407470703125	-0.1983642578125	0.091552734375	0.3662109375
0.802	0.12214599609375	-0.09101074218750001	9.61121337890625	-0.1373291015625	0.03814697265625	0.54931640625
0.811	0.16046630859375	-0.052690429687500005	9.7860498046875	-0.23651123046875	0.14495849609375	0.3662109375
0.82	0.162861328125	-0.07424560546875	9.704619140625	-0.16021728515625	0.16021728515625	0.54931640625
0.829	0.17004638671875	-0.08861572265625	9.69264404296875	-0.0762939453125	0.1983642578125	0.46539306640625
0.838	0.15328125	-0.08861572265625	9.7573095703125	-0.17547607421875	-0.08392333984375	0.31280517578125
0.847	0.18681152343750002	-0.10538085937500001	9.80281494140625	0.091552734375	-0.2288818359375	0.3204345703125
0.857	0.17004638671875	-0.10298583984375001	9.73096435546875	-0.06103515625	-0.1220703125	0.3509521484375
0.866	0.1772314453125	-0.076640625	9.754914550781251	-0.29754638671875	0.0	0.4425048828125
0.874	0.10298583984375001	-0.08861572265625	9.73096435546875	-0.16021728515625	-0.38909912109375	0.54931640625
0.883	0.18681152343750002	-0.1293310546875	9.829160156250001	-0.17547607421875	-0.0152587890625	0.32806396484375
0.892	0.12214599609375	-0.09580078125000001	9.75012451171875	-0.18310546875	0.03814697265625	0.5645751953125
0.902	0.1484912109375	-0.0431103515625	9.7189892578125	0.00762939453125	-0.2593994140625	0.54931640625
0.91	0.16525634765625	-0.10777587890625001	9.7860498046875	-0.3814697265625	-0.0762939453125	0.3509521484375
0.92	0.16525634765625	-0.09340576171875001	9.68306396484375	-0.1373291015625	-0.16021728515625	0.57220458984375
0.928	0.239501953125	-0.11256591796875001	9.723779296875	0.0457763671875	-0.22125244140625	0.4730224609375
0.937	0.1580712890625	-0.11017089843750001	9.821975097656251	-0.16021728515625	-0.40435791015625	0.4730224609375
0.948	0.09819580078125001	-0.1197509765625	9.78365478515625	-0.12969970703125	-0.42724609375	0.52642822265625
0.957	0.162861328125	-0.11735595703125	9.656718750000001	-0.18310546875	-0.52642822265625	0.52642822265625
0.966	0.16046630859375	-0.08382568359375	9.769284667968751	-0.1373291015625	-0.518798828125	0.60272216796875
0.975	0.15567626953125	-0.13412109375	9.656718750000001	-0.06866455078125	-0.1373291015625	0.335693359375
0.985	0.22273681640625	-0.0718505859375	9.69743408203125	0.02288818359375	-0.45013427734375	0.49591064453125
0.993	0.16525634765625	-0.10538085937500001	9.829160156250001	0.14495849609375	-0.37384033203125	0.28228759765625
1.002	0.18920654296875	-0.0814306640625	9.7668896484375	0.0457763671875	-0.1983642578125	0.32806396484375
1.011	0.1676513671875	-0.12214599609375	9.69264404296875	0.03814697265625	-0.46539306640625	0.43487548828125
1.02	0.10298583984375001	0.0	9.68306396484375	-0.03814697265625	-0.35858154296875	0.37384033203125
1.029	0.14609619140625002	-0.07903564453125	9.695039062500001	0.05340576171875	0.02288818359375	0.43487548828125
1.038	0.10298583984375001	-0.07903564453125	9.702224121093751	0.03814697265625	-0.3662109375	0.4730224609375
1.047	0.11735595703125	-0.13412109375	9.6519287109375	0.12969970703125	-0.20599365234375	0.4425048828125
1.056	0.11256591796875001	-0.12214599609375	9.723779296875	0.00762939453125	0.0	0.6256103515625
1.064	0.17483642578125	-0.12693603515625002	9.81	-0.12969970703125	-0.0762939453125	0.274658203125
1.074	0.17244140625	-0.0718505859375	9.69743408203125	-0.20599365234375	0.17547607421875	0.396728515625
1.084	0.1484912109375	-0.11017089843750001	9.6519287109375	-0.11444091796875	-0.08392333984375	0.4425048828125
1.093	0.17483642578125	-0.07424560546875	9.67587890625	-0.2593994140625	0.0152587890625	0.457763671875
1.102	0.19878662109375	-0.0814306640625	9.75970458984375	-0.05340576171875	-0.030517578125	0.38909912109375
1.112	0.13172607421875002	-0.055085449218750006	9.76449462890625	-0.14495849609375	-0.17547607421875	0.41961669921875
1.121	0.052690429687500005	-0.06466552734375	9.747729492187501	-0.1678466796875	0.03814697265625	0.5035400390625
1.129	0.086220703125	-0.03592529296875	9.73096435546875	0.02288818359375	-0.17547607421875	0.43487548828125
1.138	0.229921875	-0.07424560546875	9.666298828125	-0.22125244140625	0.091552734375	0.3204345703125
1.147	0.17244140625	-0.11017089843750001	9.716594238281251	-0.1983642578125	0.19073486328125	0.48828125
1.157	0.06466552734375	-0.09101074218750001	9.656718750000001	-0.06103515625	0.0152587890625	0.45013427734375
1.166	0.13651611328125002	-0.05987548828125	9.800419921875001	-0.29754638671875	-0.152587890625	0.579833984375
1.175	0.1484912109375	-0.1149609375	9.69743408203125	-0.09918212890625	0.23651123046875	0.396728515625
1.185	0.1149609375	-0.01916015625	9.72138427734375	-0.396728515625	0.20599365234375	0.29754638671875
1.195	0.22034179687500002	-0.11017089843750001	9.7189892578125	-0.16021728515625	0.274658203125	0.42724609375
1.204	0.14130615234375002	-0.08382568359375	9.649533691406251	-0.02288818359375	0.38909912109375	0.32806396484375
1.213	0.17244140625	-0.06945556640625	9.75251953125	-0.09918212890625	0.38909912109375	0.49591064453125
1.222	0.17244140625	-0.028740234375	9.7573095703125	-0.0762939453125	0.49591064453125	0.396728515625
1.231	0.16046630859375	-0.19639160156250002	9.82676513671875	-0.09918212890625	0.41961669921875	0.244140625
1.241	0.086220703125	-0.12214599609375	9.776469726562501	-0.11444091796875	0.5645751953125	0.335693359375
1.25	0.10777587890625001	-0.1676513671875	9.685458984375	-0.08392333984375	0.396728515625	0.457763671875
1.259	0.17244140625	-0.1389111328125	9.740544433593751	-0.20599365234375	0.64849853515625	0.3662109375
1.268	0.07903564453125	-0.11735595703125	9.72138427734375	-0.00762939453125	0.79345703125	0.45013427734375
1.277	0.15328125	-0.11017089843750001	9.742939453125	-0.0152587890625	0.49591064453125	0.22125244140625
1.287	0.19399658203125	-0.01676513671875	9.69264404296875	-0.19073486328125	0.57220458984375	0.41961669921875
1.296	0.15088623046875002	-0.05748046875	9.7189892578125	-0.00762939453125	0.6103515625	0.32806396484375
1.305	0.143701171875	-0.10538085937500001	9.695039062500001	-0.091552734375	0.41961669921875	0.51116943359375
1.314	0.11735595703125	-0.09340576171875001	9.723779296875	-0.00762939453125	-0.06866455078125	0.57220458984375
1.324	0.162861328125	-0.13651611328125002	9.73575439453125	-0.22125244140625	0.22125244140625	0.18310546875
1.333	0.18441650390625	-0.09101074218750001	9.69743408203125	-0.18310546875	-0.1373291015625	0.49591064453125
1.342	0.15328125	-0.09101074218750001	9.71419921875	-0.18310546875	-0.30517578125	0.37384033203125
1.352	0.143701171875	-0.0718505859375	9.8052099609375	-0.3814697265625	-0.1983642578125	0.35858154296875
1.361	0.12214599609375	-0.01916015625	9.642348632812501	-0.23651123046875	-0.31280517578125	0.42724609375
1.371	0.1389111328125	-0.1149609375	9.742939453125	-0.274658203125	-0.244140625	0.51116943359375
1.381	0.13651611328125002	-0.06945556640625	9.75012451171875	-0.16021728515625	-0.4119873046875	0.46539306640625
1.39	0.16046630859375	-0.0718505859375	9.75012451171875	-0.11444091796875	-0.3509521484375	0.34332275390625
1.399	0.1676513671875	-0.11735595703125	9.685458984375	0.02288818359375	-0.40435791015625	0.3662109375
1.409	0.1389111328125	-0.09101074218750001	9.781259765625	-0.0762939453125	-0.03814697265625	0.335693359375
1.418	0.1484912109375	-0.1197509765625	9.73096435546875	0.18310546875	-0.28228759765625	0.40435791015625
1.428	0.20118164062500002	-0.09101074218750001	9.72138427734375	-0.25177001953125	-0.23651123046875	0.42724609375
1.437	0.1580712890625	-0.10298583984375001	9.7189892578125	-0.1983642578125	-0.213623046875	0.57220458984375
1.446	0.19878662109375	-0.07424560546875	9.77407470703125	-0.05340576171875	-0.091552734375	0.43487548828125
1.456	0.1389111328125	-0.076640625	9.75251953125	-0.18310546875	-0.05340576171875	0.4730224609375
1.466	0.1676513671875	-0.0143701171875	9.673483886718751	-0.1220703125	0.05340576171875	0.40435791015625
1.474	0.17483642578125	-0.07424560546875	9.742939453125	-0.19073486328125	0.1220703125	0.43487548828125
1.483	0.086220703125	-0.09819580078125001	9.71180419921875	-0.091552734375	0.16021728515625	0.5340576171875
1.494	0.143701171875	-0.09101074218750001	9.78844482421875	0.1068115234375	0.22125244140625	0.38909912109375
1.502	0.13172607421875002	-0.1197509765625	9.733359375000001	-0.35858154296875	0.1983642578125	0.43487548828125
1.512	0.07424560546875	-0.08861572265625	9.747729492187501	-0.30517578125	0.35858154296875	0.22125244140625
1.521	0.13651611328125002	-0.09101074218750001	9.7381494140625	-0.06866455078125	0.14495849609375	0.45013427734375
1.53	0.124541015625	-0.17962646484375	9.6710888671875	0.0	0.22125244140625	0.31280517578125
1.539	0.12214599609375	-0.10298583984375001	9.821975097656251	0.02288818359375	0.1220703125	0.396728515625
1.548	0.13172607421875002	-0.086220703125	9.821975097656251	-0.17547607421875	0.244140625	0.6103515625
1.557	0.1293310546875	-0.08382568359375	9.69743408203125	0.03814697265625	0.22125244140625	0.32806396484375
1.566	0.05987548828125	-0.047900390625000004	9.70701416015625	-0.1220703125	0.30517578125	0.37384033203125
1.574	0.18441650390625	-0.12693603515625002	9.66390380859375	-0.19073486328125	0.22125244140625	0.579833984375
1.585	0.1149609375	-0.055085449218750006	9.762099609375001	-0.25177001953125	0.2593994140625	0.61798095703125
1.593	0.1389111328125	-0.0383203125	9.687854003906251	-0.06866455078125	0.244140625	0.32806396484375
1.602	0.19878662109375	-0.08861572265625	9.74533447265625	-0.06103515625	0.28228759765625	0.38909912109375
1.611	0.1389111328125	-0.0814306640625	9.7285693359375	-0.18310546875	-0.0457763671875	0.42724609375
1.62	0.16525634765625	-0.1197509765625	9.747729492187501	0.11444091796875	0.14495849609375	0.213623046875
1.63	0.09580078125000001	-0.09340576171875001	9.8243701171875	0.0457763671875	-0.14495849609375	0.55694580078125
1.639	0.08382568359375	-0.10777587890625001	9.75012451171875	0.0762939453125	-0.19073486328125	0.41961669921875
1.648	0.12214599609375	-0.076640625	9.75012451171875	-0.17547607421875	-0.457763671875	0.60272216796875
1.658	0.16525634765625	-0.08861572265625	9.7189892578125	-0.16021728515625	-0.55694580078125	0.457763671875
1.668	0.14609619140625002	-0.028740234375	9.702224121093751	-0.19073486328125	-0.54931640625	0.5035400390625
1.677	0.13651611328125002	-0.055085449218750006	9.733359375000001	-0.0457763671875	-0.43487548828125	0.2593994140625
1.686	0.17962646484375	-0.09101074218750001	9.73096435546875	-0.16021728515625	-0.42724609375	0.30517578125
1.695	0.1197509765625	-0.11735595703125	9.81	-0.0457763671875	-0.40435791015625	0.274658203125
1.704	0.15567626953125	-0.06945556640625	9.64474365234375	0.030517578125	-0.3204345703125	0.77056884765625
1.715	0.13172607421875002	-0.11735595703125	9.67587890625	-0.1220703125	-0.03814697265625	0.335693359375
1.724	0.15088623046875002	-0.0383203125	9.723779296875	0.0	-0.1678466796875	0.41961669921875
1.732	0.12214599609375	-0.0718505859375	9.656718750000001	-0.091552734375	0.0	0.28228759765625
1.741	0.14130615234375002	-0.09819580078125001	9.79802490234375	-0.2288818359375	0.1373291015625	0.396728515625
1.751	0.15567626953125	-0.0718505859375	9.73096435546875	-0.09918212890625	0.244140625	0.213623046875
1.76	0.08382568359375	-0.13412109375	9.740544433593751	-0.030517578125	0.4119873046875	0.3662109375
1.769	0.11735595703125	-0.08861572265625	9.687854003906251	0.06866455078125	0.5950927734375	0.40435791015625
1.778	0.16046630859375	-0.09580078125000001	9.6902490234375	-0.1373291015625	0.6561279296875	0.2593994140625
1.787	0.15567626953125	-0.1293310546875	9.704619140625	-0.1373291015625	0.72479248046875	0.57220458984375
1.797	0.162861328125	-0.1293310546875	9.66390380859375	-0.06103515625	0.7171630859375	0.0457763671875
1.806	0.1389111328125	-0.12214599609375	9.75970458984375	-0.0152587890625	0.78582763671875	0.40435791015625
1.815	0.17962646484375	-0.10298583984375001	9.6615087890625	-0.25177001953125	0.81634521484375	0.35858154296875
1.825	0.067060546875	-0.05987548828125	9.762099609375001	-0.29754638671875	0.98419189453125	0.4119873046875
1.835	0.1676513671875	-0.09819580078125001	9.75251953125	-0.2593994140625	0.84686279296875	0.3204345703125
1.845	0.16525634765625	-0.0718505859375	9.754914550781251	-0.5035400390625	0.78582763671875	0.41961669921875
1.854	0.09819580078125001	-0.09819580078125001	9.666298828125	-0.3509521484375	0.7781982421875	0.335693359375
1.863	0.15088623046875002	-0.07424560546875	9.685458984375	-0.3814697265625	0.640869140625	0.43487548828125
1.872	0.1293310546875	-0.07424560546875	9.73575439453125	-0.41961669921875	0.5645751953125	0.3814697265625
1.882	0.0047900390625	-0.1149609375	9.7285693359375	-0.1220703125	0.4730224609375	0.46539306640625
1.891	0.162861328125	-0.1293310546875	9.680668945312501	-0.17547607421875	0.43487548828125	0.34332275390625
1.9	0.09819580078125001	-0.08382568359375	9.704619140625	-0.37384033203125	0.06866455078125	0.54168701171875
1.909	0.143701171875	-0.086220703125	9.740544433593751	-0.335693359375	0.0	0.38909912109375
1.918	0.15088623046875002	-0.08861572265625	9.75970458984375	-0.213623046875	-0.1373291015625	0.51116943359375
1.928	0.07903564453125	-0.0431103515625	9.716594238281251	-0.23651123046875	-0.42724609375	0.3509521484375
1.938	0.076640625	-0.1293310546875	9.73096435546875	-0.22125244140625	-0.41961669921875	0.1983642578125
1.947	0.12693603515625002	-0.03592529296875	9.7285693359375	-0.17547607421875	-0.0762939453125	0.4119873046875
1.956	0.10538085937500001	-0.1293310546875	9.589658203125001	-0.22125244140625	-0.34332275390625	0.46539306640625
1.966	0.12214599609375	-0.0431103515625	9.78365478515625	-0.09918212890625	-0.3662109375	0.4730224609375
1.976	0.15088623046875002	-0.10059082031250001	9.67587890625	0.11444091796875	-0.32806396484375	0.35858154296875
1.985	0.1772314453125	0.0047900390625	9.702224121093751	-0.244140625	-0.16021728515625	0.31280517578125
1.993	0.055085449218750006	-0.047900390625000004	9.754914550781251	0.22125244140625	-0.14495849609375	0.5035400390625
2.002	0.09580078125000001	-0.0622705078125	9.71180419921875	0.12969970703125	-0.3509521484375	0.6256103515625
2.012	0.1149609375	-0.09340576171875001	9.666298828125	-0.1373291015625	-0.00762939453125	0.40435791015625
2.021	0.08861572265625	-0.08382568359375	9.742939453125	-0.03814697265625	-0.32806396484375	0.1983642578125
2.03	0.10298583984375001	-0.0383203125	9.6710888671875	-0.05340576171875	-0.244140625	0.45013427734375
2.039	0.1772314453125	-0.07424560546875	9.687854003906251	-0.30517578125	-0.30517578125	0.49591064453125
2.05	0.12214599609375	-0.08861572265625	9.7189892578125	-0.396728515625	-0.17547607421875	0.61798095703125
2.059	0.17483642578125	-0.0814306640625	9.769284667968751	-0.08392333984375	-0.091552734375	0.34332275390625
2.068	0.11735595703125	-0.1197509765625	9.740544433593751	-0.09918212890625	0.1220703125	0.213623046875
2.078	0.11735595703125	-0.15567626953125	9.68306396484375	-0.152587890625	0.14495849609375	0.32806396484375
2.087	0.10059082031250001	-0.10059082031250001	9.69743408203125	-0.0762939453125	0.11444091796875	0.274658203125
2.097	0.10059082031250001	-0.09340576171875001	9.60642333984375	-0.1678466796875	-0.1068115234375	0.518798828125
2.106	0.124541015625	-0.11256591796875001	9.709409179687501	-0.26702880859375	0.1678466796875	0.37384033203125
2.115	0.10059082031250001	-0.067060546875	9.702224121093751	-0.23651123046875	-0.030517578125	0.45013427734375
2.125	0.13651611328125002	-0.10777587890625001	9.716594238281251	-0.34332275390625	-0.1220703125	0.41961669921875
2.135	0.08861572265625	-0.07424560546875	9.6710888671875	-0.1983642578125	0.2288818359375	0.46539306640625
2.144	0.17483642578125	-0.07903564453125	9.72138427734375	-0.2288818359375	0.1983642578125	0.54931640625
2.153	0.09580078125000001	-0.08861572265625	9.75012451171875	-0.274658203125	-0.09918212890625	0.58746337890625
2.162	0.13651611328125002	-0.055085449218750006	9.6183984375	-0.25177001953125	-0.06103515625	0.2899169921875
2.171	0.1484912109375	-0.1389111328125	9.716594238281251	-0.274658203125	-0.03814697265625	0.37384033203125
2.182	0.1149609375	-0.06945556640625	9.72617431640625	-0.244140625	-0.22125244140625	0.457763671875
2.191	0.13412109375	-0.12693603515625002	9.69743408203125	-0.091552734375	-0.0457763671875	0.55694580078125
2.2	0.124541015625	-0.09340576171875001	9.627978515625001	-0.152587890625	0.0457763671875	0.49591064453125
2.209	0.16525634765625	-0.0431103515625	9.78365478515625	-0.38909912109375	-0.08392333984375	0.457763671875
2.219	0.124541015625	-0.09340576171875001	9.69743408203125	-0.1678466796875	-0.1678466796875	0.40435791015625
2.229	0.09340576171875001	-0.076640625	9.733359375000001	-0.152587890625	-0.02288818359375	0.52642822265625
2.238	0.14609619140625002	-0.11735595703125	9.68306396484375	-0.3662109375	-0.0762939453125	0.38909912109375
2.247	0.1772314453125	-0.15088623046875002	9.70701416015625	-0.06866455078125	-0.091552734375	0.34332275390625
2.256	0.124541015625	-0.11017089843750001	9.6998291015625	-0.1220703125	0.0152587890625	0.40435791015625
2.266	0.15567626953125	-0.07424560546875	9.74533447265625	-0.06866455078125	-0.030517578125	0.274658203125
2.275	0.1484912109375	-0.12214599609375	9.76449462890625	-0.03814697265625	0.02288818359375	0.37384033203125
2.284	0.22273681640625	-0.045505371093750004	9.723779296875	-0.03814697265625	0.11444091796875	0.32806396484375
2.292	0.14609619140625002	-0.0335302734375	9.7956298828125	-0.03814697265625	0.0762939453125	0.396728515625
2.301	0.1197509765625	-0.1484912109375	9.666298828125	-0.17547607421875	0.1068115234375	0.23651123046875
2.311	0.1580712890625	-0.12693603515625002	9.6519287109375	-0.09918212890625	0.06866455078125	0.41961669921875
2.32	0.17004638671875	-0.07903564453125	9.75251953125	0.0152587890625	0.0762939453125	0.46539306640625
2.329	0.11735595703125	-0.09101074218750001	9.709409179687501	-0.1068115234375	0.17547607421875	0.19073486328125
2.338	0.1676513671875	-0.05987548828125	9.80281494140625	-0.14495849609375	0.091552734375	0.23651123046875
2.348	0.19160156250000002	-0.09101074218750001	9.695039062500001	-0.25177001953125	0.1220703125	0.41961669921875
2.357	0.1293310546875	-0.07424560546875	9.65432373046875	-0.06866455078125	-0.06866455078125	0.28228759765625
2.366	0.14609619140625002	-0.0814306640625	9.620793457031251	-0.091552734375	-0.16021728515625	0.396728515625
2.376	0.15567626953125	-0.08861572265625	9.8052099609375	-0.1678466796875	-0.11444091796875	0.6256103515625
2.385	0.14130615234375002	-0.04071533203125	9.747729492187501	-0.152587890625	-0.2899169921875	0.58746337890625
2.395	0.09340576171875001	-0.1149609375	9.709409179687501	0.22125244140625	-0.06103515625	0.51116943359375
2.404	0.086220703125	-0.09340576171875001	9.73096435546875	0.03814697265625	-0.18310546875	0.5645751953125
2.413	0.143701171875	-0.08382568359375	9.7716796875	0.28228759765625	0.02288818359375	0.69427490234375
2.421	0.17483642578125	-0.12214599609375	9.72617431640625	0.08392333984375	-0.1373291015625	0.40435791015625
2.43	0.15088623046875002	-0.1293310546875	9.67587890625	0.2593994140625	-0.3509521484375	0.58746337890625
2.44	0.1580712890625	-0.07903564453125	9.7381494140625	-0.0152587890625	0.03814697265625	0.38909912109375
2.449	0.10298583984375001	-0.09101074218750001	9.78844482421875	0.03814697265625	0.19073486328125	0.457763671875
2.458	0.1293310546875	-0.06466552734375	9.77886474609375	0.18310546875	0.11444091796875	0.28228759765625
2.467	0.15088623046875002	-0.0383203125	9.77407470703125	0.0	0.46539306640625	0.5340576171875
2.476	0.076640625	-0.08382568359375	9.70701416015625	-0.06866455078125	0.5645751953125	0.274658203125
2.485	0.06945556640625	-0.07903564453125	9.72138427734375	-0.091552734375	0.57220458984375	0.3204345703125
2.494	0.09340576171875001	-0.10059082031250001	9.81239501953125	-0.3204345703125	0.80108642578125	0.30517578125
2.503	0.09101074218750001	-0.04071533203125	9.79802490234375	-0.43487548828125	0.63323974609375	0.30517578125
2.512	0.18441650390625	-0.06466552734375	9.74533447265625	-0.57220458984375	0.3662109375	0.335693359375
2.522	0.12693603515625002	-0.09580078125000001	9.77407470703125	-0.42724609375	0.60272216796875	0.396728515625
2.532	0.10298583984375001	-0.0814306640625	9.64474365234375	-0.4425048828125	0.55694580078125	0.396728515625
2.541	0.09819580078125001	-0.04071533203125	9.69264404296875	-0.34332275390625	0.37384033203125	0.38909912109375
2.55	0.07903564453125	-0.05748046875	9.723779296875	-0.5645751953125	0.18310546875	0.31280517578125
2.558	0.10298583984375001	-0.04071533203125	9.742939453125	-0.0762939453125	0.213623046875	0.54168701171875
2.568	0.11017089843750001	-0.05987548828125	9.680668945312501	-0.09918212890625	0.091552734375	0.3814697265625
2.578	0.14609619140625002	-0.1676513671875	9.68306396484375	-0.26702880859375	-0.1373291015625	0.43487548828125
2.587	0.10059082031250001	-0.1197509765625	9.72617431640625	-0.17547607421875	-0.26702880859375	0.3662109375
2.597	0.11017089843750001	-0.067060546875	9.7573095703125	-0.17547607421875	-0.2899169921875	0.45013427734375
2.607	0.0814306640625	-0.07424560546875	9.635163574218751	-0.31280517578125	-0.3662109375	0.49591064453125
2.616	0.124541015625	-0.09340576171875001	9.70701416015625	-0.274658203125	-0.35858154296875	0.30517578125
2.626	0.11256591796875001	-0.11735595703125	9.7573095703125	-0.08392333984375	-0.4119873046875	0.48065185546875
2.635	0.10538085937500001	-0.045505371093750004	9.72617431640625	0.06103515625	-0.3509521484375	0.32806396484375
2.644	0.09819580078125001	-0.067060546875	9.6902490234375	-0.1068115234375	-0.48065185546875	0.457763671875
2.654	0.1389111328125	-0.028740234375	9.79802490234375	0.2288818359375	-0.45013427734375	0.37384033203125
2.663	0.10298583984375001	-0.055085449218750006	9.716594238281251	0.09918212890625	-0.09918212890625	0.3662109375
2.672	0.10777587890625001	-0.11017089843750001	9.66869384765625	0.030517578125	0.03814697265625	0.396728515625
2.68	0.162861328125	-0.15567626953125	9.814790039062501	0.1068115234375	-0.30517578125	0.41961669921875
2.69	0.07424560546875	-0.07424560546875	9.79083984375	-0.02288818359375	-0.4119873046875	0.4119873046875
2.7	0.16046630859375	-0.0814306640625	9.687854003906251	-0.18310546875	-0.1220703125	0.29754638671875
2.709	0.16046630859375	-0.052690429687500005	9.65432373046875	-0.17547607421875	-0.4730224609375	0.31280517578125
2.718	0.1389111328125	-0.06945556640625	9.72138427734375	-0.16021728515625	-0.518798828125	0.335693359375
2.728	0.11256591796875001	-0.08861572265625	9.7860498046875	-0.152587890625	-0.43487548828125	0.37384033203125
2.738	0.1149609375	-0.15088623046875002	9.776469726562501	0.09918212890625	-0.5645751953125	0.40435791015625
2.747	0.1197509765625	-0.06466552734375	9.733359375000001	-0.14495849609375	-0.49591064453125	0.274658203125
2.756	0.13172607421875002	-0.06466552734375	9.742939453125	-0.19073486328125	-0.7171630859375	0.46539306640625
2.766	0.1197509765625	-0.1484912109375	9.78365478515625	-0.16021728515625	-0.3662109375	0.25177001953125
2.776	0.1149609375	-0.07424560546875	9.716594238281251	-0.40435791015625	-0.52642822265625	0.48065185546875
2.786	0.1676513671875	-0.086220703125	9.7285693359375	-0.38909912109375	-0.0762939453125	0.51116943359375
2.795	0.10059082031250001	-0.067060546875	9.73096435546875	-0.1678466796875	-0.03814697265625	0.43487548828125
2.804	0.12214599609375	-0.05987548828125	9.7716796875	-0.2288818359375	0.12969970703125	0.37384033203125
2.813	0.10538085937500001	-0.06466552734375	9.77407470703125	0.091552734375	0.2593994140625	0.42724609375
2.823	0.18202148437500001	-0.050295410156250005	9.666298828125	-0.23651123046875	0.43487548828125	0.49591064453125
2.832	0.124541015625	-0.09580078125000001	9.78844482421875	-0.1068115234375	0.701904296875	0.40435791015625
2.841	0.1149609375	-0.06466552734375	9.695039062500001	0.0152587890625	0.640869140625	0.28228759765625
2.85	0.11256591796875001	-0.067060546875	9.74533447265625	-0.0152587890625	0.80108642578125	0.30517578125
2.86	0.11256591796875001	-0.09340576171875001	9.80281494140625	-0.0762939453125	0.83160400390625	0.23651123046875
2.869	0.12214599609375	-0.08382568359375	9.740544433593751	-0.08392333984375	0.457763671875	0.3814697265625
2.878	0.05748046875	-0.13651611328125002	9.73096435546875	0.0457763671875	0.48828125	0.3204345703125
2.887	0.09580078125000001	-0.09580078125000001	9.80281494140625	0.11444091796875	0.00762939453125	0.37384033203125
2.896	0.09580078125000001	-0.07424560546875	9.66390380859375	-0.1373291015625	-0.2899169921875	0.41961669921875
2.906	0.11017089843750001	-0.09580078125000001	9.75970458984375	-0.1220703125	-0.55694580078125	0.38909912109375
2.916	0.1149609375	-0.1197509765625	9.740544433593751	-0.26702880859375	-0.9918212890625	0.3204345703125
2.925	0.10059082031250001	-0.086220703125	9.709409179687501	-0.1068115234375	-1.07574462890625	0.54168701171875
2.935	0.086220703125	-0.055085449218750006	9.71419921875	-0.1068115234375	-1.2054443359375	0.63323974609375
2.945	0.1389111328125	-0.06945556640625	9.716594238281251	0.091552734375	-1.28173828125	0.396728515625
2.954	0.05748046875	-0.07424560546875	9.702224121093751	-0.06103515625	-1.251220703125	0.579833984375
2.963	0.20597167968750002	-0.076640625	9.67587890625	0.03814697265625	-1.15966796875	0.48065185546875
2.972	0.15088623046875002	-0.06945556640625	9.69264404296875	-0.02288818359375	-0.701904296875	0.396728515625
2.982	0.14609619140625002	-0.09340576171875001	9.635163574218751	-0.12969970703125	-0.3509521484375	0.3662109375
2.992	0.08861572265625	-0.07424560546875	9.666298828125	-0.06103515625	-0.43487548828125	0.63323974609375
3.001	0.16046630859375	-0.0335302734375	9.723779296875	0.0457763671875	-0.37384033203125	0.5950927734375
3.01	0.13412109375	-0.0622705078125	9.680668945312501	-0.00762939453125	-0.0762939453125	0.5035400390625
3.019	0.1772314453125	-0.05987548828125	9.6710888671875	-0.16021728515625	0.20599365234375	0.22125244140625
3.028	0.1293310546875	-0.11735595703125	9.742939453125	0.02288818359375	0.2899169921875	0.4119873046875
3.038	0.162861328125	-0.1149609375	9.747729492187501	-0.1068115234375	0.18310546875	0.5340576171875
3.047	0.17004638671875	-0.12693603515625002	9.71180419921875	-0.18310546875	0.14495849609375	0.457763671875
3.056	0.10298583984375001	-0.09580078125000001	9.74533447265625	-0.23651123046875	0.14495849609375	0.54168701171875
3.065	0.11735595703125	-0.10298583984375001	9.74533447265625	-0.17547607421875	0.1678466796875	0.54931640625
3.075	0.09580078125000001	-0.09340576171875001	9.666298828125	-0.14495849609375	0.1983642578125	0.2899169921875
3.084	0.13651611328125002	-0.067060546875	9.702224121093751	-0.25177001953125	0.00762939453125	0.37384033203125
3.093	0.08861572265625	-0.023950195312500002	9.79083984375	-0.091552734375	0.1220703125	0.5035400390625
3.102	0.14609619140625002	-0.07424560546875	9.67587890625	-0.16021728515625	0.38909912109375	0.20599365234375
3.111	0.086220703125	-0.12214599609375	9.709409179687501	-0.38909912109375	0.52642822265625	0.45013427734375
3.121	0.11735595703125	-0.1149609375	9.76449462890625	-0.3814697265625	0.64849853515625	0.38909912109375
3.131	0.1149609375	-0.06945556640625	9.709409179687501	-0.29754638671875	0.5645751953125	0.45013427734375
3.14	0.1197509765625	-0.05748046875	9.73575439453125	-0.5950927734375	0.732421875	0.48065185546875
3.149	0.1293310546875	-0.08861572265625	9.754914550781251	-0.48065185546875	0.69427490234375	0.3662109375
3.159	0.13651611328125002	-0.076640625	9.66390380859375	-0.17547607421875	0.55694580078125	0.3509521484375
3.168	0.08861572265625	-0.07424560546875	9.68306396484375	-0.35858154296875	0.54931640625	0.579833984375
3.177	0.1484912109375	-0.05987548828125	9.77886474609375	-0.7171630859375	-0.1678466796875	0.3814697265625
3.187	0.067060546875	-0.0814306640625	9.75012451171875	-0.5035400390625	-0.26702880859375	0.58746337890625
3.196	0.14609619140625002	-0.09819580078125001	9.7189892578125	-0.5645751953125	-0.09918212890625	0.48065185546875
3.206	0.13172607421875002	-0.09819580078125001	9.7860498046875	-0.58746337890625	-0.38909912109375	0.31280517578125
3.216	0.10777587890625001	-0.07903564453125	9.6998291015625	-0.34332275390625	-0.8544921875	0.38909912109375
3.226	0.07424560546875	-0.14130615234375002	9.67827392578125	-0.14495849609375	-1.007080078125	0.5340576171875
3.235	0.12214599609375	-0.045505371093750004	9.702224121093751	-0.09918212890625	-1.617431640625	0.60272216796875
3.246	0.06945556640625	-0.0718505859375	9.836345214843751	-0.00762939453125	-2.60162353515625	0.579833984375
3.255	0.067060546875	-0.09580078125000001	9.6183984375	0.0	-2.67791748046875	0.4730224609375
3.264	0.15328125	-0.13172607421875002	9.635163574218751	0.19073486328125	-2.2735595703125	0.3814697265625
3.273	0.17004638671875	-0.067060546875	9.733359375000001	0.37384033203125	-2.1820068359375	0.579833984375
3.283	0.20357666015625	-0.11256591796875001	9.66390380859375	0.05340576171875	-1.678466796875	0.43487548828125
3.293	0.15088623046875002	-0.076640625	9.838740234375	0.08392333984375	-1.52587890625	0.55694580078125
3.302	0.1580712890625	-0.06466552734375	9.73096435546875	0.1068115234375	-0.90789794921875	0.32806396484375
3.312	0.1772314453125	-0.12693603515625002	9.72138427734375	-0.09918212890625	-0.6256103515625	0.274658203125
3.321	0.17962646484375	-0.09340576171875001	9.740544433593751	-0.3204345703125	-0.78582763671875	0.1068115234375
3.332	0.1772314453125	-0.11017089843750001	9.709409179687501	-0.4119873046875	-0.37384033203125	0.3662109375
3.341	0.258662109375	-0.052690429687500005	9.742939453125	-0.30517578125	-0.42724609375	0.38909912109375
3.35	0.17244140625	-0.08382568359375	9.75012451171875	-0.05340576171875	0.1220703125	0.43487548828125
3.359	0.24908203125	-0.10059082031250001	9.69264404296875	-0.1373291015625	1.4801025390625	0.37384033203125
3.369	0.14130615234375002	-0.18441650390625	9.666298828125	1.64031982421875	2.22015380859375	-0.00762939453125
3.379	0.296982421875	-0.13651611328125002	9.62558349609375	1.922607421875	2.67791748046875	-0.25177001953125
3.388	-0.1197509765625	0.03113525390625	9.934541015625001	0.90789794921875	-0.58746337890625	-0.06866455078125
3.4	-0.833466796875	-1.02267333984375	9.65911376953125	-0.885009765625	-2.4566650390625	-4.70733642578125
3.411	-0.43110351562500004	-0.5245092773437501	10.0063916015625	-0.8697509765625	-1.007080078125	-23.9715576171875
3.422	-0.0622705078125	0.21076171875000002	9.59205322265625	-1.27410888671875	-2.9754638671875	-21.15631103515625
3.433	0.73527099609375	0.2347119140625	9.7716796875	-0.1983642578125	-3.84521484375	-16.448974609375
3.444	-0.28740234375	0.71132080078125	9.740544433593751	-1.0223388671875	-3.12042236328125	-9.857177734375
3.454	0.03592529296875	0.622705078125	9.560917968750001	-1.0528564453125	-2.2735595703125	-2.1820068359375
3.465	0.29219238281250004	-0.13412109375	9.75012451171875	-0.95367431640625	-1.28936767578125	0.45013427734375
3.474	0.32332763671875003	-0.12214599609375	9.77886474609375	-0.49591064453125	-0.6256103515625	0.40435791015625
3.483	0.143701171875	-0.1149609375	9.6902490234375	-0.57220458984375	0.1373291015625	0.244140625
3.493	0.10538085937500001	-0.10059082031250001	9.75012451171875	-0.3814697265625	-0.2288818359375	0.37384033203125
3.503	0.3975732421875	-0.0622705078125	9.685458984375	-0.16021728515625	-0.1983642578125	0.213623046875
3.512	0.14609619140625002	-0.055085449218750006	9.70701416015625	0.11444091796875	-0.32806396484375	0.22125244140625
3.521	0.08382568359375	0.0047900390625	9.75012451171875	0.08392333984375	-0.43487548828125	0.49591064453125
3.529	0.050295410156250005	-0.08861572265625	9.85071533203125	0.20599365234375	-1.2054443359375	0.4730224609375
3.539	0.16046630859375	-0.1389111328125	9.67587890625	0.3509521484375	-1.068115234375	-0.335693359375
3.549	0.16525634765625	-0.10538085937500001	9.69264404296875	0.7476806640625	-1.13677978515625	0.152587890625
3.559	0.1293310546875	-0.10538085937500001	9.82676513671875	0.90789794921875	-0.9002685546875	-0.67901611328125
3.569	0.16525634765625	-0.1293310546875	9.7668896484375	0.63323974609375	-1.0223388671875	-1.5411376953125
3.579	0.28021728515625	-0.02155517578125	9.82676513671875	0.61798095703125	-0.48065185546875	-1.3885498046875
3.589	0.258662109375	-0.0431103515625	9.81718505859375	0.732421875	0.16021728515625	-0.79345703125
3.598	0.27542724609375	-0.11256591796875001	9.70701416015625	0.74005126953125	0.3509521484375	-0.5645751953125
3.607	0.2347119140625	-0.047900390625000004	9.680668945312501	0.60272216796875	0.84686279296875	0.30517578125
3.616	0.21315673828125	-0.1293310546875	9.680668945312501	0.7781982421875	1.62506103515625	0.3509521484375
3.627	0.21555175781250002	-0.1389111328125	9.656718750000001	1.35040283203125	2.78472900390625	0.396728515625
3.636	0.052690429687500005	-0.36164794921875004	9.747729492187501	1.3580322265625	4.11224365234375	-0.78582763671875
3.647	0.2682421875	-0.6562353515625	10.11895751953125	0.90789794921875	0.93841552734375	-8.270263671875
3.657	-0.51732421875	-1.3268408203125002	9.73096435546875	0.81634521484375	-0.5950927734375	-20.9808349609375
3.668	-0.36164794921875004	-2.09564208984375	9.69264404296875	1.18255615234375	2.6092529296875	-41.43524169921875
3.68	0.613125	-2.22497314453125	10.09500732421875	2.17437744140625	4.69207763671875	-54.17633056640625
3.69	-0.03113525390625	-2.12677734375	9.807604980468751	1.708984375	5.85174560546875	-62.27874755859375
3.701	-0.25387207031250003	-1.7723144531250001	9.800419921875001	1.44195556640625	4.84466552734375	-66.2841796875
3.712	0.0814306640625	-1.57352783203125	9.769284667968751	0.9765625	1.9683837890625	-60.8673095703125
3.722	-0.02155517578125	-1.67890869140625	9.702224121093751	0.77056884765625	0.31280517578125	-48.248291015625
3.732	0.24189697265625001	-1.7555493164062501	9.680668945312501	0.6256103515625	0.06103515625	-33.6456298828125
3.742	0.622705078125	-1.9806811523437502	9.70701416015625	1.07574462890625	0.579833984375	-15.7928466796875
3.752	0.5029541015625	-2.3471191406250003	9.72138427734375	0.54168701171875	-0.69427490234375	2.25067138671875
3.763	0.7640112304687501	-2.5770410156250003	9.71180419921875	0.579833984375	1.07574462890625	16.6778564453125
3.773	0.718505859375	-2.78061767578125	9.78844482421875	0.5035400390625	2.17437744140625	28.26690673828125
3.783	0.52929931640625	-3.0512548828125	9.747729492187501	0.19073486328125	2.23541259765625	37.506103515625
3.793	0.27063720703125	-3.113525390625	9.75970458984375	0.1373291015625	2.44140625	43.51043701171875
3.804	0.07903564453125	-2.8428881835937503	9.762099609375001	-0.1068115234375	2.69317626953125	45.46356201171875
3.815	-0.14130615234375002	-2.55069580078125	9.769284667968751	-0.54168701171875	2.4871826171875	44.952392578125
3.825	-0.13412109375	-2.35909423828125	9.769284667968751	-0.66375732421875	2.37274169921875	42.30499267578125
3.835	0.0622705078125	-2.21539306640625	9.77407470703125	-1.007080078125	2.166748046875	40.679931640625
3.847	0.06945556640625	-2.2441333007812503	9.781259765625	-0.9613037109375	2.20489501953125	40.84014892578125
3.858	-0.13651611328125002	-2.155517578125	9.72617431640625	-0.84686279296875	2.12860107421875	38.26904296875
3.868	-0.51971923828125	-1.85853515625	9.63995361328125	-0.4730224609375	1.47247314453125	32.16552734375
3.878	-0.48139892578125004	-1.89685546875	9.71180419921875	-0.7476806640625	0.32806396484375	26.4739990234375
3.89	-0.29458740234375	-1.9902612304687501	9.685458984375	-0.46539306640625	-0.86212158203125	23.74267578125
3.901	-0.1580712890625	-1.9351757812500001	9.821975097656251	-0.93841552734375	-1.56402587890625	23.2086181640625
3.911	0.052690429687500005	-2.0908520507812502	9.6902490234375	-1.373291015625	-1.13677978515625	24.9786376953125
3.921	0.07903564453125	-2.0381616210937503	9.71419921875	-1.21307373046875	-0.28228759765625	27.71759033203125
3.933	-0.18441650390625	-1.89685546875	9.81718505859375	-1.129150390625	-0.55694580078125	28.00750732421875
3.944	-0.09580078125000001	-1.99265625	9.7668896484375	-1.5869140625	-0.64849853515625	26.77154541015625
3.955	-0.16525634765625	-2.040556640625	9.66869384765625	-1.62506103515625	-0.78582763671875	25.482177734375
3.965	-0.3400927734375	-1.93278076171875	9.747729492187501	-1.7547607421875	-0.20599365234375	24.08599853515625
3.977	-0.15567626953125	-1.8992504882812502	9.73575439453125	-1.86920166015625	-0.77056884765625	23.99444580078125
3.987	0.22513183593750002	-2.18665283203125	9.793234863281251	-2.40325927734375	0.0457763671875	25.61187744140625
3.997	0.5843847656250001	-2.14354248046875	9.7956298828125	-2.75421142578125	0.35858154296875	32.67669677734375
4.008	0.18441650390625	-1.7100439453125	9.589658203125001	-1.73187255859375	-0.06866455078125	39.1998291015625
4.019	-0.21555175781250002	-1.5711328125000001	9.7189892578125	-1.74713134765625	0.89263916015625	35.21728515625
4.03	-0.29219238281250004	-1.29091552734375	9.79083984375	-2.166748046875	0.244140625	30.05218505859375
4.04	-0.354462890625	-1.28133544921875	9.59923828125	-1.4495849609375	0.1220703125	28.167724609375
4.05	-0.0431103515625	-1.6956738281250001	9.6327685546875	-0.37384033203125	0.78582763671875	24.39117431640625
4.061	0.0047900390625	-1.9495458984375	9.74533447265625	-0.9613037109375	-0.54168701171875	16.22772216796875
4.072	-0.07424560546875	-1.8992504882812502	9.807604980468751	-0.91552734375	-1.4495849609375	5.85174560546875
4.082	-0.23231689453125	-1.72680908203125	9.67827392578125	-0.5340576171875	-1.85394287109375	-5.523681640625
4.093	0.00718505859375	-1.5663427734375002	9.70701416015625	-0.96893310546875	-1.54876708984375	-11.97052001953125
4.105	0.6658154296875001	-1.4465917968750002	9.695039062500001	-0.64849853515625	-1.54876708984375	-8.17108154296875
4.115	1.178349609375	-2.0812719726562503	9.695039062500001	-0.49591064453125	-0.00762939453125	1.77001953125
4.126	1.7100439453125	-2.155517578125	9.7285693359375	-0.08392333984375	-0.885009765625	14.2059326171875
4.136	1.7244140625000002	-1.93278076171875	9.78844482421875	-1.09100341796875	0.67901611328125	32.6385498046875
4.147	0.795146484375	-1.84656005859375	9.67827392578125	-0.274658203125	-0.6256103515625	46.44012451171875
4.158	1.3172607421875	-1.599873046875	9.81	-0.25177001953125	1.251220703125	56.51092529296875
4.168	1.5160473632812501	-2.1243823242187503	9.6998291015625	-1.190185546875	1.02996826171875	69.488525390625
4.179	0.8430468750000001	-1.5376025390625	9.647138671875	-0.457763671875	0.30517578125	71.9757080078125
4.19	0.47660888671875	-1.2885205078125002	9.800419921875001	-1.01470947265625	-2.03704833984375	58.89129638671875
4.201	0.7616162109375001	-1.2597802734375	9.9680712890625	-3.16619873046875	0.84686279296875	48.30169677734375
4.211	0.086220703125	-1.12326416015625	9.63037353515625	0.0	-3.3111572265625	45.47119140625
4.221	0.38320312500000003	-0.5987548828125	9.80281494140625	-1.80816650390625	-2.44903564453125	43.3502197265625
4.233	-0.33769775390625	-0.6753955078125	9.6998291015625	-1.89208984375	-2.38800048828125	37.3992919921875
4.244	0.1676513671875	-0.41433837890625	9.79083984375	-1.3885498046875	-1.4495849609375	39.10064697265625
4.254	0.162861328125	0.16525634765625	9.742939453125	-1.312255859375	-2.41851806640625	48.74420166015625
4.264	-0.5269042968750001	0.47660888671875	9.568103027343751	1.12152099609375	-1.15966796875	49.102783203125
4.275	0.047900390625000004	0.27303222656250004	9.819580078125	-0.0152587890625	-1.3427734375	45.2880859375
4.284	0.5676196289062501	0.13412109375	9.867480468750001	-1.0528564453125	-0.51116943359375	46.2799072265625
4.294	0.32811767578125	-0.16525634765625	9.620793457031251	-0.67901611328125	-0.6561279296875	44.036865234375
4.305	0.871787109375	-0.08861572265625	9.85071533203125	-0.091552734375	-1.04522705078125	42.80853271484375
4.315	0.28261230468750004	-0.24189697265625001	9.87945556640625	-0.67901611328125	0.72479248046875	38.1927490234375
4.325	0.09101074218750001	-0.5053491210937501	9.6615087890625	0.52642822265625	-0.60272216796875	29.59442138671875
4.335	0.32572265625	-0.24189697265625001	9.649533691406251	-0.05340576171875	-3.68499755859375	26.275634765625
4.345	-0.22273681640625	0.48139892578125004	9.709409179687501	-2.02178955078125	-1.8157958984375	23.71978759765625
4.357	-0.5245092773437501	0.67300048828125	9.6902490234375	-1.5411376953125	-1.0223388671875	20.80535888671875
4.367	0.08382568359375	1.0154882812500001	9.76449462890625	-0.96893310546875	0.6561279296875	20.843505859375
4.377	0.277822265625	0.9244775390625001	9.704619140625	-0.77056884765625	-0.7171630859375	24.04022216796875
4.387	0.20836669921875	0.9627978515625001	9.980046386718751	-0.8544921875	-0.823974609375	24.84893798828125
4.399	0.15088623046875002	0.91250244140625	9.704619140625	-0.51116943359375	-1.09100341796875	23.0865478515625
4.408	0.5748046875	0.8382568359375	9.75251953125	-1.007080078125	0.0457763671875	22.7203369140625
4.418	-0.00718505859375	0.47660888671875	9.7668896484375	-0.762939453125	-1.21307373046875	22.491455078125
4.429	-0.39278320312500004	0.85981201171875	9.695039062500001	-2.23541259765625	0.22125244140625	17.14324951171875
4.44	-0.8669970703125001	1.30528564453125	9.64474365234375	-2.50244140625	0.823974609375	5.91278076171875
4.451	-0.8047265625000001	1.49209716796875	9.66390380859375	-1.54876708984375	-1.6326904296875	-9.796142578125
4.462	-0.5652246093750001	2.07169189453125	9.6040283203125	0.63323974609375	-1.86920166015625	-16.71600341796875
4.472	0.12214599609375	2.1794677734375	9.76449462890625	-0.12969970703125	-0.84686279296875	-17.5628662109375
4.483	-0.03592529296875	1.7962646484375	9.45314208984375	0.09918212890625	1.35040283203125	-10.7574462890625
4.493	0.05987548828125	1.9471508789062502	9.6231884765625	0.83160400390625	0.7171630859375	-7.9345703125
4.503	0.70174072265625	2.1603076171875	9.702224121093751	1.190185546875	1.28936767578125	-7.0037841796875
4.513	0.5843847656250001	1.97110107421875	9.754914550781251	1.6937255859375	1.74713134765625	-5.37109375
4.524	0.9795629882812501	1.71722900390625	9.709409179687501	0.640869140625	1.2359619140625	-5.9814453125
4.534	1.38192626953125	2.0740869140625002	9.941726074218751	-0.14495849609375	1.28173828125	-3.91387939453125
4.543	1.1903247070312502	1.70525390625	9.73096435546875	-0.030517578125	0.63323974609375	2.75421142578125
4.553	1.1256591796875	1.61184814453125	9.72617431640625	0.091552734375	0.732421875	7.92694091796875
4.562	0.59635986328125	1.59747802734375	9.680668945312501	0.29754638671875	-0.152587890625	5.30242919921875
4.574	-0.124541015625	1.77470947265625	9.613608398437501	0.86212158203125	0.87738037109375	-8.9263916015625
4.584	-0.39996826171875	2.38304443359375	9.78365478515625	1.07574462890625	-0.5340576171875	-27.85491943359375
4.594	0.08861572265625	2.6297314453125002	9.60163330078125	0.3662109375	-0.70953369140625	-37.59765625
4.604	0.37601806640625	2.45968505859375	9.85071533203125	-0.23651123046875	0.67901611328125	-40.2679443359375
4.615	0.6083349609375001	2.13875244140625	9.80281494140625	-0.57220458984375	1.96075439453125	-36.75079345703125
4.626	0.9460327148437501	1.72680908203125	9.685458984375	-0.95367431640625	2.3193359375	-29.42657470703125
4.637	1.4034814453125	1.81781982421875	9.716594238281251	-1.41143798828125	2.92205810546875	-20.05767822265625
4.647	1.0298583984375	2.5602758789062503	9.8339501953125	-1.59454345703125	2.3651123046875	-12.1917724609375
4.659	1.0921289062500001	2.86204833984375	9.82676513671875	-0.92315673828125	1.57928466796875	-4.35638427734375
4.668	0.98914306640625	2.864443359375	9.709409179687501	-0.457763671875	0.03814697265625	2.44903564453125
4.679	0.75922119140625	2.90036865234375	9.8435302734375	-0.8697509765625	-1.8157958984375	6.40106201171875
4.689	-0.81670166015625	3.6068994140625	9.687854003906251	-0.0457763671875	-0.57220458984375	-5.33294677734375
4.7	-0.6945556640625	3.439248046875	9.72138427734375	0.6866455078125	-0.69427490234375	-26.275634765625
4.711	-0.19878662109375	2.883603515625	9.75251953125	1.04522705078125	-0.89263916015625	-40.55023193359375
4.721	0.5077441406250001	2.4572900390625003	9.685458984375	1.21307373046875	-1.312255859375	-48.08807373046875
4.732	1.2717553710937501	2.26329345703125	9.8052099609375	1.07574462890625	-1.708984375	-46.722412109375
4.744	1.57831787109375	2.040556640625	9.72138427734375	0.946044921875	-1.85394287109375	-36.9110107421875
4.754	1.6094531250000002	2.0740869140625002	9.75970458984375	0.74005126953125	-1.83868408203125	-25.81024169921875
4.764	1.06099365234375	2.03337158203125	9.55852294921875	0.457763671875	-2.471923828125	-16.7236328125
4.775	1.2885205078125002	1.4513818359375001	9.781259765625	-0.1068115234375	-1.13677978515625	-11.40594482421875
4.786	1.1136840820312501	1.41066650390625	9.69264404296875	-0.6103515625	0.05340576171875	-4.8065185546875
4.796	1.02746337890625	1.8345849609375	9.81	-1.0986328125	1.50299072265625	-1.83868408203125
4.806	0.8430468750000001	2.442919921875	9.821975097656251	-0.701904296875	1.46484375	-4.241943359375
4.816	0.9627978515625001	2.5698559570312502	9.7285693359375	0.06103515625	1.0833740234375	-7.11822509765625
4.827	1.0346484375	2.24173828125	9.70701416015625	0.54168701171875	0.69427490234375	-7.48443603515625
4.836	0.7424560546875001	1.97110107421875	9.716594238281251	0.37384033203125	0.274658203125	-7.77435302734375
4.846	0.8430468750000001	1.47533203125	9.740544433593751	0.1373291015625	2.02178955078125	-7.14874267578125
4.856	0.4981640625	0.9651928710937501	9.8339501953125	0.17547607421875	0.32806396484375	-5.95855712890625
4.866	0.43828857421875	0.69695068359375	9.86508544921875	-0.16021728515625	0.335693359375	-5.035400390625
4.876	0.37601806640625	0.55324951171875	9.6998291015625	-0.7171630859375	0.2593994140625	-2.8533935546875
4.885	0.3688330078125	0.39038818359375	9.75012451171875	-1.0833740234375	0.60272216796875	-1.6632080078125
4.895	0.3209326171875	0.4550537109375	9.7716796875	-1.76239013671875	0.1220703125	-1.8310546875
4.905	0.37122802734375004	0.2442919921875	9.6615087890625	-2.11334228515625	-0.335693359375	-0.93841552734375
4.916	0.21076171875000002	-0.16525634765625	9.6040283203125	-1.8768310546875	0.28228759765625	-0.1373291015625
4.926	0.12693603515625002	-0.10298583984375001	9.6231884765625	-1.53350830078125	1.07574462890625	-0.08392333984375
4.935	0.15088623046875002	-0.11017089843750001	9.61600341796875	-0.8087158203125	1.54876708984375	0.09918212890625
4.944	0.09340576171875001	-0.16046630859375	9.781259765625	-0.43487548828125	2.15911865234375	0.0
4.954	0.03113525390625	-0.15088623046875002	9.687854003906251	-0.4119873046875	1.71661376953125	-0.0152587890625
4.964	0.09580078125000001	-0.1149609375	9.65432373046875	-0.29754638671875	1.79290771484375	0.152587890625
4.973	0.09580078125000001	-0.1580712890625	9.776469726562501	-0.0152587890625	1.2054443359375	0.2593994140625
4.982	0.067060546875	-0.14130615234375002	9.79083984375	0.02288818359375	0.6561279296875	0.335693359375
4.992	0.0431103515625	-0.1676513671875	9.687854003906251	0.1983642578125	0.0762939453125	0.51116943359375
5.0	0.08861572265625	-0.08861572265625	9.68306396484375	0.25177001953125	-0.12969970703125	0.38909912109375
5.01	0.07424560546875	-0.20118164062500002	9.70701416015625	0.579833984375	-0.6256103515625	0.52642822265625
5.019	0.10777587890625001	-0.162861328125	9.702224121093751	0.49591064453125	-0.67901611328125	0.48065185546875
5.028	0.10538085937500001	-0.08861572265625	9.589658203125001	0.396728515625	-1.36566162109375	0.46539306640625
5.039	0.162861328125	-0.17244140625	9.6998291015625	0.55694580078125	-2.01416015625	0.69427490234375
5.048	0.13412109375	-0.14609619140625002	9.6519287109375	0.37384033203125	-2.28118896484375	0.55694580078125
5.058	0.067060546875	-0.14130615234375002	9.75251953125	-0.05340576171875	-3.7841796875	0.80108642578125
5.067	0.18441650390625	-0.16046630859375	9.733359375000001	0.11444091796875	-3.33404541015625	1.0986328125
5.078	0.20118164062500002	-0.22273681640625	9.73575439453125	0.274658203125	-2.86865234375	0.87738037109375
5.087	0.15328125	-0.09340576171875001	9.74533447265625	0.09918212890625	-1.62506103515625	0.89263916015625
5.097	0.18920654296875	-0.14130615234375002	9.685458984375	0.37384033203125	-0.58746337890625	0.95367431640625
5.106	0.21555175781250002	-0.1197509765625	9.7573095703125	0.54931640625	0.2288818359375	0.79345703125
5.115	0.24189697265625001	-0.07903564453125	9.71419921875	0.22125244140625	1.15203857421875	0.92315673828125
5.126	0.13172607421875002	-0.08861572265625	9.740544433593751	0.2899169921875	1.89208984375	0.67138671875
5.135	0.17004638671875	-0.1197509765625	9.723779296875	0.18310546875	2.09808349609375	0.64849853515625
5.144	0.07424560546875	-0.15088623046875002	9.81718505859375	0.35858154296875	2.08282470703125	0.72479248046875
5.153	0.08382568359375	-0.10059082031250001	9.7860498046875	0.23651123046875	2.02178955078125	0.6103515625
5.163	0.20118164062500002	-0.055085449218750006	9.836345214843751	-0.18310546875	1.4190673828125	0.93841552734375
5.173	0.086220703125	-0.0814306640625	9.80281494140625	-0.32806396484375	1.54876708984375	0.3204345703125
5.182	0.15567626953125	-0.1389111328125	9.75012451171875	-0.335693359375	1.6937255859375	0.2288818359375
5.192	0.16046630859375	-0.1293310546875	9.77886474609375	-0.14495849609375	1.9683837890625	0.3814697265625
5.201	-0.023950195312500002	-0.11017089843750001	9.73575439453125	0.1068115234375	1.0528564453125	0.42724609375
5.211	0.00718505859375	-0.07903564453125	9.838740234375	-0.6561279296875	-2.46429443359375	0.67901611328125
5.221	0.16046630859375	-0.07903564453125	9.72138427734375	-0.7171630859375	-4.08935546875	0.60272216796875
5.23	0.21076171875000002	0.00718505859375	9.7716796875	-0.17547607421875	-5.40924072265625	0.00762939453125
5.239	0.29458740234375	0.29219238281250004	9.8722705078125	0.51116943359375	-5.56182861328125	0.9765625
5.25	0.50055908203125	0.7256909179687501	9.7573095703125	1.68609619140625	-6.6375732421875	3.72314453125
5.26	1.6645385742187502	1.6429833984375002	9.50583251953125	5.72967529296875	-5.157470703125	14.3890380859375
5.271	2.0836669921875	2.2273681640625003	9.8483203125	8.75091552734375	-13.0157470703125	32.440185546875
5.282	1.3867163085937502	1.23822509765625	10.001601562500001	13.14544677734375	-20.263671875	46.85211181640625
5.295	-0.9532177734375	-1.28612548828125	13.0049560546875	60.00518798828125	-56.81610107421875	42.41943359375
5.306	-2.3471191406250003	-3.669169921875	10.727292480468751	74.65362548828125	-67.4591064453125	25.32196044921875
5.318	-2.22976318359375	-0.7711962890625	17.145944824218752	79.498291015625	-46.98944091796875	-4.39453125
5.329	-3.1374755859375	-0.07903564453125	18.13748291015625	15.76995849609375	-27.5421142578125	-34.85107421875
5.342	-2.17228271484375	0.30416748046875003	16.238232421875	-37.51373291015625	-21.6827392578125	-61.56158447265625
5.353	0.9220825195312501	-0.354462890625	5.7719970703125005	-18.40972900390625	17.059326171875	-86.85302734375
5.364	0.1772314453125	1.9543359375	12.837304687500001	-18.18084716796875	-7.07244873046875	-98.71673583984375
5.376	0.316142578125	1.4082714843750002	13.6803515625	-11.94000244140625	-15.90728759765625	-94.94781494140625
5.388	1.3483959960937502	-0.38080810546875005	13.6180810546875	-35.186767578125	-22.3541259765625	-79.13970947265625
5.4	1.0585986328125	-0.6682104492187501	14.0970849609375	-26.71051025390625	-17.608642578125	-64.0106201171875
5.411	0.07424560546875	-0.20836669921875	14.77966552734375	-29.0069580078125	-14.801025390625	-55.38177490234375
5.423	0.13172607421875002	0.04071533203125	14.60243408203125	-36.99493408203125	-22.33123779296875	-60.0128173828125
5.433	0.08382568359375	0.050295410156250005	14.350957031250001	-42.41943359375	-26.336669921875	-65.52886962890625
5.444	0.7903564453125	0.067060546875	13.773757324218751	-43.02215576171875	-32.90557861328125	-64.61334228515625
5.456	1.2597802734375	0.36643798828125	13.02172119140625	-37.5213623046875	-26.67236328125	-57.6019287109375
5.468	0.9604028320312501	0.5748046875	12.54990234375	-22.6898193359375	-22.1099853515625	-52.72674560546875
5.479	0.98914306640625	0.30895751953125	12.92592041015625	-9.185791015625	-13.0615234375	-51.32293701171875
5.49	1.0106982421875002	0.10298583984375001	13.7043017578125	-4.9896240234375	-8.04901123046875	-46.9818115234375
5.501	0.8454418945312501	-0.4454736328125	13.95098876953125	-10.03265380859375	-1.6326904296875	-43.70880126953125
5.513	0.6442602539062501	-0.91250244140625	13.80728759765625	-16.88385009765625	2.4261474609375	-41.93115234375
5.524	0.93166259765625	-0.7280859375000001	13.6803515625	-24.81842041015625	5.06591796875	-39.825439453125
5.536	1.24541015625	-0.67300048828125	13.27798828125	-28.12957763671875	8.18634033203125	-36.44561767578125
5.548	0.6083349609375001	-0.1484912109375	13.1103369140625	-29.80804443359375	2.9754638671875	-40.740966796875
5.559	1.09452392578125	0.28740234375	12.885205078125	-27.5421142578125	-7.4920654296875	-43.39599609375
5.57	1.7028588867187502	0.1197509765625	12.94029052734375	-25.03204345703125	-12.7410888671875	-41.412353515625
5.581	1.89446044921875	0.10538085937500001	12.94508056640625	-26.05438232421875	-23.99444580078125	-34.64508056640625
5.593	1.676513671875	0.19399658203125	12.6696533203125	-27.6031494140625	-35.1104736328125	-34.027099609375
5.604	1.302890625	0.21076171875000002	11.50327880859375	-21.2554931640625	-42.56439208984375	-53.04718017578125
5.615	2.0645068359375003	0.13651611328125002	11.50327880859375	-10.61248779296875	-52.1697998046875	-61.8133544921875
5.626	3.16382080078125	-0.00239501953125	12.08766357421875	-2.3956298828125	-44.4793701171875	-55.45806884765625
5.638	3.50630859375	-0.97716796875	13.07441162109375	-0.74005126953125	-22.0184326171875	-36.1785888671875
5.65	2.9171337890625	-1.22385498046875	13.70190673828125	-8.94927978515625	-2.57110595703125	-11.8255615234375
5.661	2.232158203125	-0.8430468750000001	13.42408447265625	-23.75030517578125	18.21136474609375	-1.5869140625
5.672	1.9950512695312501	-0.49337402343750003	12.427756347656251	-33.59222412109375	28.0914306640625	-3.6163330078125
5.683	1.7579443359375	0.08382568359375	11.58470947265625	-38.13934326171875	24.78790283203125	-6.5155029296875
5.695	2.4764501953125	0.6442602539062501	10.57640625	-39.84832763671875	27.24456787109375	-11.55853271484375
5.706	2.960244140625	1.12805419921875	9.596843261718751	-35.552978515625	41.98455810546875	-12.58087158203125
5.718	3.3194970703125	1.00351318359375	9.16573974609375	-30.63201904296875	53.06243896484375	-6.8817138671875
5.728	3.2236962890625	0.47660888671875	8.880732421875	-24.3988037109375	60.11199951171875	0.78582763671875
5.739	3.16382080078125	0.0335302734375	8.363408203125001	-17.92144775390625	64.64385986328125	8.52203369140625
5.749	2.8165429687500003	-0.4167333984375	8.557404785156251	-11.95526123046875	68.29071044921875	14.7247314453125
5.761	2.4740551757812503	-0.29937744140625	8.83283203125	-9.002685546875	73.79913330078125	17.38739013671875
5.772	1.6477734375000002	-0.35685791015625	8.835227050781251	-5.6915283203125	71.96044921875	15.84625244140625
5.782	1.72201904296875	-0.30895751953125	8.12630126953125	0.7781982421875	60.516357421875	12.8936767578125
5.793	1.9687060546875002	-0.13412109375	7.67124755859375	7.48443603515625	58.29620361328125	15.35797119140625
5.804	1.3412109375	0.067060546875	7.3886352539062505	15.13671875	57.9681396484375	15.26641845703125
5.815	1.20948486328125	0.13651611328125002	6.8066455078125	24.84893798828125	57.6629638671875	10.7879638671875
5.825	1.1927197265625	-0.41433837890625	5.5564453125	44.525146484375	50.71258544921875	6.79779052734375
5.835	1.7962646484375	-0.18441650390625	6.0641894531250005	63.42315673828125	56.1981201171875	-0.946044921875
5.848	3.10155029296875	-0.24668701171875002	6.5192431640625	77.1331787109375	82.02362060546875	-6.32476806640625
5.859	3.09676025390625	-0.8047265625000001	7.84368896484375	71.6094970703125	108.7188720703125	-2.22015380859375
5.87	1.5112573242187501	-1.7339941406250001	7.98978515625	55.32073974609375	104.83551025390625	0.99945068359375
5.881	0.47181884765625004	-2.05013671875	8.94779296875	37.13226318359375	87.7685546875	-7.11822509765625
5.893	-0.55564453125	-2.43094482421875	8.715476074218751	15.29693603515625	66.9403076171875	-18.27239990234375
5.904	-0.40954833984375	-2.05013671875	9.11304931640625	-9.21630859375	44.10552978515625	-22.979736328125
5.915	0.30177246093750004	-1.64058837890625	8.384963378906251	-30.57098388671875	37.26959228515625	-15.90728759765625
5.927	-0.29219238281250004	-1.2286450195312502	7.642507324218751	-42.8924560546875	38.26141357421875	-11.9476318359375
5.939	-1.025068359375	-0.5412744140625	6.792275390625	-49.8504638671875	33.4930419921875	-18.92852783203125
5.95	0.03592529296875	-0.277822265625	6.092929687500001	-46.966552734375	26.98516845703125	-21.8505859375
5.96	0.30895751953125	0.0622705078125	5.7384667968750005	-39.52789306640625	22.45330810546875	-21.17156982421875
5.971	0.11017089843750001	0.11735595703125	5.88216796875	-32.00531005859375	11.13128662109375	-17.90618896484375
5.982	-0.0335302734375	0.14609619140625002	6.31566650390625	-23.79608154296875	11.39068603515625	-9.80377197265625
5.993	-0.72090087890625	0.1149609375	6.62222900390625	-14.50347900390625	12.76397705078125	-1.47247314453125
6.004	-0.929267578125	0.00239501953125	7.242539062500001	-8.8958740234375	17.7459716796875	2.25067138671875
6.014	-1.4465917968750002	-0.30416748046875003	7.668852539062501	-5.06591796875	26.55029296875	-2.46429443359375
6.027	-1.79865966796875	-0.39517822265625	8.41849365234375	-4.2877197265625	25.39825439453125	-10.31494140625
6.038	-0.98914306640625	-0.37601806640625	8.200546875	-5.79833984375	24.94049072265625	-15.4876708984375
6.049	-0.641865234375	-0.43349853515625003	8.38975341796875	-7.0648193359375	25.70343017578125	-12.6800537109375
6.061	-0.17244140625	-1.1639794921875	8.4256787109375	-8.7890625	29.04510498046875	-3.509521484375
6.072	-0.73527099609375	-1.5831079101562502	8.56219482421875	-14.59503173828125	24.0325927734375	4.64630126953125
6.084	-0.61552001953125	-1.8441650390625002	7.95146484375	-22.8729248046875	21.54541015625	7.659912109375
6.095	-1.0705737304687502	-2.0142114257812502	7.33115478515625	-29.327392578125	19.96612548828125	9.2315673828125
6.108	-1.92799072265625	-1.389111328125	6.931186523437501	-35.60638427734375	12.8173828125	7.98797607421875
6.119	-1.6813037109375002	-0.65384033203125	6.0043139648437505	-39.093017578125	12.64190673828125	5.9661865234375
6.129	-1.7962646484375	-0.29458740234375	5.1061816406250005	-34.49249267578125	11.71875	7.0343017578125
6.139	-1.839375	0.0047900390625	4.4307861328125	-24.0478515625	6.81304931640625	6.01959228515625
6.15	-2.05732177734375	-0.09819580078125001	4.24636962890625	-12.64190673828125	4.26483154296875	5.80596923828125
6.161	-2.60817626953125	-0.57719970703125	4.461921386718751	-3.5400390625	-1.65557861328125	3.753662109375
6.171	-2.9554541015625	-0.93645263671875	4.68226318359375	2.8076171875	-7.1563720703125	0.18310546875
6.182	-2.84767822265625	-1.025068359375	5.14210693359375	6.30950927734375	-11.05499267578125	-4.547119140625
6.194	-2.60817626953125	-1.32205078125	5.7911572265625	9.6588134765625	-9.8876953125	-7.2021484375
6.206	-2.6009912109375	-1.4801220703125	6.1360400390625	12.10784912109375	-8.6517333984375	-6.04248046875
6.217	-2.58901611328125	-1.33402587890625	6.212680664062501	14.4500732421875	-4.8675537109375	-9.59014892578125
6.228	-2.3998095703125	-1.6046630859375002	6.351591796875001	15.43426513671875	-5.85174560546875	-14.9383544921875
6.241	-2.44531494140625	-1.72201904296875	6.2510009765625005	14.68658447265625	-6.561279296875	-16.2811279296875
6.253	-2.05253173828125	-1.7387841796875	6.33003662109375	13.9007568359375	-8.17108154296875	-11.77978515625
6.264	-2.1674926757812503	-2.24892333984375	6.6294140625	12.3138427734375	-9.66644287109375	-4.05120849609375
6.276	-1.96152099609375	-2.11959228515625	7.077282714843751	7.91168212890625	-13.2904052734375	2.49481201171875
6.287	-1.9782861328125	-2.212998046875	7.3575	2.37274169921875	-16.876220703125	5.10406494140625
6.298	-1.8273999023437502	-1.983076171875	7.520361328125	-3.0364990234375	-21.65985107421875	6.378173828125
6.31	-1.72201904296875	-1.7555493164062501	7.410190429687501	-5.8441162109375	-25.23040771484375	8.64410400390625
6.322	-1.8489550781250002	-1.59029296875	7.7454931640625	-6.03485107421875	-26.69525146484375	12.45880126953125
6.333	-1.83697998046875	-1.5328125000000001	8.19336181640625	-6.64520263671875	-28.06854248046875	16.7694091796875
6.345	-2.0932470703125	-1.2645703125	8.452023925781251	-6.49261474609375	-28.4423828125	17.89093017578125
6.356	-2.2106030273437502	-1.063388671875	9.0771240234375	-5.6610107421875	-28.19061279296875	16.09039306640625
6.369	-2.5267456054687503	-0.910107421875	9.656718750000001	-8.44573974609375	-27.008056640625	14.0838623046875
6.38	-2.6201513671875003	-0.72090087890625	9.5273876953125	-7.02667236328125	-21.93450927734375	6.66046142578125
6.391	-2.5004003906250003	-0.7448510742187501	9.941726074218751	-4.18853759765625	-15.03753662109375	2.8533935546875
6.403	-2.1842578125000003	-1.1951147460937501	10.1548828125	-2.90679931640625	-6.3934326171875	2.25067138671875
6.414	-2.02379150390625	-1.42024658203125	10.39677978515625	-3.7994384765625	-0.31280517578125	4.1046142578125
6.425	-1.73638916015625	-1.302890625	9.896220703125001	-7.4615478515625	2.288818359375	4.0740966796875
6.436	-1.76512939453125	-1.35797607421875	9.44356201171875	-7.66754150390625	5.54656982421875	-3.2806396484375
6.448	-0.9651928710937501	-1.3962963867187501	9.216035156250001	-7.72857666015625	4.5166015625	-4.73785400390625
6.459	-0.9460327148437501	-1.24301513671875	9.0052734375	-6.89697265625	1.71661376953125	-0.9765625
6.469	-0.9675878906250001	-0.929267578125	9.00766845703125	-5.157470703125	0.8544921875	0.06103515625
6.48	-0.8262817382812501	-1.0753637695312501	9.263935546875	-1.8157958984375	2.3345947265625	4.1351318359375
6.491	-0.87897216796875	-1.4082714843750002	9.3070458984375	0.67138671875	5.60760498046875	10.03265380859375
6.501	-0.9436376953125001	-2.0213964843750003	9.45793212890625	0.335693359375	6.103515625	14.373779296875
6.513	-0.9723779296875	-1.9471508789062502	9.673483886718751	-1.7547607421875	8.61358642578125	20.65277099609375
6.524	-1.082548828125	-1.80823974609375	10.1788330078125	-7.46917724609375	3.22723388671875	22.97210693359375
6.535	-1.37234619140625	-1.1927197265625	10.05908203125	-13.24462890625	0.732421875	19.989013671875
6.547	-1.43940673828125	-0.93166259765625	9.83155517578125	-12.969970703125	-1.2969970703125	11.31439208984375
6.558	-1.61663818359375	-0.69216064453125	9.2495654296875	-11.16943359375	-5.98907470703125	-2.66265869140625
6.571	-0.99872314453125	-0.8238867187500001	8.957373046875	-5.767822265625	-6.58416748046875	-5.157470703125
6.581	-0.95082275390625	-1.3268408203125002	9.0675439453125	0.8392333984375	-4.98199462890625	-0.4730224609375
6.592	-1.3268408203125002	-1.30528564453125	9.620793457031251	2.8228759765625	-3.97491455078125	3.47900390625
6.603	-1.55915771484375	-1.65974853515625	10.011181640625	1.57928466796875	-3.71551513671875	1.8768310546875
6.615	-1.48730712890625	-1.6262182617187502	10.061477050781251	-1.46484375	-4.058837890625	-1.04522705078125
6.626	-1.39869140625	-1.580712890625	10.10937744140625	-4.96673583984375	-6.0272216796875	-4.31060791015625
6.637	-1.3412109375	-1.42024658203125	9.754914550781251	-6.23321533203125	-6.41632080078125	-6.9732666015625
6.648	-1.2118798828125001	-1.24780517578125	8.99329833984375	-2.0751953125	-3.60870361328125	-13.54217529296875
6.661	-0.7640112304687501	-1.2765454101562501	8.957373046875	5.18035888671875	-2.20489501953125	-16.68548583984375
6.672	-0.28500732421875	-1.561552734375	9.06514892578125	10.8795166015625	-2.5787353515625	-11.75689697265625
6.683	-0.5843847656250001	-1.85135009765625	9.4603271484375	13.31329345703125	-1.19781494140625	-7.10296630859375
6.694	-0.81670166015625	-2.0645068359375003	10.061477050781251	10.25390625	-2.0294189453125	-4.92095947265625
6.706	-0.7232958984375001	-2.05253173828125	10.36564453125	4.638671875	-2.29644775390625	-1.80816650390625
6.716	-0.9412426757812501	-2.01181640625	10.183623046875	0.6256103515625	-0.52642822265625	2.11334228515625
6.727	-1.1520043945312501	-1.8729052734375	10.13811767578125	-1.2359619140625	1.1444091796875	3.875732421875
6.737	-0.98914306640625	-1.69327880859375	9.769284667968751	-3.41033935546875	2.410888671875	3.25775146484375
6.749	-1.0490185546875002	-1.4178515625	9.40763671875	-4.1351318359375	1.0528564453125	0.19073486328125
6.76	-0.7807763671875	-1.4418017578125	9.06993896484375	-4.4097900390625	-1.5869140625	-0.9765625
6.771	-0.8646020507812501	-1.52562744140625	8.990903320312501	-2.98309326171875	-3.0975341796875	2.84576416015625
6.782	-1.2022998046875	-1.30528564453125	9.081914062500001	-0.87738037109375	-4.5013427734375	3.88336181640625
6.793	-1.2669653320312502	-1.08494384765625	9.208850097656251	1.6632080078125	-7.13348388671875	1.64794921875
6.804	-0.9580078125	-1.1352392578125001	9.4124267578125	5.21087646484375	-8.09478759765625	2.15911865234375
6.815	-1.1831396484375	-1.2502001953125002	10.01357666015625	5.95855712890625	-8.81195068359375	3.875732421875
6.827	-1.5280224609375002	-1.41066650390625	10.40156982421875	3.3416748046875	-8.2244873046875	2.4261474609375
6.838	-1.8154248046875001	-1.53520751953125	10.38719970703125	0.99945068359375	-6.011962890625	-3.4942626953125
6.849	-1.6860937500000002	-1.26217529296875	10.05908203125	-0.51116943359375	-5.95855712890625	-13.92364501953125
6.86	-0.99393310546875	-1.149609375	9.709409179687501	0.0457763671875	-6.04248046875	-18.3563232421875
6.872	-0.7472460937500001	-1.2334350585937501	9.24238037109375	4.486083984375	-3.22723388671875	-15.0299072265625
6.883	-0.6466552734375001	-1.5926879882812501	9.30465087890625	10.498046875	0.6103515625	-11.1541748046875
6.894	-0.8023315429687501	-1.8106347656250001	9.7189892578125	11.36016845703125	1.7852783203125	-7.99560546875
6.905	-0.8262817382812501	-1.84177001953125	10.015971679687501	8.4228515625	-0.29754638671875	-5.94329833984375
6.917	-0.8478369140625001	-1.9639160156250002	10.26744873046875	3.448486328125	-1.0986328125	-5.6610107421875
6.927	-0.5508544921875	-1.8226098632812502	10.14290771484375	0.45013427734375	-2.18963623046875	-3.57818603515625
6.938	-0.38320312500000003	-1.8489550781250002	10.047106933593751	-0.54931640625	-3.7384033203125	0.58746337890625
6.948	-0.58198974609375	-2.02379150390625	10.02076171875	-1.40380859375	-2.3956298828125	4.5928955078125
6.96	-0.93884765625	-1.91841064453125	10.099797363281251	-4.33349609375	-2.777099609375	5.401611328125
6.971	-0.9723779296875	-1.83697998046875	9.93214599609375	-8.84246826171875	-5.6610107421875	4.33349609375
6.983	-1.0585986328125	-1.57352783203125	9.781259765625	-12.44354248046875	-8.09478759765625	3.1280517578125
6.994	-0.9244775390625001	-1.24301513671875	9.49146240234375	-13.35906982421875	-9.063720703125	3.97491455078125
7.006	-0.9148974609375	-1.17595458984375	9.36931640625	-10.12420654296875	-6.988525390625	5.98907470703125
7.017	-1.2334350585937501	-1.28612548828125	9.2591455078125	-6.256103515625	-4.38690185546875	6.17218017578125
7.028	-1.38192626953125	-1.18553466796875	9.44356201171875	-4.3792724609375	-3.88336181640625	2.79998779296875
7.04	-1.4226416015625	-1.1951147460937501	9.532177734375	-3.2501220703125	-3.875732421875	0.17547607421875
7.051	-1.1951147460937501	-1.16637451171875	9.244775390625	-1.12152099609375	-3.37982177734375	-2.73895263671875
7.062	-1.04662353515625	-1.1352392578125001	9.2591455078125	2.29644775390625	-3.7689208984375	-4.63104248046875
7.073	-0.9077124023437501	-1.31965576171875	9.23280029296875	5.767822265625	-2.18963623046875	-4.45556640625
7.085	-0.75922119140625	-1.5232324218750002	9.73096435546875	8.087158203125	-1.15966796875	-0.8544921875
7.096	-0.91729248046875	-1.7483642578125	9.9249609375	7.05718994140625	-0.91552734375	1.800537109375
7.106	-0.81670166015625	-1.68369873046875	10.047106933593751	4.0435791015625	-2.593994140625	2.0751953125
7.117	-0.89813232421875	-1.5184423828125	10.20996826171875	0.9765625	-3.88336181640625	0.99945068359375
7.129	-0.8478369140625001	-1.43940673828125	10.011181640625	-0.67138671875	-3.41796875	-0.9613037109375
7.14	-0.71132080078125	-1.5232324218750002	9.96328125	-0.20599365234375	-2.81524658203125	0.87738037109375
7.15	-0.8190966796875	-1.5184423828125	9.716594238281251	0.885009765625	-2.2125244140625	4.974365234375
7.161	-0.99872314453125	-1.37234619140625	9.6040283203125	0.54168701171875	-1.93023681640625	4.90570068359375
7.172	-0.9675878906250001	-1.3268408203125002	9.6183984375	0.22125244140625	-2.63214111328125	3.74603271484375
7.183	-1.0921289062500001	-1.149609375	9.49146240234375	-0.30517578125	-4.47845458984375	1.06048583984375
7.193	-0.8286767578125	-1.20948486328125	9.194479980468751	1.80816650390625	-4.58526611328125	0.34332275390625
7.204	-0.75922119140625	-1.1352392578125001	9.33099609375	4.5013427734375	-4.486083984375	2.166748046875
7.215	-0.9819580078125001	-1.20948486328125	9.54894287109375	6.7901611328125	-3.204345703125	3.77655029296875
7.226	-1.235830078125	-1.302890625	9.896220703125001	7.38525390625	-1.79290771484375	2.15911865234375
7.237	-1.3412109375	-1.4034814453125	10.181228027343751	5.55419921875	-2.32696533203125	-0.16021728515625
7.247	-1.05141357421875	-1.57831787109375	10.20517822265625	3.07464599609375	-0.96893310546875	-0.30517578125
7.259	-1.025068359375	-1.73159912109375	10.28181884765625	1.8157958984375	2.2430419921875	2.1209716796875
7.27	-1.0370434570312501	-1.6262182617187502	10.399174804687501	-1.70135498046875	3.15093994140625	1.77001953125
