Time	ax	ay	az	gx	gy	gz
0.014	-0.086220703125	-0.01916015625	9.704619140625	-0.20599365234375	-0.20599365234375	0.152587890625
0.023	-0.09580078125000001	0.00239501953125	9.71180419921875	0.213623046875	-0.3204345703125	-0.0762939453125
0.031	-0.047900390625000004	-0.026345214843750003	9.747729492187501	0.03814697265625	-0.26702880859375	-0.06103515625
0.04	-0.08382568359375	-0.06466552734375	9.77886474609375	0.08392333984375	-0.11444091796875	-0.20599365234375
0.049	-0.03113525390625	-0.0622705078125	9.6998291015625	0.1373291015625	-0.030517578125	0.11444091796875
0.058	-0.10298583984375001	-0.03592529296875	9.75251953125	0.0457763671875	-0.05340576171875	-0.2288818359375
0.066	-0.07903564453125	-0.067060546875	9.912985839843751	-0.02288818359375	-0.152587890625	0.1220703125
0.075	-0.10298583984375001	-0.05748046875	9.75970458984375	-0.00762939453125	-0.0762939453125	-0.11444091796875
0.084	-0.1149609375	-0.055085449218750006	9.73096435546875	0.16021728515625	-0.274658203125	-0.08392333984375
0.094	-0.06945556640625	-0.0431103515625	9.87945556640625	-0.0457763671875	-0.19073486328125	0.02288818359375
0.103	-0.067060546875	-0.10538085937500001	9.747729492187501	-0.25177001953125	-0.35858154296875	-0.0152587890625
0.112	-0.12693603515625002	-0.08861572265625	9.6902490234375	-0.22125244140625	-0.23651123046875	-0.02288818359375
0.121	-0.076640625	-0.03113525390625	9.7956298828125	-0.1678466796875	-0.49591064453125	-0.08392333984375
0.132	-0.11256591796875001	-0.07903564453125	9.754914550781251	-0.091552734375	-0.29754638671875	0.02288818359375
0.14	-0.03113525390625	-0.023950195312500002	9.666298828125	-0.274658203125	-0.29754638671875	0.03814697265625
0.15	-0.0718505859375	-0.08861572265625	9.836345214843751	-0.26702880859375	-0.31280517578125	-0.030517578125
0.159	-0.0718505859375	-0.045505371093750004	9.79802490234375	-0.09918212890625	-0.213623046875	-0.030517578125
0.168	-0.12214599609375	-0.09819580078125001	9.702224121093751	-0.05340576171875	-0.14495849609375	0.030517578125
0.177	-0.08861572265625	-0.009580078125	9.6615087890625	0.030517578125	-0.03814697265625	0.00762939453125
0.186	-0.09101074218750001	-0.0383203125	9.7716796875	0.0457763671875	0.0762939453125	-0.16021728515625
0.194	-0.052690429687500005	-0.0622705078125	9.807604980468751	0.14495849609375	0.213623046875	0.08392333984375
0.203	-0.06466552734375	-0.07903564453125	9.81718505859375	-0.0762939453125	0.1220703125	0.08392333984375
0.212	-0.067060546875	-0.023950195312500002	9.81	0.20599365234375	-0.00762939453125	0.0
0.221	-0.1149609375	-0.0814306640625	9.747729492187501	0.14495849609375	-0.11444091796875	0.0457763671875
0.23	-0.1484912109375	-0.0335302734375	9.7285693359375	0.1678466796875	-0.06866455078125	-0.0457763671875
0.239	-0.052690429687500005	-0.05987548828125	9.754914550781251	0.03814697265625	-0.11444091796875	-0.03814697265625
0.248	-0.026345214843750003	-0.028740234375	9.7716796875	0.213623046875	-0.29754638671875	-0.1220703125
0.257	-0.13172607421875002	-0.03592529296875	9.7716796875	0.16021728515625	-0.19073486328125	0.05340576171875
0.266	-0.1197509765625	-0.09819580078125001	9.72138427734375	0.3662109375	-0.06866455078125	-0.18310546875
0.275	-0.06945556640625	-0.0143701171875	9.81718505859375	0.2593994140625	-0.030517578125	0.030517578125
0.284	-0.067060546875	-0.05987548828125	9.86987548828125	0.3509521484375	-0.152587890625	0.05340576171875
0.292	-0.050295410156250005	-0.026345214843750003	9.762099609375001	0.06103515625	-0.030517578125	-0.09918212890625
0.302	-0.076640625	-0.06466552734375	9.687854003906251	0.1373291015625	0.2593994140625	-0.0152587890625
0.311	-0.0383203125	-0.01916015625	9.800419921875001	0.1373291015625	0.06103515625	0.02288818359375
0.318	-0.09340576171875001	0.00239501953125	9.78844482421875	-0.03814697265625	-0.0152587890625	-0.00762939453125
0.327	-0.10059082031250001	-0.0383203125	9.7381494140625	-0.0457763671875	0.030517578125	-0.28228759765625
0.335	-0.07903564453125	-0.028740234375	9.78844482421875	0.03814697265625	0.19073486328125	0.18310546875
0.345	-0.07424560546875	-0.05987548828125	9.7716796875	-0.030517578125	0.12969970703125	-0.0457763671875
0.353	-0.12693603515625002	-0.0047900390625	9.7668896484375	-0.152587890625	-0.00762939453125	-0.030517578125
0.363	-0.10538085937500001	-0.04071533203125	9.673483886718751	-0.1068115234375	0.11444091796875	-0.11444091796875
0.371	-0.028740234375	0.009580078125	9.73096435546875	-0.2899169921875	0.22125244140625	-0.11444091796875
0.38	-0.04071533203125	-0.028740234375	9.807604980468751	-0.34332275390625	0.42724609375	0.06103515625
0.39	-0.08382568359375	-0.076640625	9.64474365234375	-0.3509521484375	0.518798828125	-0.1220703125
0.399	-0.009580078125	-0.028740234375	9.74533447265625	-0.26702880859375	0.6256103515625	0.20599365234375
0.407	-0.067060546875	0.011975097656250001	9.742939453125	-0.30517578125	0.60272216796875	0.05340576171875
0.416	-0.0718505859375	-0.067060546875	9.742939453125	-0.091552734375	0.335693359375	0.03814697265625
0.425	-0.07424560546875	-0.05748046875	9.72617431640625	-0.29754638671875	0.12969970703125	-0.0762939453125
0.435	-0.1389111328125	-0.09819580078125001	9.781259765625	-0.00762939453125	0.25177001953125	-0.244140625
0.444	-0.0383203125	-0.050295410156250005	9.781259765625	0.14495849609375	0.14495849609375	-0.02288818359375
0.453	-0.143701171875	-0.028740234375	9.680668945312501	0.16021728515625	-0.18310546875	-0.0762939453125
0.461	-0.09580078125000001	-0.06466552734375	9.81	0.0152587890625	-0.11444091796875	0.00762939453125
0.471	-0.01676513671875	-0.01676513671875	9.72617431640625	0.14495849609375	-0.22125244140625	0.0
0.48	-0.09101074218750001	-0.0622705078125	9.747729492187501	0.1220703125	-0.29754638671875	-0.14495849609375
0.489	-0.0814306640625	-0.03592529296875	9.79083984375	-0.00762939453125	-0.34332275390625	-0.20599365234375
0.498	-0.11256591796875001	-0.06466552734375	9.7668896484375	0.2593994140625	-0.2288818359375	0.0152587890625
0.507	-0.14130615234375002	-0.02155517578125	9.733359375000001	0.23651123046875	-0.091552734375	0.0457763671875
0.517	-0.07903564453125	-0.026345214843750003	9.742939453125	0.0457763671875	-0.2288818359375	-0.1678466796875
0.525	-0.06466552734375	-0.0335302734375	9.78365478515625	0.06866455078125	-0.19073486328125	-0.213623046875
0.535	-0.1149609375	-0.076640625	9.7381494140625	0.14495849609375	-0.18310546875	-0.03814697265625
0.543	-0.13412109375	-0.03592529296875	9.7956298828125	0.091552734375	-0.274658203125	0.00762939453125
0.552	-0.09101074218750001	-0.0335302734375	9.82676513671875	-0.0762939453125	-0.3204345703125	0.030517578125
0.562	-0.076640625	-0.12693603515625002	9.7716796875	-0.12969970703125	-0.00762939453125	-0.00762939453125
0.571	-0.05987548828125	-0.055085449218750006	9.80281494140625	-0.09918212890625	-0.091552734375	0.0
0.58	-0.08861572265625	-0.026345214843750003	9.63995361328125	0.1678466796875	0.0	-0.1373291015625
0.589	-0.055085449218750006	-0.086220703125	9.800419921875001	0.40435791015625	0.152587890625	-0.1220703125
0.599	-0.09340576171875001	-0.028740234375	9.793234863281251	0.244140625	-0.0762939453125	-0.02288818359375
0.607	-0.050295410156250005	-0.01916015625	9.742939453125	0.20599365234375	-0.11444091796875	-0.12969970703125
0.616	-0.08382568359375	-0.009580078125	9.75970458984375	0.0457763671875	-0.1678466796875	-0.1068115234375
0.625	-0.047900390625000004	-0.011975097656250001	9.6902490234375	0.2899169921875	-0.152587890625	-0.091552734375
0.634	-0.0718505859375	-0.047900390625000004	9.747729492187501	0.2899169921875	0.03814697265625	-0.1068115234375
0.644	-0.011975097656250001	-0.026345214843750003	9.75251953125	0.19073486328125	-0.0152587890625	-0.0762939453125
0.652	-0.10059082031250001	-0.05987548828125	9.88424560546875	0.1068115234375	0.1220703125	-0.06103515625
0.662	-0.07903564453125	-0.0335302734375	9.71180419921875	0.1983642578125	-0.12969970703125	-0.0762939453125
0.67	-0.06466552734375	-0.00718505859375	9.776469726562501	0.1220703125	0.274658203125	-0.30517578125
0.679	-0.1197509765625	-0.02155517578125	9.73096435546875	0.08392333984375	0.1068115234375	-0.03814697265625
0.689	-0.045505371093750004	-0.067060546875	9.69264404296875	0.09918212890625	-0.0152587890625	-0.1220703125
0.698	-0.18441650390625	-0.02155517578125	9.76449462890625	0.14495849609375	-0.1983642578125	-0.22125244140625
0.707	-0.124541015625	-0.00239501953125	9.762099609375001	-0.1220703125	0.05340576171875	0.06103515625
0.715	-0.0047900390625	-0.0335302734375	9.77407470703125	-0.08392333984375	-0.03814697265625	-0.2593994140625
0.724	-0.052690429687500005	-0.067060546875	9.814790039062501	0.0152587890625	-0.08392333984375	0.0762939453125
0.733	-0.06466552734375	-0.0143701171875	9.71180419921875	0.02288818359375	-0.00762939453125	-0.14495849609375
0.742	-0.06945556640625	-0.0718505859375	9.74533447265625	-0.091552734375	-0.1220703125	-0.030517578125
0.752	-0.09819580078125001	-0.08382568359375	9.75970458984375	-0.03814697265625	0.1983642578125	-0.09918212890625
0.76	-0.07903564453125	0.00718505859375	9.7381494140625	-0.1678466796875	0.18310546875	0.091552734375
0.77	-0.13172607421875002	0.00718505859375	9.73575439453125	-0.09918212890625	0.3509521484375	0.14495849609375
0.779	-0.09819580078125001	-0.028740234375	9.6998291015625	-0.06103515625	0.40435791015625	-0.05340576171875
0.787	-0.08861572265625	-0.052690429687500005	9.762099609375001	0.0	0.4425048828125	-0.03814697265625
0.796	-0.06945556640625	-0.0718505859375	9.853110351562501	0.14495849609375	0.3662109375	-0.0152587890625
0.805	-0.0383203125	-0.0383203125	9.71180419921875	-0.02288818359375	0.3662109375	-0.08392333984375
0.814	-0.11256591796875001	-0.047900390625000004	9.74533447265625	0.0457763671875	0.2288818359375	0.0
0.822	-0.08861572265625	-0.050295410156250005	9.793234863281251	0.091552734375	-0.0152587890625	-0.09918212890625
0.832	-1.1304492187500002	0.0622705078125	9.84113525390625	-0.0457763671875	2.166748046875	-0.09918212890625
0.841	-0.0143701171875	-0.03113525390625	9.7956298828125	-0.17547607421875	1.01470947265625	0.030517578125
0.85	-0.143701171875	-0.11017089843750001	9.7956298828125	0.18310546875	0.0762939453125	-0.26702880859375
0.859	-0.02155517578125	-0.04071533203125	9.7956298828125	-0.06103515625	-0.26702880859375	-0.030517578125
0.868	-0.13172607421875002	-0.050295410156250005	9.7668896484375	0.08392333984375	-0.3814697265625	-0.08392333984375
0.878	-0.09101074218750001	-0.045505371093750004	9.776469726562501	-0.0762939453125	-0.4119873046875	-0.1068115234375
0.886	-0.01916015625	-0.045505371093750004	9.853110351562501	0.030517578125	-0.23651123046875	0.05340576171875
0.896	-0.055085449218750006	-0.0143701171875	9.814790039062501	0.20599365234375	-0.08392333984375	-0.152587890625
0.905	-0.13172607421875002	-0.09580078125000001	9.685458984375	0.06866455078125	-0.1068115234375	-0.05340576171875
0.913	-0.08382568359375	-0.05748046875	9.73575439453125	0.213623046875	0.00762939453125	0.0152587890625
0.922	-0.08382568359375	-0.0431103515625	9.716594238281251	0.0	-0.0762939453125	0.0152587890625
0.93	-0.05987548828125	-0.023950195312500002	9.829160156250001	0.152587890625	0.2288818359375	0.02288818359375
0.939	-0.1197509765625	-0.05748046875	9.76449462890625	0.12969970703125	0.18310546875	-0.02288818359375
0.948	-0.0383203125	-0.0431103515625	9.814790039062501	0.0457763671875	0.09918212890625	0.08392333984375
0.956	-0.09819580078125001	0.0047900390625	9.695039062500001	-0.02288818359375	0.20599365234375	-0.2899169921875
0.965	-0.10777587890625001	-0.0622705078125	9.821975097656251	0.0152587890625	0.213623046875	-0.1678466796875
0.973	-0.06466552734375	-0.03592529296875	9.7285693359375	0.18310546875	0.030517578125	-0.22125244140625
0.983	-0.09819580078125001	-0.009580078125	9.7573095703125	0.030517578125	0.19073486328125	-0.08392333984375
0.992	-0.10538085937500001	-0.0335302734375	9.742939453125	0.25177001953125	0.091552734375	-0.0457763671875
1.0	-0.1149609375	-0.05748046875	9.747729492187501	-0.02288818359375	-0.02288818359375	0.0
1.009	-0.09580078125000001	-0.0143701171875	9.742939453125	0.00762939453125	-0.17547607421875	-0.02288818359375
1.018	-0.0335302734375	-0.052690429687500005	9.800419921875001	-0.1068115234375	-0.32806396484375	-0.03814697265625
1.028	-0.07424560546875	-0.10298583984375001	9.685458984375	0.08392333984375	-0.05340576171875	0.0
1.037	-0.21555175781250002	-0.028740234375	9.742939453125	0.02288818359375	-0.1068115234375	-0.0762939453125
1.046	-0.12693603515625002	-0.055085449218750006	9.762099609375001	0.06866455078125	-0.11444091796875	0.152587890625
1.055	-0.04071533203125	-0.045505371093750004	9.78844482421875	-0.02288818359375	-0.1678466796875	-0.0457763671875
1.064	-0.07903564453125	-0.045505371093750004	9.8052099609375	0.29754638671875	-0.1373291015625	-0.1678466796875
1.074	-0.09580078125000001	-0.01916015625	9.69264404296875	0.0762939453125	-0.1220703125	0.00762939453125
1.083	-0.10538085937500001	-0.0431103515625	9.75970458984375	0.00762939453125	-0.19073486328125	-0.12969970703125
1.092	-0.055085449218750006	-0.03113525390625	9.71180419921875	-0.12969970703125	-0.41961669921875	0.12969970703125
1.101	-0.055085449218750006	-0.052690429687500005	9.75970458984375	-0.06103515625	-0.396728515625	-0.00762939453125
1.111	-0.07424560546875	-0.045505371093750004	9.793234863281251	0.12969970703125	-0.3204345703125	0.00762939453125
1.12	-0.09101074218750001	-0.045505371093750004	9.7668896484375	0.09918212890625	-0.54931640625	0.0762939453125
1.13	-0.11017089843750001	-0.023950195312500002	9.68306396484375	-0.1983642578125	-0.45013427734375	-0.11444091796875
1.139	-0.0622705078125	-0.09580078125000001	9.716594238281251	0.19073486328125	-0.57220458984375	0.18310546875
1.149	-0.08861572265625	-0.086220703125	9.762099609375001	-0.030517578125	-0.30517578125	-0.06866455078125
1.159	-0.0622705078125	-0.00239501953125	9.723779296875	0.08392333984375	-0.335693359375	-0.0762939453125
1.168	-0.05748046875	-0.00718505859375	9.69264404296875	0.05340576171875	-0.43487548828125	-0.08392333984375
1.177	-0.076640625	-0.05987548828125	9.84113525390625	0.16021728515625	0.09918212890625	-0.16021728515625
1.186	-0.050295410156250005	-0.0622705078125	9.7860498046875	0.0457763671875	0.274658203125	-0.274658203125
1.196	-0.10538085937500001	-0.0335302734375	9.704619140625	0.030517578125	0.18310546875	0.03814697265625
1.204	-0.055085449218750006	-0.00239501953125	9.762099609375001	-0.12969970703125	0.2288818359375	-0.1373291015625
1.213	-0.05748046875	-0.05748046875	9.747729492187501	0.00762939453125	0.45013427734375	-0.09918212890625
1.222	-0.11017089843750001	-0.01676513671875	9.6519287109375	-0.11444091796875	0.23651123046875	-0.20599365234375
1.232	-0.10298583984375001	-0.08861572265625	9.7381494140625	0.11444091796875	0.11444091796875	-0.20599365234375
1.242	-0.03592529296875	-0.050295410156250005	9.61600341796875	0.06866455078125	0.1068115234375	0.06103515625
1.25	-0.067060546875	-0.086220703125	9.819580078125	-0.16021728515625	0.37384033203125	-0.274658203125
1.26	-0.07903564453125	-0.076640625	9.680668945312501	-0.0152587890625	0.1220703125	-0.09918212890625
1.269	-0.10059082031250001	0.0	9.8052099609375	0.06103515625	0.03814697265625	-0.00762939453125
1.277	-0.026345214843750003	-0.0383203125	9.7860498046875	-0.0457763671875	-0.11444091796875	0.091552734375
1.287	-0.06466552734375	0.00239501953125	9.800419921875001	-0.152587890625	-0.20599365234375	0.03814697265625
1.296	-0.12693603515625002	-0.047900390625000004	9.793234863281251	-0.25177001953125	-0.152587890625	0.12969970703125
1.305	-0.0718505859375	-0.06945556640625	9.723779296875	-0.05340576171875	-0.2593994140625	-0.1678466796875
1.314	-0.14130615234375002	0.03113525390625	9.84592529296875	-0.06866455078125	-0.19073486328125	-0.091552734375
1.324	-0.05987548828125	-0.011975097656250001	9.72617431640625	-0.00762939453125	0.05340576171875	-0.0152587890625
1.333	-0.067060546875	-0.0143701171875	9.8243701171875	-0.091552734375	-0.030517578125	-0.20599365234375
1.342	-0.08382568359375	0.01676513671875	9.747729492187501	-0.030517578125	-0.23651123046875	-0.0762939453125
1.352	-0.0718505859375	-0.045505371093750004	9.79083984375	-0.16021728515625	0.0762939453125	-0.091552734375
1.362	-0.10298583984375001	-0.09340576171875001	9.71419921875	-0.00762939453125	-0.11444091796875	-0.11444091796875
1.372	-0.05987548828125	-0.050295410156250005	9.69264404296875	0.0152587890625	0.091552734375	-0.12969970703125
1.38	-0.052690429687500005	0.009580078125	9.7668896484375	0.06103515625	0.06866455078125	-0.09918212890625
1.389	-0.0718505859375	-0.023950195312500002	9.781259765625	-0.02288818359375	-0.1678466796875	-0.0762939453125
1.398	-0.05987548828125	-0.03592529296875	9.76449462890625	-0.09918212890625	0.03814697265625	0.0
1.408	-0.009580078125	0.02155517578125	9.71419921875	0.02288818359375	0.1678466796875	0.0152587890625
1.416	-0.055085449218750006	-0.0718505859375	9.702224121093751	-0.25177001953125	0.244140625	-0.0457763671875
1.425	-0.08861572265625	-0.06466552734375	9.72138427734375	-0.091552734375	0.34332275390625	-0.0457763671875
1.434	-0.06466552734375	-0.045505371093750004	9.75012451171875	0.0	0.12969970703125	-0.1983642578125
1.443	-0.11256591796875001	-0.0431103515625	9.754914550781251	-0.1068115234375	0.1983642578125	0.02288818359375
1.453	-0.13172607421875002	-0.03113525390625	9.72617431640625	0.00762939453125	0.2593994140625	-0.1220703125
1.462	-0.05987548828125	-0.08382568359375	9.75012451171875	-0.09918212890625	-0.02288818359375	0.02288818359375
1.471	-0.055085449218750006	-0.09101074218750001	9.85071533203125	0.09918212890625	0.091552734375	-0.17547607421875
1.48	-0.05987548828125	-0.0335302734375	9.75970458984375	-0.0762939453125	0.0152587890625	-0.1220703125
1.489	-0.13172607421875002	-0.0047900390625	9.77407470703125	-0.14495849609375	-0.09918212890625	0.06103515625
1.499	-0.0814306640625	-0.03592529296875	9.740544433593751	0.09918212890625	0.08392333984375	-0.14495849609375
1.508	-0.055085449218750006	0.02155517578125	9.7716796875	0.0152587890625	0.03814697265625	-0.06103515625
1.516	-0.086220703125	0.00239501953125	9.75012451171875	0.1068115234375	0.0457763671875	-0.08392333984375
1.524	-0.07424560546875	-0.028740234375	9.79083984375	-0.03814697265625	0.09918212890625	-0.0152587890625
1.533	-0.01676513671875	-0.08861572265625	9.776469726562501	0.1373291015625	0.0152587890625	-0.1373291015625
1.543	-0.045505371093750004	-0.050295410156250005	9.7668896484375	0.1373291015625	0.35858154296875	-0.03814697265625
1.552	-0.03113525390625	-0.01916015625	9.647138671875	0.20599365234375	0.30517578125	-0.0152587890625
1.561	-0.08382568359375	-0.07424560546875	9.81718505859375	0.1373291015625	0.244140625	-0.091552734375
1.57	-0.09580078125000001	-0.045505371093750004	9.7381494140625	0.19073486328125	-0.091552734375	-0.0152587890625
1.58	-0.05987548828125	0.0335302734375	9.74533447265625	0.0152587890625	-0.091552734375	0.030517578125
1.589	-0.10298583984375001	-0.055085449218750006	9.7668896484375	-0.0762939453125	-0.14495849609375	-0.23651123046875
1.598	-0.050295410156250005	-0.052690429687500005	9.742939453125	-0.03814697265625	-0.43487548828125	0.17547607421875
1.607	-0.050295410156250005	-0.07903564453125	9.78365478515625	-0.06866455078125	-0.40435791015625	0.06866455078125
1.616	-0.045505371093750004	-0.03113525390625	9.821975097656251	-0.19073486328125	-0.274658203125	0.0
1.626	-0.09819580078125001	-0.050295410156250005	9.7573095703125	0.0457763671875	-0.14495849609375	-0.1220703125
1.635	-0.1197509765625	-0.047900390625000004	9.687854003906251	-0.03814697265625	-0.26702880859375	-0.30517578125
1.644	-0.09819580078125001	-0.09101074218750001	9.78365478515625	-0.030517578125	0.0	-0.16021728515625
1.653	-0.06466552734375	-0.15328125	9.80281494140625	-0.1220703125	0.05340576171875	0.02288818359375
1.662	-0.06945556640625	-0.076640625	9.7860498046875	0.0152587890625	-0.0152587890625	-0.11444091796875
1.673	-0.0718505859375	-0.09819580078125001	9.7860498046875	0.0	-0.08392333984375	-0.16021728515625
1.682	-0.09340576171875001	-0.05748046875	9.71419921875	0.03814697265625	0.0152587890625	-0.18310546875
1.69	-0.086220703125	0.00239501953125	9.7668896484375	-0.03814697265625	-0.06103515625	-0.06866455078125
1.699	-0.15088623046875002	0.011975097656250001	9.776469726562501	0.00762939453125	-0.0457763671875	-0.23651123046875
1.708	-0.10298583984375001	-0.045505371093750004	9.742939453125	0.0152587890625	-0.16021728515625	0.1068115234375
1.717	-0.07903564453125	-0.0335302734375	9.733359375000001	-0.0152587890625	-0.06103515625	0.19073486328125
1.726	-0.1197509765625	-0.0431103515625	9.8722705078125	-0.06103515625	-0.03814697265625	-0.1678466796875
1.735	-0.15567626953125	-0.0431103515625	9.69743408203125	0.06866455078125	-0.09918212890625	-0.19073486328125
1.744	-0.0718505859375	-0.026345214843750003	9.68306396484375	0.0	-0.09918212890625	0.03814697265625
1.754	-0.011975097656250001	-0.05748046875	9.79802490234375	0.11444091796875	0.08392333984375	-0.02288818359375
1.763	-0.0622705078125	-0.05987548828125	9.695039062500001	-0.0762939453125	0.0457763671875	0.03814697265625
1.772	-0.11256591796875001	0.0143701171875	9.7573095703125	-0.09918212890625	0.05340576171875	-0.06103515625
1.78	-0.05987548828125	-0.04071533203125	9.7381494140625	-0.1068115234375	0.0152587890625	-0.03814697265625
1.789	-0.09101074218750001	-0.009580078125	9.776469726562501	0.0152587890625	0.1373291015625	-0.06103515625
1.799	-0.03113525390625	-0.028740234375	9.781259765625	-0.0762939453125	0.14495849609375	-0.03814697265625
1.808	-0.09580078125000001	-0.08861572265625	9.6710888671875	0.152587890625	0.06103515625	-0.1068115234375
1.817	-0.07424560546875	-0.050295410156250005	9.75012451171875	0.11444091796875	-0.03814697265625	0.0
1.826	-0.09101074218750001	-0.03113525390625	9.7285693359375	0.16021728515625	-0.09918212890625	-0.16021728515625
1.836	-0.1197509765625	-0.03113525390625	9.72617431640625	-0.091552734375	-0.091552734375	-0.091552734375
1.845	-0.10298583984375001	-0.023950195312500002	9.79802490234375	0.0152587890625	0.06866455078125	-0.11444091796875
1.855	-0.08382568359375	-0.047900390625000004	9.819580078125	-0.1220703125	-0.34332275390625	-0.213623046875
1.864	-0.05748046875	-0.0383203125	9.73096435546875	-0.1373291015625	-0.2593994140625	-0.12969970703125
1.873	-0.07424560546875	-0.0431103515625	9.642348632812501	-0.152587890625	-0.16021728515625	0.030517578125
1.883	-0.12693603515625002	-0.0718505859375	9.75012451171875	0.030517578125	-0.1220703125	0.03814697265625
1.892	-0.06945556640625	-0.03113525390625	9.762099609375001	-0.18310546875	0.1068115234375	-0.06103515625
1.901	-0.10777587890625001	-0.045505371093750004	9.7381494140625	-0.00762939453125	-0.05340576171875	-0.1983642578125
1.91	-0.09340576171875001	-0.067060546875	9.78365478515625	0.03814697265625	0.030517578125	-0.11444091796875
1.92	-0.07903564453125	-0.06945556640625	9.656718750000001	-0.0152587890625	0.31280517578125	-0.06866455078125
1.93	-0.18920654296875	-0.067060546875	9.78365478515625	-0.02288818359375	0.28228759765625	-0.1373291015625
1.939	-0.10538085937500001	0.00718505859375	9.7860498046875	-0.244140625	0.11444091796875	-0.11444091796875
1.948	-0.009580078125	-0.09580078125000001	9.76449462890625	-0.00762939453125	0.0152587890625	-0.030517578125
1.957	-0.023950195312500002	-0.01676513671875	9.72617431640625	-0.0762939453125	0.06866455078125	0.05340576171875
1.966	-0.08382568359375	0.0	9.7189892578125	-0.06103515625	0.06103515625	0.06103515625
1.974	-0.13172607421875002	-0.0047900390625	9.6902490234375	-0.0762939453125	-0.19073486328125	0.0762939453125
1.983	-0.09340576171875001	-0.07903564453125	9.8052099609375	-0.02288818359375	-0.03814697265625	-0.08392333984375
1.993	-0.0814306640625	-0.05987548828125	9.742939453125	-0.0457763671875	-0.1678466796875	-0.00762939453125
2.002	-0.124541015625	-0.01676513671875	9.776469726562501	-0.22125244140625	-0.2288818359375	-0.0152587890625
2.013	-0.05748046875	-0.050295410156250005	9.69743408203125	-0.0762939453125	-0.17547607421875	-0.09918212890625
2.022	-0.12693603515625002	-0.00718505859375	9.66390380859375	-0.18310546875	-0.25177001953125	-0.0457763671875
2.032	-0.06945556640625	-0.076640625	9.829160156250001	-0.2593994140625	-0.02288818359375	-0.09918212890625
2.041	-0.067060546875	-0.067060546875	9.769284667968751	0.091552734375	0.1373291015625	-0.152587890625
2.051	-0.13172607421875002	-0.07424560546875	9.82676513671875	-0.00762939453125	-0.030517578125	-0.17547607421875
2.061	-0.05987548828125	-0.04071533203125	9.685458984375	0.1373291015625	0.1068115234375	-0.152587890625
2.07	-0.0718505859375	-0.050295410156250005	9.81718505859375	0.0	0.1068115234375	-0.12969970703125
2.079	-0.067060546875	0.07424560546875	9.77407470703125	0.18310546875	-0.05340576171875	-0.0762939453125
2.087	-0.1389111328125	0.0	9.793234863281251	-0.0152587890625	-0.00762939453125	-0.02288818359375
2.097	-0.067060546875	-0.01916015625	9.704619140625	0.00762939453125	-0.29754638671875	0.152587890625
2.106	-0.07903564453125	-0.052690429687500005	9.781259765625	-0.0457763671875	-0.08392333984375	-0.02288818359375
2.115	-0.045505371093750004	-0.045505371093750004	9.776469726562501	-0.00762939453125	-0.2899169921875	0.02288818359375
2.124	-0.052690429687500005	0.0	9.807604980468751	-0.1068115234375	-0.00762939453125	-0.05340576171875
2.132	-0.11256591796875001	-0.026345214843750003	9.70701416015625	-0.17547607421875	-0.0152587890625	0.0
2.142	-0.076640625	-0.086220703125	9.781259765625	-0.030517578125	-0.08392333984375	-0.14495849609375
2.152	-0.0718505859375	-0.05987548828125	9.66390380859375	-0.31280517578125	0.1373291015625	-0.0457763671875
2.161	-0.04071533203125	-0.1149609375	9.75251953125	-0.11444091796875	0.25177001953125	-0.1678466796875
2.17	-0.086220703125	0.011975097656250001	9.814790039062501	0.08392333984375	0.2288818359375	0.06103515625
2.18	-0.09819580078125001	-0.050295410156250005	9.704619140625	-0.12969970703125	0.1373291015625	0.09918212890625
2.189	-0.08861572265625	-0.01916015625	9.7860498046875	0.0	0.2288818359375	-0.06103515625
2.198	-0.10298583984375001	-0.01676513671875	9.754914550781251	-0.274658203125	0.0152587890625	0.12969970703125
2.206	-0.01916015625	-0.01676513671875	9.75970458984375	0.0	-0.1373291015625	-0.0152587890625
2.215	-0.143701171875	-0.052690429687500005	9.877060546875	-0.05340576171875	-0.20599365234375	0.02288818359375
2.225	-0.10777587890625001	-0.045505371093750004	9.819580078125	-0.18310546875	-0.091552734375	-0.1678466796875
2.235	-0.0814306640625	-0.028740234375	9.7285693359375	-0.06866455078125	0.09918212890625	-0.1678466796875
2.244	-0.10059082031250001	-0.04071533203125	9.77886474609375	-0.1678466796875	-0.06103515625	-0.06103515625
2.253	-0.0814306640625	-0.07424560546875	9.70701416015625	0.1220703125	-0.03814697265625	-0.11444091796875
2.263	-0.09819580078125001	-0.0383203125	9.7285693359375	-0.06103515625	-0.06103515625	0.0762939453125
2.272	-0.067060546875	-0.026345214843750003	9.7716796875	0.1220703125	0.16021728515625	-0.030517578125
2.282	-0.052690429687500005	-0.067060546875	9.73096435546875	-0.0762939453125	-0.32806396484375	-0.091552734375
2.291	-0.09819580078125001	-0.055085449218750006	9.7716796875	0.152587890625	-0.20599365234375	-0.03814697265625
2.3	-0.10777587890625001	-0.08382568359375	9.7381494140625	-0.1373291015625	-0.335693359375	-0.0152587890625
2.311	-0.023950195312500002	-0.0622705078125	9.77886474609375	-0.02288818359375	-0.1220703125	-0.17547607421875
2.32	-0.06945556640625	-0.02155517578125	9.742939453125	0.152587890625	-0.2593994140625	-0.00762939453125
2.329	-0.047900390625000004	-0.00239501953125	9.79083984375	-0.091552734375	-0.1678466796875	-0.09918212890625
2.338	-0.12214599609375	-0.09101074218750001	9.73575439453125	-0.2288818359375	0.06103515625	-0.091552734375
2.349	-0.08861572265625	-0.028740234375	9.72138427734375	-0.0762939453125	-0.08392333984375	-0.0152587890625
2.358	-0.03113525390625	-0.1197509765625	9.7860498046875	0.0	0.08392333984375	-0.02288818359375
2.366	-0.045505371093750004	0.0	9.685458984375	-0.05340576171875	0.244140625	-0.00762939453125
2.375	-0.028740234375	-0.0335302734375	9.77407470703125	0.05340576171875	0.1678466796875	-0.02288818359375
2.383	-0.052690429687500005	-0.01676513671875	9.80281494140625	-0.08392333984375	0.0762939453125	-0.16021728515625
2.393	-0.01676513671875	-0.02155517578125	9.76449462890625	-0.08392333984375	0.06103515625	-0.2288818359375
2.402	-0.0814306640625	-0.03592529296875	9.74533447265625	-0.030517578125	-0.091552734375	-0.030517578125
2.411	-0.11256591796875001	-0.052690429687500005	9.71180419921875	0.0457763671875	0.0457763671875	0.00762939453125
2.42	-0.12693603515625002	-0.03113525390625	9.7381494140625	0.11444091796875	-0.0762939453125	-0.2899169921875
2.429	-0.0143701171875	-0.0383203125	9.79083984375	0.030517578125	0.09918212890625	0.09918212890625
2.438	-0.0431103515625	-0.01916015625	9.78844482421875	0.1983642578125	0.16021728515625	-0.030517578125
2.447	-0.067060546875	-0.052690429687500005	9.742939453125	0.12969970703125	0.213623046875	-0.0762939453125
2.456	-0.055085449218750006	-0.055085449218750006	9.77886474609375	0.11444091796875	0.23651123046875	-0.12969970703125
2.465	-0.11017089843750001	-0.050295410156250005	9.6998291015625	0.02288818359375	0.00762939453125	-0.12969970703125
2.473	-0.023950195312500002	-0.0335302734375	9.8339501953125	0.02288818359375	-0.16021728515625	-0.16021728515625
2.483	-0.1293310546875	-0.028740234375	9.800419921875001	0.0	-0.06866455078125	0.0762939453125
2.492	-0.1197509765625	-0.055085449218750006	9.73575439453125	-0.091552734375	-0.14495849609375	0.31280517578125
2.501	-0.05748046875	-0.026345214843750003	9.73575439453125	0.02288818359375	-0.1373291015625	0.06866455078125
2.51	-0.052690429687500005	-0.0718505859375	9.819580078125	-0.00762939453125	0.05340576171875	0.03814697265625
2.519	-0.076640625	-0.03592529296875	9.65911376953125	-0.00762939453125	-0.0762939453125	-0.030517578125
2.528	-0.011975097656250001	-0.02155517578125	9.75012451171875	-0.05340576171875	0.12969970703125	-0.18310546875
2.537	-0.03113525390625	-0.026345214843750003	9.666298828125	0.03814697265625	0.32806396484375	-0.1068115234375
2.546	-0.09580078125000001	-0.05748046875	9.77407470703125	0.32806396484375	0.18310546875	-0.06103515625
2.555	-0.06466552734375	-0.0383203125	9.7668896484375	0.28228759765625	0.19073486328125	-0.06866455078125
2.565	-0.00718505859375	-0.05987548828125	9.75970458984375	0.41961669921875	0.244140625	-0.1068115234375
2.574	-0.06945556640625	-0.011975097656250001	9.793234863281251	0.28228759765625	-0.1220703125	-0.18310546875
2.583	-0.11735595703125	-0.09580078125000001	9.78365478515625	0.2899169921875	-0.06103515625	-0.06103515625
2.592	-0.05748046875	-0.09101074218750001	9.838740234375	0.5035400390625	0.08392333984375	0.1220703125
2.601	-0.13412109375	-0.028740234375	9.77407470703125	0.19073486328125	-0.30517578125	0.28228759765625
2.611	-0.04071533203125	-0.026345214843750003	9.716594238281251	0.3204345703125	-0.14495849609375	-0.06103515625
2.62	-0.076640625	-0.0383203125	9.793234863281251	0.152587890625	-0.2899169921875	-0.05340576171875
2.629	-0.09340576171875001	-0.01916015625	9.680668945312501	0.32806396484375	-0.4425048828125	-0.02288818359375
2.639	-0.12214599609375	-0.09340576171875001	9.723779296875	0.38909912109375	-0.41961669921875	-0.030517578125
2.649	-0.39278320312500004	-0.6753955078125	9.723779296875	0.0152587890625	-0.06866455078125	-0.2899169921875
2.659	-0.1484912109375	-0.21555175781250002	9.70701416015625	0.4425048828125	0.11444091796875	-0.49591064453125
2.668	-0.18681152343750002	-0.21315673828125	9.9010107421875	0.37384033203125	0.34332275390625	-0.70953369140625
2.677	-0.08861572265625	-0.38080810546875005	9.762099609375001	0.1220703125	0.1373291015625	-0.4119873046875
2.686	-0.20357666015625	-0.4263134765625	9.7189892578125	0.030517578125	0.06103515625	0.3509521484375
2.696	-0.2347119140625	-0.51971923828125	9.7716796875	0.1220703125	0.06866455078125	0.4425048828125
2.705	-0.047900390625000004	-0.41433837890625	9.77886474609375	-0.08392333984375	-0.06103515625	1.28936767578125
2.715	-0.162861328125	-0.41912841796875	9.793234863281251	0.17547607421875	0.11444091796875	1.59454345703125
2.724	-0.15328125	-0.469423828125	9.8052099609375	0.274658203125	0.1678466796875	-0.48065185546875
2.734	-0.028740234375	-0.56282958984375	9.75970458984375	0.28228759765625	0.5645751953125	-1.33514404296875
2.744	0.052690429687500005	-0.613125	9.75251953125	0.17547607421875	0.69427490234375	-1.28936767578125
2.753	0.14609619140625002	-0.5460644531250001	9.793234863281251	0.08392333984375	0.518798828125	-1.373291015625
2.763	0.17244140625	-0.51492919921875	9.685458984375	0.25177001953125	0.48828125	-1.9073486328125
2.772	0.18920654296875	-0.53408935546875	9.742939453125	0.34332275390625	0.48065185546875	-2.98309326171875
2.782	-0.03113525390625	-0.5269042968750001	9.7285693359375	0.32806396484375	0.70953369140625	-3.65447998046875
2.792	0.067060546875	-0.55324951171875	9.742939453125	0.4425048828125	0.69427490234375	-3.70025634765625
2.801	0.076640625	-0.42870849609375	9.7668896484375	0.58746337890625	0.6866455078125	-3.8909912109375
2.811	0.1772314453125	-0.38320312500000003	9.7860498046875	0.1068115234375	0.74005126953125	-3.3721923828125
2.821	-0.00718505859375	-0.45026367187500005	9.73096435546875	0.18310546875	0.63323974609375	-2.1820068359375
2.831	-0.0718505859375	-0.4071533203125	9.67827392578125	0.34332275390625	0.93841552734375	-1.1749267578125
2.84	-0.00718505859375	-0.41194335937500004	9.78365478515625	0.4730224609375	0.732421875	0.40435791015625
2.849	-0.047900390625000004	-0.30177246093750004	9.793234863281251	0.0152587890625	0.5645751953125	1.6021728515625
2.859	-0.050295410156250005	-0.32811767578125	9.747729492187501	-0.1373291015625	0.25177001953125	3.68499755859375
2.868	0.02155517578125	-0.3975732421875	9.7716796875	-0.0457763671875	0.20599365234375	4.44793701171875
2.877	0.03592529296875	-0.51732421875	9.74533447265625	-0.213623046875	-0.152587890625	4.00543212890625
2.887	0.0143701171875	-0.5891748046875	9.79083984375	-0.274658203125	-0.2593994140625	3.23486328125
2.897	-0.050295410156250005	-0.61072998046875	9.747729492187501	-0.18310546875	-0.823974609375	2.93731689453125
2.907	-0.00239501953125	-0.51732421875	9.70701416015625	-0.05340576171875	0.274658203125	2.63214111328125
2.916	-0.15088623046875002	-0.4981640625	9.814790039062501	-0.54168701171875	0.244140625	4.17327880859375
2.926	-0.18920654296875	-0.57719970703125	9.73096435546875	-0.1678466796875	-0.2899169921875	3.80706787109375
2.936	-0.28261230468750004	-0.46702880859375	9.82676513671875	-0.30517578125	0.091552734375	2.838134765625
2.946	-0.15088623046875002	-0.39996826171875	9.781259765625	0.05340576171875	0.25177001953125	0.74005126953125
2.955	-0.052690429687500005	-0.46702880859375	9.814790039062501	0.16021728515625	-0.1220703125	-1.77001953125
2.965	-0.11256591796875001	-0.39278320312500004	9.8435302734375	0.16021728515625	-0.396728515625	-2.90679931640625
2.975	-0.16525634765625	-0.48379394531250003	9.74533447265625	0.213623046875	-0.32806396484375	-4.18853759765625
2.985	-0.26584716796875	-0.54366943359375	9.80281494140625	0.18310546875	-0.03814697265625	-6.195068359375
2.996	-0.53408935546875	-0.5316943359375	9.79802490234375	0.09918212890625	-0.43487548828125	-7.87353515625
3.006	-0.26105712890625	-0.54366943359375	9.754914550781251	0.16021728515625	-0.12969970703125	-10.0555419921875
3.016	-0.29458740234375	-0.49576904296875	9.793234863281251	0.52642822265625	-0.67138671875	-10.84136962890625
3.027	-0.35206787109375004	-0.5221142578125	9.68306396484375	0.61798095703125	-0.81634521484375	-11.3983154296875
3.038	-0.29458740234375	-0.6370751953125	9.7189892578125	0.43487548828125	-0.274658203125	-10.92529296875
3.049	-0.4167333984375	-0.67779052734375	9.7189892578125	0.67138671875	-0.3204345703125	-11.23046875
3.059	-0.3209326171875	-0.77838134765625	9.73575439453125	0.457763671875	-0.26702880859375	-11.9781494140625
3.069	-0.19160156250000002	-0.7137158203125	9.75970458984375	0.46539306640625	-0.23651123046875	-12.237548828125
3.08	-0.15567626953125	-0.63228515625	9.65432373046875	0.41961669921875	0.0152587890625	-11.627197265625
3.091	-0.12214599609375	-0.77838134765625	9.75012451171875	0.5035400390625	-0.23651123046875	-11.322021484375
3.101	0.023950195312500002	-0.74964111328125	9.72138427734375	0.45013427734375	-0.091552734375	-12.22991943359375
3.11	0.023950195312500002	-0.9795629882812501	9.673483886718751	0.54931640625	-0.030517578125	-11.7645263671875
3.121	0.20357666015625	-1.0394384765625	9.66869384765625	1.3275146484375	0.030517578125	-7.14111328125
3.131	0.0143701171875	-0.996328125	10.188413085937501	-1.13677978515625	-0.6103515625	-5.95855712890625
3.141	0.0143701171875	-0.7328759765625	9.881850585937501	-0.8087158203125	0.32806396484375	-9.1705322265625
3.151	0.06466552734375	-0.97477294921875	9.814790039062501	0.41961669921875	1.15966796875	-7.46917724609375
3.162	0.17004638671875	-1.044228515625	9.8722705078125	0.152587890625	0.5035400390625	-9.7503662109375
3.172	0.076640625	-1.12326416015625	9.81	0.0457763671875	-0.17547607421875	-8.8043212890625
3.182	0.15328125	-0.9580078125	9.8339501953125	-0.35858154296875	-0.29754638671875	-6.98089599609375
3.193	-0.023950195312500002	-0.98914306640625	9.80281494140625	-0.38909912109375	-0.28228759765625	-8.9874267578125
3.204	-0.20357666015625	-0.79754150390625	9.78365478515625	-0.74005126953125	-0.48828125	-10.50567626953125
3.215	-0.10777587890625001	-0.6849755859375001	9.7189892578125	-0.48828125	-0.6866455078125	-12.24517822265625
3.225	-0.28021728515625	-0.50055908203125	9.716594238281251	-0.06103515625	-0.26702880859375	-11.49749755859375
3.235	-0.1772314453125	-0.43349853515625003	9.8435302734375	-0.14495849609375	-0.31280517578125	-10.24627685546875
3.247	-0.1149609375	-0.71611083984375	9.702224121093751	0.091552734375	-0.14495849609375	-7.415771484375
3.257	-0.1772314453125	-0.87418212890625	9.8243701171875	-0.23651123046875	-0.0457763671875	-4.69207763671875
3.267	-0.1676513671875	-0.9915380859375	9.74533447265625	-0.48828125	-0.03814697265625	-5.5084228515625
3.277	0.0047900390625	-1.2214599609375	9.754914550781251	-0.48065185546875	-0.3814697265625	-8.75091552734375
3.288	0.05748046875	-1.0705737304687502	9.67827392578125	-0.6256103515625	-0.66375732421875	-11.932373046875
3.298	0.10059082031250001	-0.9604028320312501	9.776469726562501	-0.57220458984375	-0.579833984375	-15.64788818359375
3.309	0.028740234375	-0.63947021484375	9.77886474609375	-0.28228759765625	-0.8087158203125	-18.7835693359375
3.32	-0.22273681640625	-0.63468017578125	9.82676513671875	-0.48828125	-1.5716552734375	-19.4549560546875
3.332	-0.29937744140625	-0.641865234375	9.680668945312501	-0.60272216796875	-1.190185546875	-20.1873779296875
3.342	-0.1149609375	-0.48618896484375	9.702224121093751	0.16021728515625	-1.02996826171875	-19.2108154296875
3.352	-0.30895751953125	-0.59396484375	9.6902490234375	0.08392333984375	-1.1749267578125	-18.524169921875
3.363	-0.3113525390625	-0.63947021484375	9.73575439453125	0.5340576171875	-0.89263916015625	-19.134521484375
3.375	-0.0622705078125	-0.7256909179687501	9.747729492187501	0.66375732421875	-0.54931640625	-20.7672119140625
3.384	0.076640625	-0.7903564453125	9.821975097656251	0.6103515625	0.28228759765625	-19.46258544921875
3.395	-0.0622705078125	-0.9005273437500001	9.8243701171875	0.45013427734375	0.31280517578125	-16.94488525390625
3.405	-0.21555175781250002	-0.58198974609375	9.7381494140625	0.4119873046875	-0.2899169921875	-16.9830322265625
3.416	-0.18920654296875	-0.335302734375	9.84592529296875	0.63323974609375	-0.41961669921875	-17.90618896484375
3.426	-0.16525634765625	-0.18681152343750002	9.84113525390625	0.54931640625	0.20599365234375	-18.76068115234375
3.435	-0.18441650390625	-0.15088623046875002	9.704619140625	0.7171630859375	0.0457763671875	-20.14923095703125
3.446	-0.14609619140625002	-0.32811767578125	9.838740234375	0.92315673828125	-0.34332275390625	-20.68328857421875
3.456	0.026345214843750003	-0.35685791015625	9.84592529296875	0.66375732421875	-0.63323974609375	-22.10235595703125
3.467	0.21555175781250002	-0.62031005859375	9.709409179687501	0.335693359375	-0.9002685546875	-24.95574951171875
3.477	0.22513183593750002	-0.64905029296875	9.81239501953125	0.17547607421875	-1.24359130859375	-27.80914306640625
3.488	0.17962646484375	-0.53408935546875	9.85071533203125	-0.12969970703125	-1.251220703125	-29.571533203125
3.499	-0.19639160156250002	-0.44786865234375	9.69264404296875	-0.20599365234375	-2.0294189453125	-31.13555908203125
3.509	-0.0431103515625	-0.48139892578125004	9.72617431640625	0.19073486328125	-0.0457763671875	-33.0047607421875
3.519	-0.10059082031250001	-0.14609619140625002	9.821975097656251	0.274658203125	-0.54168701171875	-29.21295166015625
3.53	-0.23231689453125	-0.047900390625000004	9.8052099609375	-0.244140625	-0.8392333984375	-25.81024169921875
3.54	-0.3305126953125	0.10538085937500001	9.78365478515625	-0.0762939453125	-0.4119873046875	-22.39990234375
3.55	-0.37362304687500003	0.3209326171875	9.70701416015625	0.0	0.0	-20.16448974609375
3.56	-0.29937744140625	0.3400927734375	9.69743408203125	-0.08392333984375	0.8087158203125	-16.67022705078125
3.57	-0.3400927734375	0.3209326171875	9.7573095703125	0.46539306640625	0.64849853515625	-11.9171142578125
3.579	-0.14609619140625002	0.5077441406250001	9.90340576171875	0.0152587890625	0.8544921875	-2.4566650390625
3.589	-0.20597167968750002	0.4454736328125	9.82676513671875	-0.6561279296875	0.64849853515625	0.90789794921875
3.599	-0.21794677734375	0.18441650390625	9.6998291015625	-0.22125244140625	-0.244140625	4.8828125
3.609	-0.086220703125	-0.0335302734375	9.747729492187501	-0.58746337890625	-0.34332275390625	6.87408447265625
3.618	0.00239501953125	-0.1293310546875	9.857900390625	-0.732421875	-0.1373291015625	5.68389892578125
3.628	0.05748046875	-0.40475830078125	9.78365478515625	-0.4425048828125	-0.335693359375	3.86810302734375
3.638	-0.11735595703125	-0.29937744140625	9.67587890625	-0.48828125	0.54168701171875	1.06048583984375
3.648	-0.07903564453125	-0.19399658203125	9.80281494140625	-0.51116943359375	-0.66375732421875	-1.50299072265625
3.658	-0.023950195312500002	-0.0335302734375	9.7285693359375	-0.701904296875	-0.4425048828125	-4.21905517578125
3.668	0.009580078125	-0.09580078125000001	9.776469726562501	-0.84686279296875	-0.54168701171875	-6.04248046875
3.678	0.00239501953125	-0.13172607421875002	9.740544433593751	-0.3814697265625	-0.274658203125	-7.11822509765625
3.687	0.067060546875	0.00239501953125	9.71419921875	-0.38909912109375	-0.0152587890625	-9.1094970703125
3.697	0.06466552734375	-0.086220703125	9.747729492187501	-0.34332275390625	0.30517578125	-11.42120361328125
3.706	0.0143701171875	-0.20357666015625	9.7860498046875	0.0	0.0152587890625	-13.031005859375
3.716	0.02155517578125	0.011975097656250001	9.776469726562501	-0.09918212890625	-0.46539306640625	-15.0604248046875
3.727	-0.050295410156250005	0.0622705078125	9.81239501953125	-0.79345703125	-1.2054443359375	-17.66204833984375
3.737	-0.050295410156250005	0.10777587890625001	9.77407470703125	-0.26702880859375	-0.22125244140625	-20.04241943359375
3.747	-0.086220703125	-0.052690429687500005	9.742939453125	0.16021728515625	-0.37384033203125	-20.02716064453125
3.758	-0.2442919921875	0.17004638671875	9.793234863281251	0.335693359375	1.36566162109375	-16.91436767578125
3.768	-0.20836669921875	0.5412744140625	9.6710888671875	-0.396728515625	-0.48828125	-13.153076171875
3.778	-0.61552001953125	0.77838134765625	9.75012451171875	0.14495849609375	0.244140625	-11.4898681640625
3.788	-0.59635986328125	0.85981201171875	9.84113525390625	-0.23651123046875	-0.6256103515625	-11.45172119140625
3.799	-0.5221142578125	0.9843530273437501	9.742939453125	0.03814697265625	-0.63323974609375	-11.383056640625
3.809	-0.51971923828125	1.07296875	9.580078125	0.2899169921875	-0.2593994140625	-9.94873046875
3.819	-0.47660888671875	1.0298583984375	9.65911376953125	0.152587890625	0.06103515625	-9.33837890625
3.829	-0.45265869140625004	1.1879296875	9.673483886718751	-0.4119873046875	-0.40435791015625	-7.56072998046875
3.84	-0.39278320312500004	1.28612548828125	9.6615087890625	-0.17547607421875	-0.06103515625	-4.33349609375
3.85	-0.40475830078125	1.5567626953125	9.6519287109375	0.26702880859375	0.2899169921875	-2.716064453125
3.859	-0.39996826171875	1.5328125000000001	9.716594238281251	0.35858154296875	0.1220703125	-1.65557861328125
3.868	-0.026345214843750003	1.45856689453125	9.67827392578125	0.75531005859375	0.00762939453125	-0.9002685546875
3.878	0.00718505859375	1.2765454101562501	9.62558349609375	0.9918212890625	0.08392333984375	-1.93023681640625
3.888	0.02155517578125	1.4992822265625	9.7956298828125	1.02996826171875	0.57220458984375	-3.41796875
3.897	0.0047900390625	1.6094531250000002	9.67827392578125	1.28936767578125	0.67901611328125	-3.79180908203125
3.907	-0.2347119140625	1.7938696289062501	9.814790039062501	1.1444091796875	0.2899169921875	-2.593994140625
3.917	-0.0718505859375	1.80344970703125	9.740544433593751	0.51116943359375	0.3509521484375	-3.23486328125
3.928	-0.15328125	1.906435546875	9.65911376953125	0.45013427734375	-0.12969970703125	-4.20379638671875
3.937	-0.3496728515625	1.93757080078125	9.776469726562501	0.58746337890625	0.0762939453125	-5.5999755859375
3.948	-0.51492919921875	2.02858154296875	9.781259765625	0.1220703125	-0.16021728515625	-7.65228271484375
3.958	-0.77359130859375	2.136357421875	9.776469726562501	0.29754638671875	-0.29754638671875	-10.91766357421875
3.969	-0.8837622070312501	2.21539306640625	9.702224121093751	0.6561279296875	0.1068115234375	-12.786865234375
3.98	-0.6634204101562501	2.2872436523437503	9.81239501953125	0.99945068359375	-0.54931640625	-12.9241943359375
3.99	-0.79754150390625	2.1459375	9.81	0.244140625	-0.2593994140625	-11.6729736328125
4.001	-0.5460644531250001	2.0070263671875	9.687854003906251	1.3427734375	1.06048583984375	-11.3525390625
4.012	-0.67779052734375	1.5831079101562502	9.81718505859375	0.45013427734375	-0.11444091796875	-9.4757080078125
4.022	-0.45744873046875	1.3148657226562501	9.781259765625	0.1068115234375	-0.5340576171875	-5.95855712890625
4.032	-0.24908203125	0.8861572265625001	9.69743408203125	-0.0152587890625	-1.0986328125	-3.07464599609375
4.042	-0.2442919921875	0.5029541015625	9.86508544921875	-0.03814697265625	-1.51824951171875	0.17547607421875
4.051	-0.4646337890625	0.15567626953125	9.75970458984375	-0.335693359375	-1.983642578125	2.2125244140625
4.063	-0.74964111328125	-0.17244140625	9.68306396484375	-0.5645751953125	-2.05230712890625	5.645751953125
4.074	-0.88855224609375	-0.17244140625	9.680668945312501	-0.52642822265625	-1.678466796875	9.88006591796875
4.084	-0.8190966796875	0.011975097656250001	9.81718505859375	-0.640869140625	-1.617431640625	10.80322265625
4.094	-0.75443115234375	-0.00718505859375	9.695039062500001	-0.4425048828125	-0.5950927734375	10.772705078125
4.105	-0.5987548828125	0.05987548828125	9.680668945312501	-0.29754638671875	-0.43487548828125	10.68115234375
4.115	-0.8861572265625001	-0.052690429687500005	9.70701416015625	-0.05340576171875	-0.41961669921875	9.95635986328125
4.125	-1.56394775390625	-0.22034179687500002	9.6327685546875	-0.49591064453125	-0.41961669921875	4.02069091796875
4.135	-1.1951147460937501	-0.011975097656250001	9.34776123046875	0.52642822265625	1.4801025390625	0.946044921875
4.146	-1.1160791015625	-0.10538085937500001	9.7285693359375	-0.45013427734375	-0.48065185546875	1.44195556640625
4.156	-1.43701171875	-0.32811767578125	9.5848681640625	0.2593994140625	-0.32806396484375	1.07574462890625
4.165	-1.4681469726562502	-0.39996826171875	9.72617431640625	0.06866455078125	-0.22125244140625	1.9378662109375
4.176	-1.36037109375	-0.6059399414062501	9.687854003906251	0.80108642578125	0.823974609375	1.4495849609375
4.187	-1.46335693359375	-0.4454736328125	9.647138671875	-0.2288818359375	-0.06866455078125	0.98419189453125
4.196	-1.45377685546875	-0.4981640625	9.66390380859375	0.61798095703125	0.3204345703125	1.51824951171875
4.207	-1.6693286132812502	-0.61072998046875	9.73575439453125	0.45013427734375	-0.4730224609375	2.52532958984375
4.217	-1.56394775390625	-0.7137158203125	9.7381494140625	0.22125244140625	-0.34332275390625	5.77545166015625
4.228	-1.82021484375	-0.57719970703125	9.754914550781251	-0.28228759765625	-1.068115234375	7.11822509765625
4.238	-2.2106030273437502	-0.63947021484375	9.60163330078125	-0.05340576171875	-1.556396484375	7.1868896484375
4.248	-1.78189453125	-0.51732421875	9.78844482421875	0.0152587890625	-0.22125244140625	7.0343017578125
4.258	-1.8250048828125	-0.26345214843750003	9.687854003906251	0.20599365234375	-0.67901611328125	6.82830810546875
4.269	-1.8609301757812502	-0.18920654296875	9.666298828125	0.03814697265625	-1.01470947265625	5.53131103515625
4.279	-1.72201904296875	-0.047900390625000004	9.74533447265625	0.030517578125	-0.90789794921875	7.0343017578125
4.289	-1.7196240234375	-0.045505371093750004	9.680668945312501	0.7781982421875	-1.5716552734375	8.68988037109375
4.299	-1.70525390625	-0.12693603515625002	9.747729492187501	0.69427490234375	-2.51007080078125	10.894775390625
4.311	-1.7339941406250001	-0.3879931640625	9.568103027343751	0.20599365234375	-2.0599365234375	12.65716552734375
4.321	-2.212998046875	-0.3065625	9.85550537109375	0.51116943359375	-3.08990478515625	5.5694580078125
4.331	-1.36037109375	-0.7328759765625	9.642348632812501	-0.48065185546875	0.61798095703125	6.93511962890625
4.341	-1.5495776367187502	-0.3879931640625	9.680668945312501	0.6256103515625	1.77001953125	6.7901611328125
4.352	-1.21427490234375	-0.25626708984375	9.61600341796875	0.762939453125	0.51116943359375	2.72369384765625
4.362	-0.62031005859375	-0.36164794921875004	9.77407470703125	0.54931640625	-0.732421875	3.80706787109375
4.372	-0.6251000976562501	-0.25147705078125	9.59923828125	0.823974609375	-0.19073486328125	6.52313232421875
4.382	-0.72090087890625	-0.1149609375	9.853110351562501	0.48065185546875	-0.45013427734375	6.9122314453125
4.392	-0.41194335937500004	-0.24189697265625001	9.80281494140625	-0.16021728515625	0.06866455078125	8.17108154296875
4.403	-0.70892578125	-0.36404296875000003	9.81718505859375	-0.701904296875	0.41961669921875	10.9100341796875
4.413	-0.7137158203125	-0.49097900390625004	9.723779296875	-0.518798828125	-0.2288818359375	7.8582763671875
4.424	-0.890947265625	-0.3400927734375	9.85550537109375	-0.091552734375	-1.220703125	3.91387939453125
4.433	-0.39278320312500004	-0.4263134765625	9.7381494140625	1.46484375	-0.2899169921875	0.69427490234375
4.443	0.00239501953125	-0.31374755859375003	9.647138671875	0.396728515625	0.06866455078125	4.608154296875
4.452	0.16046630859375	-0.32572265625	9.7716796875	0.2593994140625	0.79345703125	8.65936279296875
4.462	0.11735595703125	-0.14609619140625002	9.84113525390625	-0.77056884765625	1.2359619140625	14.434814453125
4.473	-0.29458740234375	-0.00718505859375	9.536967773437501	-0.52642822265625	-1.41143798828125	11.11602783203125
4.483	0.296982421875	0.00718505859375	9.78365478515625	0.14495849609375	1.31988525390625	7.4920654296875
4.492	0.41912841796875	0.26345214843750003	9.793234863281251	-0.7476806640625	1.6326904296875	6.08062744140625
4.501	-0.11256591796875001	0.1389111328125	9.94651611328125	0.45013427734375	0.77056884765625	2.8839111328125
4.512	-0.6658154296875001	0.79754150390625	10.09740234375	-0.762939453125	-1.54876708984375	1.2359619140625
4.521	-0.0047900390625	0.12214599609375	9.685458984375	0.18310546875	-0.457763671875	1.83868408203125
4.531	-0.067060546875	0.37122802734375004	9.81718505859375	-0.2899169921875	0.0152587890625	1.922607421875
4.54	0.026345214843750003	0.32332763671875003	9.75012451171875	0.42724609375	-0.1983642578125	0.51116943359375
4.549	0.38080810546875005	0.08382568359375	9.9297509765625	0.28228759765625	0.9307861328125	-2.2125244140625
4.559	0.316142578125	-0.1197509765625	9.94651611328125	-0.06103515625	1.71661376953125	-4.119873046875
4.569	0.24668701171875002	-0.28500732421875	9.553732910156251	0.42724609375	0.8544921875	-6.95037841796875
4.579	0.4646337890625	0.08382568359375	9.90580078125	0.0762939453125	-0.2899169921875	-9.98687744140625
4.589	0.36404296875000003	0.09340576171875001	9.68306396484375	0.3814697265625	-0.90789794921875	-11.42120361328125
4.599	-0.050295410156250005	-0.0383203125	9.5848681640625	0.5340576171875	-1.33514404296875	-15.38848876953125
4.61	-0.01676513671875	0.18681152343750002	9.627978515625001	1.0528564453125	-3.42559814453125	-17.3187255859375
4.62	0.39996826171875	0.009580078125	9.915380859375	-0.74005126953125	-1.67083740234375	-12.5732421875
4.629	0.10298583984375001	0.028740234375	9.71180419921875	-0.54168701171875	2.4566650390625	-6.96563720703125
4.639	0.16046630859375	0.277822265625	9.76449462890625	-0.67901611328125	3.10516357421875	-6.5155029296875
4.648	0.0143701171875	0.29458740234375	9.59923828125	-0.09918212890625	2.3345947265625	-8.60595703125
4.659	0.3496728515625	0.2682421875	9.82676513671875	-0.08392333984375	1.74713134765625	-9.10186767578125
4.669	0.59635986328125	0.11735595703125	9.66869384765625	0.75531005859375	1.9378662109375	-8.087158203125
4.678	0.7879614257812501	0.05748046875	9.742939453125	0.18310546875	2.79998779296875	-5.57708740234375
4.688	0.5676196289062501	0.19639160156250002	9.77886474609375	0.72479248046875	2.78472900390625	-7.8125
4.698	0.8478369140625001	0.316142578125	9.853110351562501	0.03814697265625	0.8544921875	-6.04248046875
4.708	0.9029223632812501	0.2682421875	9.79083984375	-0.5035400390625	2.410888671875	-4.46319580078125
4.718	0.99393310546875	0.3305126953125	9.9010107421875	-0.40435791015625	-1.8768310546875	-5.27191162109375
4.728	0.98914306640625	0.00239501953125	9.78844482421875	0.57220458984375	-3.57818603515625	-7.568359375
4.739	0.72090087890625	0.15328125	9.79802490234375	0.0152587890625	-1.44195556640625	-9.05609130859375
4.749	0.7520361328125	0.20357666015625	9.754914550781251	-0.41961669921875	0.3662109375	-8.94927978515625
4.759	1.0346484375	0.29458740234375	9.819580078125	-0.38909912109375	1.07574462890625	-7.37762451171875
4.768	1.0322534179687501	0.15328125	9.72138427734375	-0.51116943359375	2.1820068359375	-6.41632080078125
4.78	0.70174072265625	0.162861328125	9.66390380859375	-0.335693359375	3.36456298828125	-9.33074951171875
4.79	1.4465917968750002	0.35685791015625	9.656718750000001	0.66375732421875	2.62451171875	-10.1776123046875
4.799	1.38192626953125	0.26105712890625	9.793234863281251	0.46539306640625	1.89208984375	-7.82012939453125
4.809	1.42024658203125	0.35206787109375004	9.75970458984375	-0.11444091796875	1.52587890625	-4.2877197265625
4.819	1.41066650390625	0.30895751953125	9.740544433593751	-0.17547607421875	1.77001953125	-4.76837158203125
4.83	1.5280224609375002	0.296982421875	9.7860498046875	0.43487548828125	0.70953369140625	-6.2408447265625
4.839	1.65495849609375	0.18441650390625	9.821975097656251	-0.0762939453125	0.4425048828125	-4.66156005859375
4.849	1.73638916015625	0.04071533203125	9.656718750000001	-0.46539306640625	-0.091552734375	-3.204345703125
4.859	1.76991943359375	0.20118164062500002	9.886640625	-0.4119873046875	-0.95367431640625	-3.04412841796875
4.87	1.6645385742187502	0.22034179687500002	9.75970458984375	-0.64849853515625	-1.76239013671875	-5.55419921875
4.881	1.753154296875	-0.047900390625000004	9.65911376953125	-0.5340576171875	-1.3885498046875	-7.781982421875
4.891	1.8010546875000002	0.011975097656250001	9.716594238281251	-0.32806396484375	-1.9989013671875	-9.81903076171875
4.901	1.6956738281250001	0.05987548828125	9.75012451171875	0.17547607421875	-2.8228759765625	-12.0391845703125
4.912	1.44419677734375	0.1197509765625	9.740544433593751	0.1983642578125	-2.7008056640625	-12.8021240234375
4.922	1.41545654296875	0.11256591796875001	9.80281494140625	0.3662109375	-2.6702880859375	-12.27569580078125
4.932	1.1639794921875	0.23231689453125	9.61121337890625	0.14495849609375	-2.17437744140625	-11.322021484375
4.943	1.16637451171875	0.24668701171875002	9.7860498046875	0.1373291015625	-2.31170654296875	-9.95635986328125
4.954	0.9723779296875	0.29219238281250004	9.886640625	-0.0457763671875	-1.922607421875	-9.31549072265625
4.964	0.718505859375	0.24668701171875002	9.71180419921875	-0.3662109375	-1.373291015625	-9.14764404296875
4.974	0.63468017578125	0.25626708984375	9.793234863281251	-0.22125244140625	-0.640869140625	-7.59124755859375
4.983	0.53887939453125	0.055085449218750006	9.71180419921875	-0.11444091796875	-0.152587890625	-6.77490234375
4.994	0.42152343750000004	0.009580078125	9.69743408203125	-0.14495849609375	0.0152587890625	-7.1258544921875
5.002	0.39996826171875	0.01676513671875	9.74533447265625	-0.46539306640625	-0.06866455078125	-7.27081298828125
5.012	0.32332763671875003	0.0335302734375	9.79802490234375	-0.67138671875	0.0	-7.50732421875
5.021	0.3879931640625	0.1197509765625	9.70701416015625	-0.63323974609375	0.18310546875	-7.01904296875
5.03	0.39996826171875	0.045505371093750004	9.819580078125	-1.0986328125	0.20599365234375	-6.53076171875
5.04	0.27303222656250004	-0.0047900390625	9.7573095703125	-1.251220703125	0.0457763671875	-6.50787353515625
5.05	0.25147705078125	-0.00718505859375	9.7189892578125	-1.3885498046875	0.274658203125	-5.66864013671875
5.06	0.19160156250000002	-0.011975097656250001	9.740544433593751	-1.50299072265625	0.43487548828125	-4.96673583984375
5.07	0.296982421875	-0.0814306640625	9.754914550781251	-1.0528564453125	0.81634521484375	-4.486083984375
5.081	0.18441650390625	-0.055085449218750006	9.7716796875	-1.07574462890625	1.190185546875	-3.56292724609375
5.09	0.06466552734375	0.0383203125	9.72138427734375	-0.83160400390625	1.44195556640625	-3.326416015625
5.1	0.03592529296875	0.14130615234375002	9.733359375000001	-1.12152099609375	1.4495849609375	-3.4637451171875
5.11	-0.0814306640625	0.21555175781250002	9.72617431640625	-0.66375732421875	1.312255859375	-4.638671875
5.121	-0.10538085937500001	0.50055908203125	9.695039062500001	-0.823974609375	1.007080078125	-6.20269775390625
5.131	-0.05748046875	0.5508544921875	9.90580078125	-0.213623046875	1.07574462890625	-7.75909423828125
5.141	-0.009580078125	0.87897216796875	9.6710888671875	-0.1983642578125	0.5950927734375	-9.368896484375
5.15	0.03113525390625	1.09931396484375	9.704619140625	0.09918212890625	0.3662109375	-11.26861572265625
5.16	-0.01676513671875	1.20469482421875	9.687854003906251	0.1068115234375	0.52642822265625	-12.33673095703125
5.17	-0.16046630859375	1.33881591796875	9.647138671875	0.00762939453125	0.25177001953125	-13.3514404296875
5.181	-0.18681152343750002	1.3460009765625	9.73096435546875	-0.0457763671875	-0.42724609375	-14.09149169921875
5.191	-0.37601806640625	1.28373046875	9.747729492187501	-0.38909912109375	0.0152587890625	-16.2200927734375
5.201	-0.51732421875	1.5447875976562502	9.6710888671875	-0.72479248046875	-0.6256103515625	-18.3868408203125
5.213	-0.7232958984375001	1.71722900390625	9.7381494140625	-0.9918212890625	-0.93841552734375	-18.94378662109375
5.224	-0.91729248046875	1.9351757812500001	9.754914550781251	-0.90789794921875	-1.220703125	-18.73016357421875
5.235	-0.9148974609375	2.05253173828125	9.6519287109375	-0.55694580078125	-1.129150390625	-16.33453369140625
5.246	-0.7065307617187501	2.2848486328125	9.613608398437501	-0.091552734375	-0.396728515625	-11.40594482421875
5.257	-0.28261230468750004	2.17707275390625	9.47230224609375	1.2359619140625	2.55584716796875	-5.33294677734375
5.266	0.3879931640625	1.72680908203125	9.110654296875001	2.61688232421875	1.6632080078125	0.54168701171875
5.277	0.680185546875	1.64537841796875	9.84113525390625	2.25830078125	1.251220703125	12.969970703125
5.287	0.9675878906250001	1.5160473632812501	9.92256591796875	-0.69427490234375	-0.75531005859375	26.9927978515625
5.298	0.10777587890625001	1.29570556640625	9.72617431640625	-0.35858154296875	-1.0833740234375	30.029296875
5.307	-0.1293310546875	0.7448510742187501	9.613608398437501	0.55694580078125	0.02288818359375	26.4129638671875
5.317	0.18202148437500001	1.0873388671875	9.81	0.030517578125	0.7171630859375	26.43585205078125
5.326	0.28979736328125	1.08494384765625	9.84592529296875	-0.1678466796875	0.579833984375	31.5399169921875
5.336	-0.01916015625	1.2214599609375	9.71180419921875	-0.64849853515625	0.05340576171875	37.8570556640625
5.347	-0.33769775390625	1.350791015625	9.8243701171875	-0.40435791015625	-0.1068115234375	41.290283203125
5.356	-0.4981640625	1.3843212890625	9.723779296875	-0.52642822265625	0.05340576171875	43.90716552734375
5.366	-0.64905029296875	1.26217529296875	9.656718750000001	-0.34332275390625	0.2899169921875	45.7305908203125
5.377	-0.55803955078125	0.98914306640625	9.53936279296875	-0.28228759765625	0.48065185546875	42.96112060546875
5.388	-0.44307861328125003	1.1567944335937501	9.776469726562501	-0.79345703125	1.03759765625	35.2935791015625
5.398	-0.30177246093750004	0.8023315429687501	9.6519287109375	-0.08392333984375	1.77764892578125	28.61785888671875
5.408	-0.00239501953125	1.26217529296875	9.740544433593751	-0.701904296875	1.03759765625	25.299072265625
5.417	0.16525634765625	1.4681469726562502	9.829160156250001	-0.640869140625	-0.29754638671875	25.01678466796875
5.429	-0.23231689453125	1.56394775390625	9.716594238281251	-0.75531005859375	-0.77056884765625	24.810791015625
5.439	-0.7424560546875001	1.61184814453125	9.723779296875	-0.08392333984375	-0.64849853515625	20.5078125
5.45	-0.70174072265625	1.61663818359375	9.776469726562501	-0.17547607421875	-0.79345703125	16.68548583984375
5.46	-0.73527099609375	1.37713623046875	9.723779296875	0.32806396484375	-0.91552734375	17.57049560546875
5.471	-0.51732421875	1.3915063476562501	9.9105908203125	0.48065185546875	-0.640869140625	22.60589599609375
5.481	-0.6059399414062501	0.9148974609375	9.54894287109375	0.58746337890625	0.14495849609375	26.3824462890625
5.491	-0.67060546875	0.6873706054687501	9.7381494140625	0.823974609375	0.2593994140625	28.37371826171875
5.501	-0.4646337890625	0.59156982421875	9.740544433593751	-0.03814697265625	-0.41961669921875	33.0657958984375
5.512	-0.43828857421875	0.48618896484375	9.7189892578125	-0.4425048828125	-0.75531005859375	37.933349609375
5.522	-0.5221142578125	0.5748046875	9.79083984375	-0.67901611328125	-0.55694580078125	41.17584228515625
5.532	-0.5987548828125	0.6035449218750001	9.896220703125001	-0.54168701171875	0.5340576171875	40.84014892578125
5.542	-0.6945556640625	0.18202148437500001	9.65911376953125	0.152587890625	0.40435791015625	37.74261474609375
5.552	-0.65384033203125	0.0	9.6615087890625	-0.28228759765625	0.7171630859375	34.759521484375
5.561	-0.25626708984375	0.011975097656250001	9.80281494140625	-0.4730224609375	0.518798828125	34.43145751953125
5.571	-0.32572265625	0.13412109375	9.776469726562501	-0.946044921875	0.00762939453125	39.6575927734375
5.581	-0.25387207031250003	0.239501953125	9.75012451171875	-1.36566162109375	0.274658203125	45.40252685546875
5.592	-0.39278320312500004	-0.10538085937500001	9.695039062500001	-0.48828125	0.06866455078125	45.7611083984375
5.601	-0.35206787109375004	-0.28500732421875	9.6710888671875	-0.640869140625	0.70953369140625	44.13604736328125
5.612	-0.08382568359375	-0.63228515625	9.85550537109375	-0.46539306640625	1.04522705078125	40.93170166015625
5.622	-0.39996826171875	-0.8957373046875	9.747729492187501	-0.11444091796875	0.91552734375	37.109375
5.634	-0.16046630859375	-1.1304492187500002	9.89382568359375	-1.312255859375	0.74005126953125	39.8101806640625
5.644	-0.44786865234375	-1.0873388671875	9.733359375000001	-1.67083740234375	1.03759765625	35.19439697265625
5.655	-0.58198974609375	-1.12805419921875	9.90580078125	0.11444091796875	2.7008056640625	21.30889892578125
5.665	-1.16637451171875	-1.2406201171875	9.89382568359375	-0.79345703125	1.64794921875	1.1444091796875
5.677	-0.88855224609375	-0.60114990234375	9.874665527343751	0.30517578125	3.10516357421875	-20.63751220703125
5.688	-1.02746337890625	-0.3784130859375	9.81	1.22833251953125	2.20489501953125	-42.205810546875
5.699	0.833466796875	-0.55324951171875	10.01357666015625	-2.61688232421875	-9.92584228515625	-42.938232421875
5.709	0.32332763671875003	-0.6370751953125	9.20406005859375	-0.1983642578125	0.946044921875	-60.17303466796875
5.721	-0.43110351562500004	-1.0322534179687501	9.5273876953125	0.60272216796875	-3.62396240234375	-61.2030029296875
5.731	0.31374755859375003	-1.68369873046875	9.96088623046875	3.265380859375	-2.1514892578125	-60.40191650390625
5.742	2.54830078125	-2.62254638671875	9.915380859375	1.25885009765625	2.31170654296875	-41.44287109375
5.753	2.27287353515625	-2.2776635742187503	9.9968115234375	-0.6561279296875	-2.8228759765625	-15.40374755859375
5.765	0.718505859375	-1.829794921875	9.67587890625	-1.6021728515625	-2.92205810546875	7.965087890625
5.776	-0.2442919921875	-3.25962158203125	9.1585546875	-0.9918212890625	-4.21142578125	28.3660888671875
5.786	-0.00239501953125	-0.5795947265625	9.980046386718751	-4.4097900390625	-2.12860107421875	59.2498779296875
5.797	-0.45026367187500005	-0.28979736328125	9.61600341796875	-1.922607421875	-1.28173828125	67.230224609375
5.808	-0.59156982421875	-0.15328125	9.769284667968751	-1.861572265625	-0.2288818359375	75.531005859375
5.818	-1.1160791015625	-0.8454418945312501	9.580078125	-0.43487548828125	0.31280517578125	74.25689697265625
5.829	-0.7424560546875001	-1.2933105468750001	9.687854003906251	-0.23651123046875	0.457763671875	76.05743408203125
5.839	-0.737666015625	-2.3375390625000003	9.66390380859375	0.08392333984375	-0.6561279296875	70.9991455078125
5.85	0.25626708984375	-2.4501049804687502	9.821975097656251	-0.701904296875	-0.48828125	64.910888671875
5.861	0.56282958984375	-2.8021728515625	9.7668896484375	-0.06103515625	-1.44195556640625	59.6160888671875
5.872	0.63468017578125	-2.42136474609375	9.83155517578125	-1.10626220703125	-1.67083740234375	56.4422607421875
5.882	0.45744873046875	-2.2441333007812503	9.814790039062501	-1.24359130859375	-1.800537109375	50.08697509765625
5.894	0.27063720703125	-2.23455322265625	9.66390380859375	-0.45013427734375	-1.30462646484375	42.236328125
5.904	0.28740234375	-1.9806811523437502	9.73575439453125	-0.61798095703125	-0.93841552734375	37.2772216796875
5.915	0.51971923828125	-1.6956738281250001	9.7860498046875	-0.885009765625	-1.495361328125	32.5164794921875
5.925	0.20836669921875	-1.6334033203125	9.77886474609375	-0.52642822265625	-0.9002685546875	27.10723876953125
5.936	0.15328125	-1.7124389648437501	9.85071533203125	-0.23651123046875	-0.80108642578125	21.2249755859375
5.946	0.33769775390625	-1.69327880859375	9.77407470703125	-0.335693359375	-0.06103515625	20.30181884765625
5.956	0.62031005859375	-1.71722900390625	9.76449462890625	-0.3662109375	0.00762939453125	23.70452880859375
5.967	0.79275146484375	-1.9974462890625	9.814790039062501	-0.4119873046875	1.3427734375	24.65057373046875
5.978	0.87418212890625	-2.09564208984375	9.7860498046875	-0.25177001953125	2.2735595703125	21.01898193359375
5.988	0.59156982421875	-1.8920654296875001	9.71419921875	0.06866455078125	2.9754638671875	16.2200927734375
5.998	0.37362304687500003	-1.41066650390625	9.800419921875001	-0.06103515625	3.11279296875	12.44354248046875
6.008	0.3305126953125	-0.9867480468750001	9.7668896484375	0.18310546875	3.4637451171875	9.52911376953125
6.018	0.143701171875	-0.40236328125000004	9.71419921875	0.70953369140625	2.8839111328125	6.64520263671875
6.027	0.04071533203125	-0.4071533203125	9.78365478515625	1.15966796875	3.59344482421875	3.97491455078125
6.037	0.09580078125000001	-0.44307861328125003	9.66869384765625	1.67083740234375	3.94439697265625	-0.38909912109375
6.047	0.40475830078125	-0.3496728515625	9.709409179687501	1.7242431640625	4.94384765625	-4.63104248046875
6.057	0.38559814453125	-0.086220703125	9.66390380859375	1.67083740234375	4.1656494140625	-9.5062255859375
6.068	0.7999365234375	-0.04071533203125	9.814790039062501	1.77764892578125	4.5013427734375	-14.46533203125
6.078	0.7711962890625	0.028740234375	9.75251953125	1.8768310546875	4.3792724609375	-20.10345458984375
6.089	1.0777587890625	-0.239501953125	9.747729492187501	1.708984375	3.41796875	-23.773193359375
6.098	0.48618896484375	0.0	9.63755859375	1.617431640625	3.19671630859375	-22.02606201171875
6.109	1.0490185546875002	-0.06466552734375	9.7573095703125	1.03759765625	2.227783203125	-17.425537109375
6.12	1.22385498046875	-0.067060546875	9.819580078125	0.9765625	2.32696533203125	-10.71929931640625
6.13	1.35797607421875	-0.06466552734375	9.6710888671875	0.35858154296875	2.2125244140625	-5.6304931640625
6.14	1.7627343750000002	-0.32572265625	9.73575439453125	0.457763671875	3.10516357421875	-2.31170654296875
6.151	1.5831079101562502	-0.40475830078125	9.889035644531251	0.7781982421875	3.74603271484375	-2.8076171875
6.161	1.5160473632812501	-0.18681152343750002	9.793234863281251	0.7781982421875	3.07464599609375	-9.07135009765625
6.171	1.37234619140625	-0.026345214843750003	9.70701416015625	-0.06866455078125	2.49481201171875	-11.43646240234375
6.181	1.9399658203125	0.023950195312500002	9.73575439453125	-0.41961669921875	1.678466796875	-6.2255859375
6.192	1.6357983398437501	0.16525634765625	9.90819580078125	-1.50299072265625	0.8392333984375	-0.26702880859375
6.201	1.5376025390625	-0.009580078125	9.72617431640625	-1.12152099609375	1.60980224609375	5.0506591796875
6.212	1.39869140625	0.1293310546875	9.740544433593751	-1.19781494140625	1.1444091796875	9.4451904296875
6.222	1.2166699218750001	0.045505371093750004	9.994416503906251	-0.84686279296875	1.25885009765625	12.74871826171875
6.233	1.619033203125	-0.0814306640625	9.6040283203125	-1.33514404296875	-0.16021728515625	13.7176513671875
6.243	1.37234619140625	-0.18920654296875	9.8914306640625	-0.42724609375	-1.5716552734375	15.64788818359375
6.254	1.5112573242187501	0.076640625	9.709409179687501	-0.63323974609375	-1.800537109375	14.190673828125
6.264	1.274150390625	-0.052690429687500005	9.716594238281251	-0.70953369140625	-2.25830078125	10.82611083984375
6.275	1.2166699218750001	0.0431103515625	9.7668896484375	-0.0762939453125	-3.42559814453125	8.6669921875
6.284	0.9915380859375	-0.0431103515625	9.7860498046875	-0.06866455078125	-2.86102294921875	3.0670166015625
6.294	1.02746337890625	-0.0143701171875	9.71419921875	-0.4730224609375	-2.99072265625	-6.14166259765625
6.305	1.31965576171875	0.02155517578125	9.860295410156251	-0.7476806640625	-2.57110595703125	-9.5367431640625
6.316	1.29091552734375	0.1389111328125	9.680668945312501	-0.42724609375	-3.662109375	-9.37652587890625
6.327	1.3076806640625	0.10298583984375001	9.889035644531251	-1.007080078125	-2.70843505859375	-8.148193359375
6.337	1.1112890625	-0.15567626953125	9.596843261718751	0.4425048828125	-0.0152587890625	-8.7738037109375
6.347	0.8478369140625001	0.09580078125000001	9.68306396484375	1.79290771484375	-2.9754638671875	-12.3748779296875
6.358	0.5748046875	0.5748046875	9.86987548828125	1.068115234375	-2.86102294921875	-10.7574462890625
6.368	0.890947265625	0.4358935546875	9.807604980468751	1.5716552734375	-2.37274169921875	-9.765625
6.379	0.53408935546875	0.23231689453125	9.85550537109375	0.9307861328125	-3.22723388671875	-9.31549072265625
6.389	0.51492919921875	0.13412109375	9.723779296875	1.220703125	-2.55584716796875	-10.88714599609375
6.4	0.5077441406250001	-0.04071533203125	9.85071533203125	1.77764892578125	-1.70135498046875	-7.40814208984375
6.41	0.6873706054687501	0.17962646484375	9.642348632812501	0.213623046875	-3.2501220703125	-4.58526611328125
6.42	0.9843530273437501	0.21794677734375	9.95130615234375	-0.60272216796875	-2.8533935546875	3.11279296875
6.43	0.97716796875	0.239501953125	9.8339501953125	-1.220703125	-2.3040771484375	9.83428955078125
6.44	0.48618896484375	0.3448828125	9.742939453125	-0.61798095703125	4.12750244140625	10.87188720703125
6.45	0.04071533203125	0.10538085937500001	9.66869384765625	0.35858154296875	3.173828125	7.4310302734375
6.459	0.21555175781250002	-0.05748046875	9.7716796875	1.16729736328125	3.692626953125	0.457763671875
6.469	-0.07424560546875	-0.1484912109375	9.8052099609375	1.67083740234375	1.28173828125	-3.6163330078125
6.479	-0.08382568359375	-0.09101074218750001	9.819580078125	1.2054443359375	1.47247314453125	-4.60052490234375
6.489	0.05748046875	0.055085449218750006	9.723779296875	0.29754638671875	1.89208984375	-3.10516357421875
6.498	-0.0718505859375	0.26345214843750003	9.723779296875	0.81634521484375	0.40435791015625	-2.3345947265625
6.508	0.40236328125000004	0.36164794921875004	9.8052099609375	0.1983642578125	2.29644775390625	0.54168701171875
6.517	0.16046630859375	0.39038818359375	9.6902490234375	0.29754638671875	-2.05230712890625	1.10626220703125
6.526	0.24668701171875002	0.0431103515625	9.71180419921875	-0.4425048828125	-0.25177001953125	0.6866455078125
6.537	0.40954833984375	-0.14609619140625002	9.793234863281251	-0.5340576171875	-0.84686279296875	5.37872314453125
6.546	0.32332763671875003	-0.00239501953125	9.75012451171875	-0.885009765625	0.00762939453125	11.37542724609375
6.555	0.25147705078125	0.055085449218750006	9.97525634765625	-1.51824951171875	0.63323974609375	13.93890380859375
6.565	0.27303222656250004	-0.27063720703125	9.680668945312501	-1.27410888671875	-0.78582763671875	12.56561279296875
6.576	0.28979736328125	-0.20118164062500002	9.6710888671875	0.00762939453125	-0.335693359375	6.744384765625
6.585	0.22034179687500002	-0.00718505859375	9.6902490234375	-0.11444091796875	-1.3580322265625	1.129150390625
6.595	0.48618896484375	-0.03592529296875	9.81239501953125	0.5035400390625	1.007080078125	-2.74658203125
6.605	0.28740234375	-0.20118164062500002	9.589658203125001	0.8087158203125	1.91497802734375	-9.429931640625
6.616	0.28740234375	-0.3065625	9.68306396484375	0.518798828125	3.04412841796875	-13.6260986328125
6.626	-0.74006103515625	-0.3065625	9.769284667968751	1.3580322265625	-0.213623046875	-21.18682861328125
6.637	-0.26584716796875	-0.277822265625	9.73575439453125	1.53350830078125	0.32806396484375	-27.435302734375
6.647	0.32811767578125	-0.641865234375	9.793234863281251	0.83160400390625	2.93731689453125	-30.1971435546875
6.658	0.42391845703125003	-0.8813671875000001	9.7956298828125	0.762939453125	0.579833984375	-24.48272705078125
6.668	0.3305126953125	-0.95082275390625	9.7716796875	0.45013427734375	1.06048583984375	-30.6549072265625
6.679	1.1639794921875	-1.09452392578125	10.26984375	1.0223388671875	-2.96783447265625	-31.829833984375
6.69	0.36164794921875004	-0.81670166015625	9.7956298828125	-0.9613037109375	-2.11334228515625	-26.8402099609375
6.701	-0.12214599609375	-0.5867797851562501	9.522597656250001	1.6021728515625	3.204345703125	-30.7159423828125
6.712	-0.6442602539062501	-0.34248779296875004	9.77886474609375	0.3204345703125	1.85394287109375	-24.23095703125
6.723	-0.8071215820312501	-0.48618896484375	9.62558349609375	-0.152587890625	2.96783447265625	-20.904541015625
6.733	-1.04183349609375	-0.51492919921875	9.6710888671875	-0.518798828125	1.7242431640625	-15.8233642578125
6.745	-1.32923583984375	-0.5652246093750001	9.647138671875	-1.50299072265625	2.6092529296875	-10.4217529296875
6.756	-1.20948486328125	-0.3496728515625	9.568103027343751	-1.48773193359375	2.08282470703125	-2.8076171875
6.766	-1.8537451171875001	-0.19160156250000002	9.81	-0.20599365234375	1.01470947265625	5.85174560546875
6.777	-2.692001953125	-0.12693603515625002	9.8339501953125	-0.80108642578125	-0.25177001953125	11.7034912109375
6.788	-3.1374755859375	0.11735595703125	9.67827392578125	-0.14495849609375	-0.38909912109375	15.58685302734375
6.798	-3.9613623046875004	0.1676513671875	9.72138427734375	-0.823974609375	-0.80108642578125	12.1612548828125
6.808	-3.899091796875	0.37601806640625	9.513017578125	0.1220703125	0.030517578125	5.01251220703125
6.817	-3.92543701171875	0.24908203125	9.4986474609375	0.6256103515625	1.8157958984375	-2.4871826171875
6.829	-3.5350488281250003	0.15088623046875002	9.75970458984375	1.41143798828125	2.32696533203125	-10.7879638671875
6.839	-3.19974609375	0.045505371093750004	9.6519287109375	1.434326171875	3.082275390625	-17.303466796875
6.85	-3.1805859375	-0.067060546875	9.65432373046875	1.5106201171875	2.7618408203125	-22.3846435546875
6.86	-4.39965087890625	-0.01676513671875	10.049501953125	1.16729736328125	1.9683837890625	-26.4892578125
6.872	-3.3578173828125	-0.18681152343750002	10.054291992187501	1.0986328125	-6.5765380859375	-28.38134765625
6.883	-3.29794189453125	-0.24189697265625001	9.704619140625	1.220703125	1.28936767578125	-28.38134765625
6.893	-2.43573486328125	0.06466552734375	9.733359375000001	0.74005126953125	1.953125	-24.98626708984375
6.903	-2.11480224609375	-0.023950195312500002	9.67587890625	0.29754638671875	1.70135498046875	-19.5770263671875
6.914	-2.3638842773437503	-0.27063720703125	9.6902490234375	0.701904296875	2.11334228515625	-16.09039306640625
6.925	-1.8705102539062501	-0.13412109375	9.687854003906251	0.274658203125	0.74005126953125	-13.06915283203125
6.935	-1.1160791015625	-0.13651611328125002	9.75251953125	-0.16021728515625	-0.48828125	-8.2550048828125
6.945	-0.8238867187500001	-0.29458740234375	9.67827392578125	0.06866455078125	-2.35748291015625	-3.21197509765625
6.956	-0.5269042968750001	-0.37122802734375004	9.704619140625	-0.67138671875	-2.78472900390625	0.17547607421875
6.966	-0.39038818359375	-0.21076171875000002	9.82676513671875	-0.63323974609375	-2.3651123046875	1.48773193359375
6.977	-0.36643798828125	-0.21315673828125	9.702224121093751	-0.25177001953125	-2.79998779296875	1.617431640625
6.986	-0.26105712890625	-0.22034179687500002	9.71419921875	0.3509521484375	-2.1514892578125	0.23651123046875
6.995	-0.055085449218750006	-0.03592529296875	9.7285693359375	0.67901611328125	-1.983642578125	-0.06866455078125
7.006	-0.1197509765625	-0.050295410156250005	9.7716796875	0.732421875	-2.06756591796875	-0.11444091796875
7.016	-0.17004638671875	-0.04071533203125	9.7860498046875	0.7781982421875	-1.861572265625	-0.0762939453125
7.025	-0.1772314453125	-0.01676513671875	9.76449462890625	0.9002685546875	-2.0751953125	0.06866455078125
7.034	-0.11017089843750001	0.009580078125	9.7716796875	0.57220458984375	-1.77001953125	0.02288818359375
7.045	-0.124541015625	-0.0431103515625	9.70701416015625	0.92315673828125	-1.373291015625	0.1983642578125
7.054	-0.1149609375	-0.04071533203125	9.754914550781251	0.48828125	-1.739501953125	0.23651123046875
7.063	-0.0335302734375	0.00718505859375	9.73575439453125	0.3814697265625	-1.6021728515625	0.35858154296875
7.073	-0.0622705078125	-0.0335302734375	9.77407470703125	0.2593994140625	-1.28936767578125	0.25177001953125
7.083	-0.045505371093750004	0.0143701171875	9.8483203125	0.274658203125	-1.02996826171875	0.274658203125
7.092	-0.0718505859375	-0.0143701171875	9.71180419921875	0.1068115234375	-0.518798828125	-0.1678466796875
7.101	-0.0431103515625	0.00239501953125	9.80281494140625	0.1220703125	-0.48065185546875	0.1220703125
7.11	-0.05987548828125	-0.01676513671875	9.79083984375	-0.22125244140625	-0.48828125	-0.05340576171875
7.119	0.03592529296875	-0.026345214843750003	9.82676513671875	-0.00762939453125	-0.03814697265625	0.11444091796875
7.128	-0.050295410156250005	-0.009580078125	9.75012451171875	0.1678466796875	0.396728515625	-0.06103515625
7.137	-0.067060546875	-0.01916015625	9.73575439453125	-0.06103515625	0.34332275390625	-0.11444091796875
7.146	-0.0383203125	-0.0047900390625	9.86508544921875	0.0762939453125	0.38909912109375	-0.0457763671875
7.154	-0.07903564453125	-0.0047900390625	9.740544433593751	0.05340576171875	0.091552734375	-0.17547607421875
7.163	-0.09101074218750001	-0.0143701171875	9.79802490234375	0.00762939453125	0.51116943359375	-0.22125244140625
7.173	-0.09101074218750001	0.0047900390625	9.709409179687501	0.00762939453125	0.6561279296875	-0.06866455078125
7.181	-0.03592529296875	0.0	9.75012451171875	-0.14495849609375	0.9002685546875	-0.0457763671875
7.19	-0.09580078125000001	-0.09819580078125001	9.819580078125	-0.1068115234375	0.64849853515625	-0.18310546875
7.199	-0.09580078125000001	-0.08382568359375	9.687854003906251	-0.06866455078125	0.640869140625	-0.0152587890625
7.209	-0.028740234375	-0.086220703125	9.7381494140625	-0.29754638671875	-0.244140625	-0.091552734375
7.219	-0.086220703125	0.04071533203125	9.78365478515625	-0.2899169921875	-0.29754638671875	0.06866455078125
7.228	-0.11735595703125	-0.00718505859375	9.7573095703125	-0.2288818359375	0.3814697265625	-0.20599365234375
7.237	-0.09819580078125001	-0.047900390625000004	9.67827392578125	0.0762939453125	0.244140625	0.03814697265625
7.246	-0.011975097656250001	-0.04071533203125	9.695039062500001	-0.0457763671875	1.06048583984375	-0.1068115234375
7.256	-0.08382568359375	-0.023950195312500002	9.7189892578125	-0.274658203125	1.18255615234375	-0.030517578125
7.265	0.07903564453125	0.0383203125	9.96088623046875	-0.2288818359375	6.69097900390625	0.35858154296875
7.275	0.64905029296875	0.07424560546875	9.702224121093751	0.0762939453125	4.2877197265625	-0.0762939453125
7.284	0.19399658203125	-0.05748046875	9.81718505859375	-0.09918212890625	2.40325927734375	0.12969970703125
7.293	-0.14130615234375002	0.026345214843750003	9.71180419921875	-0.3814697265625	0.6561279296875	-0.1983642578125
7.303	0.045505371093750004	-0.11256591796875001	9.742939453125	-0.02288818359375	0.579833984375	-0.09918212890625
7.312	-0.5245092773437501	0.00239501953125	9.580078125	-0.17547607421875	-0.60272216796875	-0.02288818359375
7.321	-0.22034179687500002	0.0143701171875	9.709409179687501	-0.40435791015625	-1.28173828125	-0.06866455078125
7.331	-1.4034814453125	0.10059082031250001	10.53090087890625	-0.74005126953125	-9.2315673828125	0.3509521484375
7.341	-0.5269042968750001	0.03113525390625	10.166857910156251	-0.1678466796875	-1.59454345703125	0.05340576171875
7.35	-0.0814306640625	-0.00718505859375	9.762099609375001	-0.17547607421875	0.17547607421875	0.0
7.36	-0.1484912109375	-0.0431103515625	9.754914550781251	-0.32806396484375	-0.77056884765625	-0.16021728515625
7.37	-0.08382568359375	-0.0622705078125	9.77886474609375	-0.57220458984375	-0.93841552734375	-0.1373291015625
7.38	-0.050295410156250005	-0.052690429687500005	9.66869384765625	-0.23651123046875	-0.6866455078125	-0.1373291015625
7.39	-0.07903564453125	-0.009580078125	9.71419921875	-0.213623046875	-0.20599365234375	-0.12969970703125
7.4	-0.13651611328125002	-0.03592529296875	9.7573095703125	-0.1220703125	-0.52642822265625	-0.091552734375
7.41	-0.076640625	-0.047900390625000004	9.740544433593751	-0.11444091796875	-0.1373291015625	-0.1068115234375
7.419	-0.10538085937500001	-0.11017089843750001	9.74533447265625	-0.09918212890625	-0.030517578125	-0.20599365234375
7.429	-0.08382568359375	0.009580078125	9.7285693359375	0.091552734375	0.274658203125	-0.1373291015625
7.438	-0.045505371093750004	0.011975097656250001	9.8339501953125	-0.030517578125	0.2899169921875	-0.030517578125
7.447	-0.18441650390625	-0.03592529296875	9.7573095703125	0.0457763671875	0.25177001953125	-0.11444091796875
7.456	-0.13412109375	0.02155517578125	9.69743408203125	0.11444091796875	-0.152587890625	-0.2288818359375
7.465	-0.10059082031250001	-0.03592529296875	9.747729492187501	-0.17547607421875	-0.14495849609375	0.030517578125
