Time	ax	ay	az	gx	gy	gz
0.014	0.0047900390625	-0.10298583984375001	9.7860498046875	-0.32806396484375	-0.1220703125	0.4119873046875
0.022	0.0143701171875	0.011975097656250001	9.83155517578125	-0.25177001953125	-0.1373291015625	0.38909912109375
0.031	0.06945556640625	-0.09580078125000001	9.77886474609375	-0.22125244140625	-0.43487548828125	0.6103515625
0.039	0.028740234375	-0.04071533203125	9.71419921875	0.05340576171875	-0.26702880859375	0.54168701171875
0.048	0.05748046875	-0.05987548828125	9.821975097656251	-0.20599365234375	0.20599365234375	0.457763671875
0.056	0.02155517578125	-0.05748046875	9.81239501953125	-0.03814697265625	-0.1983642578125	0.67901611328125
0.065	0.03592529296875	-0.09580078125000001	9.7573095703125	-0.18310546875	-0.08392333984375	0.69427490234375
0.073	0.045505371093750004	-0.0718505859375	9.79083984375	0.05340576171875	-0.1983642578125	0.5340576171875
0.081	0.08861572265625	-0.06945556640625	9.69743408203125	-0.22125244140625	-0.06866455078125	0.518798828125
0.091	0.0047900390625	-0.05748046875	9.66390380859375	-0.16021728515625	0.03814697265625	0.48065185546875
0.099	0.07424560546875	-0.09340576171875001	9.8435302734375	-0.14495849609375	-0.20599365234375	0.43487548828125
0.107	0.05748046875	-0.07903564453125	9.75012451171875	0.02288818359375	-0.1678466796875	0.61798095703125
0.116	0.047900390625000004	-0.07424560546875	9.754914550781251	-0.0152587890625	-0.14495849609375	0.52642822265625
0.124	0.02155517578125	-0.045505371093750004	9.723779296875	-0.2593994140625	-0.16021728515625	0.46539306640625
0.134	0.0718505859375	-0.13651611328125002	9.762099609375001	-0.34332275390625	-0.17547607421875	0.66375732421875
0.143	0.03592529296875	-0.06466552734375	9.781259765625	-0.03814697265625	0.00762939453125	0.63323974609375
0.151	0.0814306640625	-0.086220703125	9.79802490234375	-0.1678466796875	-0.06866455078125	0.46539306640625
0.16	0.03113525390625	-0.0383203125	9.723779296875	-0.1373291015625	-0.02288818359375	0.396728515625
0.169	0.03113525390625	-0.067060546875	9.72617431640625	-0.2593994140625	-0.20599365234375	0.58746337890625
0.178	0.047900390625000004	-0.11256591796875001	9.687854003906251	-0.29754638671875	-0.05340576171875	0.43487548828125
0.187	0.08861572265625	-0.0622705078125	9.821975097656251	-0.152587890625	-0.09918212890625	0.60272216796875
0.196	0.08861572265625	-0.14130615234375002	9.72138427734375	-0.2288818359375	-0.05340576171875	0.48828125
0.205	0.045505371093750004	-0.124541015625	9.740544433593751	-0.17547607421875	-0.19073486328125	0.49591064453125
0.215	0.023950195312500002	-0.10059082031250001	9.814790039062501	-0.0457763671875	-0.1678466796875	0.26702880859375
0.224	0.055085449218750006	-0.06945556640625	9.76449462890625	-0.0762939453125	-0.1983642578125	0.4425048828125
0.233	0.07903564453125	-0.11735595703125	9.781259765625	-0.0457763671875	-0.22125244140625	0.5035400390625
0.241	0.05748046875	-0.09819580078125001	9.7381494140625	-0.14495849609375	-0.335693359375	0.4425048828125
0.25	0.07903564453125	0.0	9.647138671875	-0.08392333984375	-0.1373291015625	0.3509521484375
0.26	-0.00239501953125	-0.09580078125000001	9.687854003906251	-0.06866455078125	-0.2288818359375	0.4730224609375
0.269	0.12693603515625002	-0.12214599609375	9.72617431640625	-0.2288818359375	-0.3662109375	0.51116943359375
0.277	0.045505371093750004	-0.076640625	9.6231884765625	0.0152587890625	-0.00762939453125	0.29754638671875
0.285	-0.00239501953125	-0.076640625	9.77407470703125	0.03814697265625	-0.23651123046875	0.6866455078125
0.294	0.06466552734375	-0.08382568359375	9.79802490234375	0.0152587890625	-0.14495849609375	0.67138671875
0.303	0.05748046875	-0.067060546875	9.76449462890625	0.06866455078125	0.0457763671875	0.5950927734375
0.312	0.0814306640625	-0.06466552734375	9.7381494140625	-0.1373291015625	-0.28228759765625	0.49591064453125
0.321	0.06945556640625	-0.05748046875	9.704619140625	-0.05340576171875	-0.2593994140625	0.49591064453125
0.329	0.10777587890625001	-0.0431103515625	9.70701416015625	-0.16021728515625	-0.48065185546875	0.5035400390625
0.338	0.052690429687500005	-0.06466552734375	9.7860498046875	0.03814697265625	-0.30517578125	0.3814697265625
0.347	0.028740234375	-0.03113525390625	9.776469726562501	-0.06103515625	-0.6866455078125	0.5950927734375
0.356	0.045505371093750004	-0.0718505859375	9.72617431640625	-0.14495849609375	-0.60272216796875	0.41961669921875
0.365	0.011975097656250001	-0.0431103515625	9.69264404296875	-0.1220703125	-0.54168701171875	0.52642822265625
0.373	0.028740234375	-0.124541015625	9.79083984375	-0.2288818359375	-0.3662109375	0.5035400390625
0.382	0.03592529296875	-0.023950195312500002	9.73575439453125	-0.16021728515625	-0.4119873046875	0.4119873046875
0.392	0.0814306640625	-0.0718505859375	9.7716796875	-0.19073486328125	-0.5645751953125	0.30517578125
0.401	0.13172607421875002	-0.00718505859375	9.742939453125	-0.34332275390625	-0.26702880859375	0.48065185546875
0.41	0.10538085937500001	-0.0431103515625	9.75970458984375	-0.06866455078125	-0.030517578125	0.38909912109375
0.418	0.045505371093750004	-0.06945556640625	9.81	-0.2899169921875	-0.06103515625	0.35858154296875
0.428	0.06466552734375	-0.04071533203125	9.673483886718751	-0.1678466796875	0.0152587890625	0.5035400390625
0.436	0.05748046875	-0.08861572265625	9.77407470703125	-0.05340576171875	-0.0152587890625	0.35858154296875
0.445	0.0383203125	-0.13412109375	9.73096435546875	-0.1373291015625	0.1220703125	0.52642822265625
0.453	0.08382568359375	-0.08861572265625	9.680668945312501	-0.2593994140625	0.0762939453125	0.518798828125
0.462	0.0431103515625	-0.050295410156250005	9.78844482421875	-0.02288818359375	0.0152587890625	0.55694580078125
0.471	0.02155517578125	-0.11256591796875001	9.7716796875	-0.14495849609375	0.00762939453125	0.4425048828125
0.479	0.028740234375	-0.0814306640625	9.793234863281251	-0.20599365234375	0.0152587890625	0.49591064453125
0.488	0.0335302734375	-0.05748046875	9.723779296875	-0.1220703125	0.1678466796875	0.6256103515625
0.496	0.052690429687500005	-0.086220703125	9.7860498046875	-0.28228759765625	0.244140625	0.4119873046875
0.505	0.067060546875	-0.07424560546875	9.769284667968751	-0.08392333984375	0.06103515625	0.457763671875
0.515	0.0814306640625	-0.052690429687500005	9.79802490234375	-0.28228759765625	0.0762939453125	0.5035400390625
0.523	0.04071533203125	-0.09819580078125001	9.70701416015625	-0.1373291015625	-0.16021728515625	0.54168701171875
0.532	0.07903564453125	-0.07903564453125	9.7716796875	-0.12969970703125	0.030517578125	0.5340576171875
0.541	0.047900390625000004	-0.086220703125	9.79083984375	-0.19073486328125	-0.0152587890625	0.58746337890625
0.55	0.076640625	-0.08861572265625	9.77886474609375	-0.16021728515625	-0.16021728515625	0.46539306640625
0.559	0.06466552734375	-0.055085449218750006	9.81	-0.152587890625	0.06103515625	0.457763671875
0.568	-0.0047900390625	-0.028740234375	9.7716796875	-0.17547607421875	-0.28228759765625	0.5950927734375
0.577	0.05987548828125	-0.10777587890625001	9.75251953125	-0.091552734375	-0.22125244140625	0.37384033203125
0.585	0.07903564453125	0.00239501953125	9.71419921875	-0.16021728515625	-0.00762939453125	0.2899169921875
0.594	0.06945556640625	-0.055085449218750006	9.742939453125	-0.06103515625	0.03814697265625	0.57220458984375
0.603	0.0718505859375	-0.07424560546875	9.69264404296875	-0.1678466796875	0.05340576171875	0.5035400390625
0.611	0.09580078125000001	-0.11256591796875001	9.79083984375	0.0457763671875	0.0152587890625	0.5645751953125
0.62	0.09819580078125001	-0.10777587890625001	9.85071533203125	-0.0152587890625	-0.11444091796875	0.518798828125
0.628	0.009580078125	-0.045505371093750004	9.77886474609375	-0.06103515625	-0.16021728515625	0.579833984375
0.637	0.03592529296875	-0.03592529296875	9.71419921875	-0.16021728515625	-0.152587890625	0.701904296875
0.647	0.023950195312500002	-0.08382568359375	9.79083984375	-0.09918212890625	-0.18310546875	0.518798828125
0.656	0.0622705078125	-0.086220703125	9.7716796875	-0.152587890625	-0.0762939453125	0.61798095703125
0.664	0.011975097656250001	-0.0335302734375	9.800419921875001	-0.19073486328125	-0.17547607421875	0.52642822265625
0.673	0.047900390625000004	-0.07424560546875	9.695039062500001	-0.19073486328125	-0.1678466796875	0.5035400390625
0.683	0.0383203125	-0.05748046875	9.776469726562501	-0.05340576171875	0.02288818359375	0.4119873046875
0.691	0.09580078125000001	-0.0622705078125	9.6998291015625	-0.030517578125	-0.06103515625	0.6256103515625
0.699	0.0431103515625	-0.045505371093750004	9.702224121093751	-0.06103515625	-0.0152587890625	0.57220458984375
0.708	0.0383203125	-0.0814306640625	9.75251953125	-0.152587890625	0.02288818359375	0.3509521484375
0.716	0.01676513671875	-0.09580078125000001	9.747729492187501	-0.0457763671875	0.08392333984375	0.54931640625
0.724	0.05748046875	-0.11735595703125	9.73096435546875	-0.19073486328125	-0.091552734375	0.5035400390625
0.734	0.09340576171875001	-0.10298583984375001	9.8483203125	-0.11444091796875	-0.02288818359375	0.49591064453125
0.743	0.023950195312500002	-0.04071533203125	9.733359375000001	-0.091552734375	-0.030517578125	0.58746337890625
0.752	0.050295410156250005	-0.06945556640625	9.83155517578125	-0.17547607421875	-0.00762939453125	0.46539306640625
0.76	0.07903564453125	-0.07903564453125	9.67827392578125	-0.03814697265625	-0.34332275390625	0.40435791015625
0.77	0.06466552734375	-0.08382568359375	9.829160156250001	-0.03814697265625	-0.1983642578125	0.51116943359375
0.779	0.05748046875	-0.07424560546875	9.642348632812501	-0.0457763671875	-0.02288818359375	0.335693359375
0.787	0.011975097656250001	0.01676513671875	9.75970458984375	0.0	-0.14495849609375	0.579833984375
0.795	0.07424560546875	-0.06466552734375	9.84592529296875	-0.03814697265625	-0.0762939453125	0.35858154296875
0.804	0.02155517578125	-0.1484912109375	9.702224121093751	-0.16021728515625	-0.11444091796875	0.48828125
0.814	0.09340576171875001	-0.09819580078125001	9.762099609375001	-0.09918212890625	-0.091552734375	0.5645751953125
0.823	0.05748046875	-0.08382568359375	9.7860498046875	-0.3204345703125	0.05340576171875	0.48065185546875
0.831	0.0431103515625	-0.06466552734375	9.723779296875	-0.0762939453125	0.02288818359375	0.51116943359375
0.84	0.1149609375	-0.009580078125	9.86987548828125	-0.00762939453125	-0.091552734375	0.4425048828125
0.848	0.045505371093750004	-0.07903564453125	9.7668896484375	-0.05340576171875	0.1678466796875	0.5035400390625
0.858	0.00718505859375	-0.1149609375	9.733359375000001	-0.1678466796875	-0.2288818359375	0.58746337890625
0.867	0.08861572265625	0.026345214843750003	9.73096435546875	-0.1373291015625	-0.0457763671875	0.63323974609375
0.875	0.00239501953125	-0.055085449218750006	9.77886474609375	-0.09918212890625	-0.152587890625	0.54168701171875
0.884	0.011975097656250001	-0.07424560546875	9.77407470703125	-0.1983642578125	-0.22125244140625	0.40435791015625
0.892	0.07903564453125	0.0	9.762099609375001	-0.244140625	-0.0457763671875	0.640869140625
0.902	0.08861572265625	-0.06466552734375	9.7381494140625	-0.152587890625	0.030517578125	0.5645751953125
0.91	0.11256591796875001	-0.086220703125	9.7189892578125	-0.32806396484375	-0.0152587890625	0.45013427734375
0.919	0.045505371093750004	-0.04071533203125	9.8052099609375	-0.25177001953125	-0.1068115234375	0.6256103515625
0.928	0.09340576171875001	-0.05748046875	9.78365478515625	-0.1373291015625	-0.1983642578125	0.5035400390625
0.936	0.0047900390625	-0.026345214843750003	9.793234863281251	-0.274658203125	-0.06103515625	0.60272216796875
0.946	0.03592529296875	-0.04071533203125	9.723779296875	-0.14495849609375	0.02288818359375	0.55694580078125
0.954	-0.00239501953125	-0.07903564453125	9.80281494140625	0.02288818359375	-0.0762939453125	0.55694580078125
0.962	0.05748046875	-0.023950195312500002	9.762099609375001	-0.12969970703125	-0.244140625	0.457763671875
0.971	0.076640625	-0.05987548828125	9.857900390625	-0.091552734375	0.06103515625	0.55694580078125
0.979	0.0718505859375	-0.05987548828125	9.76449462890625	0.05340576171875	-0.0152587890625	0.54931640625
0.989	0.11017089843750001	-0.0383203125	9.709409179687501	-0.2593994140625	-0.03814697265625	0.48828125
0.998	-0.01676513671875	-0.067060546875	9.8052099609375	-0.4119873046875	-0.02288818359375	0.48065185546875
1.006	0.09340576171875001	-0.03113525390625	9.7573095703125	-0.29754638671875	-0.06866455078125	0.6103515625
1.016	0.06466552734375	-0.13412109375	9.8052099609375	-0.1678466796875	-0.14495849609375	0.457763671875
1.026	0.04071533203125	-0.07424560546875	9.6519287109375	-0.0152587890625	-0.00762939453125	0.579833984375
1.034	0.0	-0.03592529296875	9.754914550781251	0.1068115234375	0.0152587890625	0.64849853515625
1.042	0.06466552734375	-0.06945556640625	9.685458984375	-0.18310546875	-0.2288818359375	0.396728515625
1.052	0.05748046875	-0.08861572265625	9.716594238281251	0.05340576171875	-0.152587890625	0.66375732421875
1.06	0.10777587890625001	-0.0335302734375	9.704619140625	-0.25177001953125	0.0762939453125	0.45013427734375
1.07	-0.00239501953125	-0.076640625	9.75970458984375	-0.1068115234375	-0.08392333984375	0.457763671875
1.079	0.1293310546875	-0.06466552734375	9.742939453125	-0.2288818359375	-0.00762939453125	0.48828125
1.088	0.1293310546875	-0.00718505859375	9.75251953125	-0.152587890625	-0.091552734375	0.5645751953125
1.098	0.04071533203125	-0.0718505859375	9.75970458984375	-0.152587890625	0.08392333984375	0.579833984375
1.106	0.01676513671875	-0.12214599609375	9.81	-0.1678466796875	-0.08392333984375	0.5340576171875
1.117	0.06945556640625	-0.11735595703125	9.7716796875	-0.03814697265625	-0.17547607421875	0.45013427734375
1.126	0.050295410156250005	-0.009580078125	9.78365478515625	-0.25177001953125	-0.19073486328125	0.35858154296875
1.135	0.076640625	-0.047900390625000004	9.67827392578125	-0.1068115234375	0.03814697265625	0.518798828125
1.143	0.047900390625000004	-0.03592529296875	9.75012451171875	-0.32806396484375	0.0152587890625	0.6256103515625
1.153	0.01916015625	-0.07903564453125	9.819580078125	-0.26702880859375	-0.1068115234375	0.60272216796875
1.162	0.11017089843750001	-0.11735595703125	9.63995361328125	-0.335693359375	0.06103515625	0.579833984375
1.171	0.06466552734375	-0.1580712890625	9.82676513671875	-0.14495849609375	-0.06866455078125	0.6103515625
1.18	0.026345214843750003	-0.10777587890625001	9.716594238281251	-0.18310546875	-0.02288818359375	0.55694580078125
1.189	0.07903564453125	-0.0814306640625	9.67827392578125	-0.0762939453125	-0.0152587890625	0.48065185546875
1.199	0.028740234375	-0.086220703125	9.829160156250001	-0.0762939453125	-0.213623046875	0.29754638671875
1.208	0.03592529296875	-0.067060546875	9.7716796875	-0.030517578125	-0.12969970703125	0.5645751953125
1.217	0.0383203125	-0.14609619140625002	9.81	-0.20599365234375	-0.25177001953125	0.37384033203125
1.226	0.04071533203125	-0.052690429687500005	9.687854003906251	-0.16021728515625	-0.20599365234375	0.396728515625
1.235	0.050295410156250005	-0.13172607421875002	9.81	-0.08392333984375	0.09918212890625	0.43487548828125
1.245	0.06466552734375	-0.086220703125	9.776469726562501	-0.030517578125	-0.12969970703125	0.5035400390625
1.254	0.086220703125	-0.0718505859375	9.81239501953125	-0.28228759765625	0.0	0.640869140625
1.263	0.07903564453125	-0.12693603515625002	9.79802490234375	-0.16021728515625	-0.06866455078125	0.5340576171875
1.272	0.11256591796875001	-0.07903564453125	9.8052099609375	-0.23651123046875	0.0	0.67138671875
1.282	-0.011975097656250001	-0.10777587890625001	9.75012451171875	-0.18310546875	-0.274658203125	0.49591064453125
1.291	0.11735595703125	-0.0622705078125	9.78844482421875	-0.3509521484375	0.06866455078125	0.78582763671875
1.3	0.047900390625000004	-0.067060546875	9.75251953125	-0.09918212890625	-0.14495849609375	0.6103515625
1.309	0.05748046875	-0.09101074218750001	9.80281494140625	-0.0152587890625	0.18310546875	0.3204345703125
1.318	0.0431103515625	-0.10538085937500001	9.7668896484375	-0.03814697265625	-0.08392333984375	0.457763671875
1.328	0.0718505859375	-0.050295410156250005	9.81718505859375	0.0457763671875	-0.1678466796875	0.61798095703125
1.337	0.0718505859375	-0.09819580078125001	9.6998291015625	-0.2593994140625	-0.09918212890625	0.4730224609375
1.346	0.04071533203125	-0.07903564453125	9.7189892578125	-0.030517578125	-0.22125244140625	0.640869140625
1.355	0.05987548828125	-0.067060546875	9.740544433593751	-0.06866455078125	-0.1373291015625	0.3814697265625
1.364	0.0814306640625	-0.08382568359375	9.73096435546875	-0.1983642578125	-0.06103515625	0.54168701171875
1.374	0.07903564453125	-0.0431103515625	9.754914550781251	-0.28228759765625	0.00762939453125	0.48065185546875
1.383	0.00239501953125	-0.11735595703125	9.75012451171875	-0.06103515625	-0.05340576171875	0.51116943359375
1.391	0.00239501953125	-0.076640625	9.7956298828125	-0.1678466796875	-0.03814697265625	0.51116943359375
1.4	0.050295410156250005	-0.086220703125	9.7668896484375	-0.26702880859375	-0.06866455078125	0.5340576171875
1.41	0.08382568359375	-0.028740234375	9.71419921875	-0.2593994140625	-0.09918212890625	0.6103515625
1.419	0.03113525390625	-0.03592529296875	9.7668896484375	-0.06866455078125	0.030517578125	0.51116943359375
1.427	0.045505371093750004	-0.01676513671875	9.814790039062501	-0.06103515625	-0.00762939453125	0.48065185546875
1.436	0.09101074218750001	-0.09580078125000001	9.762099609375001	-0.1068115234375	-0.16021728515625	0.55694580078125
1.445	0.050295410156250005	-0.00718505859375	9.75251953125	-0.09918212890625	-0.03814697265625	0.63323974609375
1.454	0.047900390625000004	-0.05987548828125	9.69743408203125	-0.09918212890625	-0.1678466796875	0.49591064453125
1.463	0.023950195312500002	-0.047900390625000004	9.754914550781251	-0.30517578125	0.030517578125	0.5645751953125
1.472	0.0335302734375	-0.08861572265625	9.7381494140625	-0.14495849609375	-0.1220703125	0.6103515625
1.481	0.0718505859375	-0.052690429687500005	9.73575439453125	-0.3509521484375	-0.02288818359375	0.640869140625
1.49	-0.01916015625	-0.055085449218750006	9.762099609375001	-0.06103515625	0.12969970703125	0.52642822265625
1.5	0.05748046875	-0.05748046875	9.80281494140625	-0.1220703125	-0.244140625	0.518798828125
1.509	0.08861572265625	-0.067060546875	9.829160156250001	-0.3204345703125	-0.0762939453125	0.69427490234375
1.518	0.026345214843750003	-0.07903564453125	9.74533447265625	-0.23651123046875	-0.02288818359375	0.579833984375
1.527	0.07903564453125	-0.0383203125	9.78365478515625	-0.2593994140625	0.0457763671875	0.55694580078125
1.536	0.05748046875	-0.04071533203125	9.7381494140625	-0.3204345703125	0.1220703125	0.58746337890625
1.545	0.0383203125	-0.052690429687500005	9.762099609375001	-0.14495849609375	0.03814697265625	0.7171630859375
1.553	0.0383203125	-0.09101074218750001	9.71419921875	-0.11444091796875	-0.12969970703125	0.75531005859375
1.563	0.076640625	-0.067060546875	9.687854003906251	-0.25177001953125	-0.17547607421875	0.63323974609375
1.572	0.045505371093750004	-0.09580078125000001	9.793234863281251	-0.12969970703125	0.06866455078125	0.579833984375
1.582	0.050295410156250005	-0.0335302734375	9.733359375000001	-0.1220703125	-0.22125244140625	0.3662109375
1.59	0.05748046875	0.011975097656250001	9.7189892578125	-0.030517578125	-0.20599365234375	0.5645751953125
1.599	0.05987548828125	-0.09101074218750001	9.81239501953125	0.030517578125	0.06103515625	0.518798828125
1.607	0.08382568359375	-0.045505371093750004	9.800419921875001	-0.16021728515625	-0.1068115234375	0.67901611328125
1.616	0.0143701171875	-0.0814306640625	9.704619140625	-0.0152587890625	-0.17547607421875	0.579833984375
1.626	0.01916015625	-0.07903564453125	9.7189892578125	0.0152587890625	-0.00762939453125	0.41961669921875
1.635	0.07424560546875	-0.05748046875	9.6902490234375	0.17547607421875	-0.12969970703125	0.54168701171875
1.644	0.10777587890625001	-0.067060546875	9.77886474609375	-0.25177001953125	-0.274658203125	0.4119873046875
1.653	0.0383203125	-0.08861572265625	9.72138427734375	-0.22125244140625	0.0152587890625	0.6256103515625
1.662	0.076640625	-0.055085449218750006	9.7189892578125	-0.152587890625	-0.25177001953125	0.5035400390625
1.672	0.11256591796875001	-0.052690429687500005	9.74533447265625	-0.1983642578125	-0.19073486328125	0.61798095703125
1.681	0.0718505859375	-0.1293310546875	9.680668945312501	-0.34332275390625	-0.17547607421875	0.64849853515625
1.69	0.05748046875	-0.05748046875	9.74533447265625	-0.06866455078125	-0.03814697265625	0.45013427734375
1.699	0.07424560546875	-0.10298583984375001	9.7716796875	-0.09918212890625	0.1220703125	0.35858154296875
1.709	0.00239501953125	-0.076640625	9.781259765625	-0.05340576171875	-0.1373291015625	0.518798828125
1.717	0.028740234375	-0.03592529296875	9.7956298828125	-0.152587890625	-0.1373291015625	0.55694580078125
1.726	0.0718505859375	-0.05748046875	9.742939453125	-0.29754638671875	-0.00762939453125	0.57220458984375
1.735	0.09340576171875001	-0.0143701171875	9.7381494140625	-0.17547607421875	-0.0762939453125	0.64849853515625
1.744	0.05987548828125	-0.055085449218750006	9.74533447265625	-0.213623046875	-0.19073486328125	0.4730224609375
1.754	0.09340576171875001	-0.09101074218750001	9.80281494140625	-0.02288818359375	-0.06103515625	0.58746337890625
1.763	0.05748046875	-0.047900390625000004	9.723779296875	-0.22125244140625	-0.18310546875	0.55694580078125
1.772	0.03592529296875	-0.086220703125	9.7573095703125	-0.1373291015625	-0.14495849609375	0.63323974609375
1.781	0.0622705078125	-0.09101074218750001	9.73575439453125	-0.22125244140625	0.030517578125	0.6256103515625
1.79	0.0814306640625	-0.0383203125	9.687854003906251	-0.22125244140625	0.1373291015625	0.54168701171875
1.8	0.11735595703125	-0.0622705078125	9.73096435546875	-0.152587890625	-0.274658203125	0.701904296875
1.809	0.10059082031250001	-0.0383203125	9.8052099609375	-0.091552734375	0.1220703125	0.67138671875
1.818	0.0431103515625	-0.047900390625000004	9.78365478515625	-0.1678466796875	-0.06103515625	0.5950927734375
1.827	0.03113525390625	-0.0383203125	9.7189892578125	-0.213623046875	0.0457763671875	0.579833984375
1.836	0.10777587890625001	-0.055085449218750006	9.7668896484375	-0.20599365234375	-0.17547607421875	0.60272216796875
1.846	0.05987548828125	-0.08861572265625	9.75970458984375	-0.18310546875	-0.0762939453125	0.640869140625
1.855	0.067060546875	-0.07424560546875	9.81239501953125	-0.17547607421875	-0.06866455078125	0.66375732421875
1.864	0.0335302734375	-0.055085449218750006	9.742939453125	-0.213623046875	-0.00762939453125	0.579833984375
1.873	0.0047900390625	-0.0335302734375	9.7668896484375	-0.0762939453125	0.05340576171875	0.54931640625
1.882	0.009580078125	-0.143701171875	9.75012451171875	-0.12969970703125	0.030517578125	0.640869140625
1.89	0.076640625	-0.09101074218750001	9.65911376953125	-0.16021728515625	-0.0152587890625	0.63323974609375
1.9	0.07903564453125	-0.13412109375	9.829160156250001	-0.244140625	-0.02288818359375	0.579833984375
1.909	0.08861572265625	-0.0814306640625	9.79083984375	-0.1220703125	-0.00762939453125	0.457763671875
1.918	0.0431103515625	-0.07424560546875	9.8339501953125	0.02288818359375	-0.091552734375	0.5645751953125
1.927	0.01676513671875	-0.067060546875	9.819580078125	0.0457763671875	-0.23651123046875	0.48065185546875
1.936	0.08861572265625	-0.09101074218750001	9.747729492187501	-0.02288818359375	-0.18310546875	0.43487548828125
1.945	0.0383203125	-0.09101074218750001	9.807604980468751	-0.17547607421875	-0.1983642578125	0.54168701171875
1.954	0.011975097656250001	-0.067060546875	9.72617431640625	-0.3204345703125	-0.14495849609375	0.4730224609375
1.965	0.05987548828125	-0.05987548828125	9.6998291015625	-0.08392333984375	-0.091552734375	0.3662109375
1.974	0.08382568359375	-0.047900390625000004	9.76449462890625	-0.20599365234375	-0.3204345703125	0.52642822265625
1.983	0.0718505859375	-0.06466552734375	9.740544433593751	-0.31280517578125	-0.17547607421875	0.5035400390625
1.992	0.04071533203125	-0.086220703125	9.687854003906251	0.02288818359375	-0.02288818359375	0.579833984375
2.001	0.07424560546875	-0.067060546875	9.75012451171875	-0.1983642578125	-0.20599365234375	0.5340576171875
2.011	0.011975097656250001	-0.10298583984375001	9.742939453125	-0.17547607421875	-0.02288818359375	0.7476806640625
2.02	0.0	-0.076640625	9.77886474609375	-0.28228759765625	-0.3204345703125	0.46539306640625
2.029	0.055085449218750006	-0.086220703125	9.7716796875	-0.22125244140625	-0.1678466796875	0.49591064453125
2.038	0.055085449218750006	0.0	9.781259765625	-0.0762939453125	-0.091552734375	0.67138671875
2.048	0.047900390625000004	-0.06945556640625	9.84113525390625	-0.17547607421875	-0.02288818359375	0.67138671875
2.056	0.04071533203125	-0.13172607421875002	9.81	-0.23651123046875	-0.091552734375	0.5645751953125
2.066	0.03113525390625	-0.09580078125000001	9.71180419921875	0.08392333984375	-0.1220703125	0.49591064453125
2.074	0.086220703125	-0.026345214843750003	9.716594238281251	-0.20599365234375	-0.1373291015625	0.57220458984375
2.084	0.06945556640625	-0.1149609375	9.6998291015625	-0.091552734375	-0.2288818359375	0.58746337890625
2.094	0.08861572265625	-0.050295410156250005	9.77407470703125	-0.244140625	0.1068115234375	0.55694580078125
2.103	0.055085449218750006	-0.055085449218750006	9.781259765625	-0.28228759765625	0.02288818359375	0.35858154296875
2.111	0.05987548828125	-0.067060546875	9.81239501953125	-0.18310546875	0.00762939453125	0.45013427734375
2.12	0.03113525390625	-0.050295410156250005	9.74533447265625	-0.213623046875	-0.1373291015625	0.40435791015625
2.129	0.01916015625	-0.10298583984375001	9.747729492187501	-0.1678466796875	0.030517578125	0.3662109375
2.139	0.01676513671875	-0.047900390625000004	9.7716796875	-0.17547607421875	-0.0457763671875	0.43487548828125
2.147	0.0431103515625	-0.055085449218750006	9.7573095703125	-0.1068115234375	-0.09918212890625	0.7476806640625
2.156	0.0143701171875	-0.0814306640625	9.742939453125	-0.29754638671875	-0.05340576171875	0.49591064453125
2.165	0.067060546875	-0.0335302734375	9.77886474609375	-0.06866455078125	0.00762939453125	0.6103515625
2.173	0.09580078125000001	-0.08861572265625	9.79802490234375	-0.2899169921875	-0.0457763671875	0.49591064453125
2.184	0.05748046875	-0.05987548828125	9.800419921875001	-0.1373291015625	-0.091552734375	0.60272216796875
2.193	-0.0143701171875	-0.10538085937500001	9.81	-0.0762939453125	-0.23651123046875	0.60272216796875
2.202	0.050295410156250005	-0.086220703125	9.793234863281251	-0.1373291015625	-0.091552734375	0.40435791015625
2.211	0.028740234375	-0.0622705078125	9.80281494140625	-0.2593994140625	-0.03814697265625	0.4730224609375
2.221	0.1149609375	-0.028740234375	9.723779296875	-0.1373291015625	-0.18310546875	0.45013427734375
2.231	0.07903564453125	-0.09101074218750001	9.769284667968751	-0.14495849609375	-0.25177001953125	0.5645751953125
2.24	0.08861572265625	-0.05987548828125	9.7381494140625	-0.06103515625	0.18310546875	0.60272216796875
2.249	0.124541015625	-0.01676513671875	9.77886474609375	-0.11444091796875	-0.14495849609375	0.55694580078125
2.258	0.03592529296875	-0.045505371093750004	9.83155517578125	-0.1220703125	0.02288818359375	0.40435791015625
2.267	0.03592529296875	-0.11017089843750001	9.8339501953125	0.02288818359375	-0.152587890625	0.5950927734375
2.276	0.03592529296875	-0.076640625	9.754914550781251	-0.0457763671875	0.1068115234375	0.640869140625
2.284	-0.00239501953125	-0.0814306640625	9.762099609375001	-0.26702880859375	-0.20599365234375	0.3814697265625
2.294	0.0718505859375	-0.067060546875	9.733359375000001	-0.22125244140625	-0.05340576171875	0.54168701171875
2.304	0.0814306640625	-0.09819580078125001	9.70701416015625	-0.1373291015625	-0.0762939453125	0.60272216796875
2.313	0.10298583984375001	-0.0814306640625	9.7573095703125	-0.0457763671875	-0.03814697265625	0.54931640625
2.322	0.0335302734375	-0.050295410156250005	9.7573095703125	-0.06866455078125	-0.17547607421875	0.54168701171875
2.331	0.00718505859375	-0.0622705078125	9.81	-0.091552734375	0.00762939453125	0.640869140625
2.339	0.09580078125000001	-0.0718505859375	9.747729492187501	-0.23651123046875	-0.1068115234375	0.5035400390625
2.35	0.10059082031250001	-0.052690429687500005	9.71180419921875	-0.29754638671875	-0.09918212890625	0.48828125
2.359	0.067060546875	-0.055085449218750006	9.78365478515625	-0.274658203125	0.0762939453125	0.67138671875
2.368	0.067060546875	-0.05748046875	9.747729492187501	-0.12969970703125	0.20599365234375	0.4119873046875
2.376	0.03592529296875	-0.076640625	9.75251953125	-0.1678466796875	0.09918212890625	0.5035400390625
2.385	0.045505371093750004	-0.0814306640625	9.814790039062501	-0.1678466796875	0.0152587890625	0.57220458984375
2.395	0.06466552734375	-0.08382568359375	9.754914550781251	-0.152587890625	-0.1373291015625	0.64849853515625
2.404	0.08382568359375	-0.06466552734375	9.762099609375001	-0.06866455078125	-0.08392333984375	0.38909912109375
2.413	0.028740234375	-0.050295410156250005	9.84592529296875	-0.244140625	-0.030517578125	0.6256103515625
2.422	0.055085449218750006	-0.13412109375	9.747729492187501	-0.11444091796875	-0.14495849609375	0.51116943359375
2.432	0.10777587890625001	-0.04071533203125	9.680668945312501	-0.1220703125	-0.030517578125	0.64849853515625
2.441	0.03592529296875	-0.086220703125	9.776469726562501	-0.45013427734375	-0.02288818359375	0.42724609375
2.45	0.086220703125	-0.10538085937500001	9.781259765625	-0.2593994140625	-0.16021728515625	0.274658203125
2.459	0.0431103515625	-0.06945556640625	9.704619140625	-0.1068115234375	-0.03814697265625	0.4730224609375
2.469	0.09340576171875001	-0.07424560546875	9.67827392578125	-0.12969970703125	-0.1068115234375	0.75531005859375
2.479	0.08861572265625	-0.03592529296875	9.742939453125	-0.18310546875	-0.2899169921875	0.5950927734375
2.488	0.0718505859375	-0.06466552734375	9.75970458984375	-0.1373291015625	-0.030517578125	0.61798095703125
2.497	0.0622705078125	-0.07424560546875	9.76449462890625	-0.19073486328125	-0.17547607421875	0.42724609375
2.506	0.0335302734375	-0.047900390625000004	9.762099609375001	-0.152587890625	-0.091552734375	0.40435791015625
2.516	-0.00718505859375	-0.1389111328125	9.74533447265625	-0.38909912109375	-0.08392333984375	0.49591064453125
2.526	0.0622705078125	-0.0335302734375	9.74533447265625	-0.40435791015625	-0.2288818359375	0.75531005859375
2.535	0.0431103515625	-0.086220703125	9.74533447265625	-0.1983642578125	-0.06866455078125	0.54931640625
2.544	0.1389111328125	-0.06466552734375	9.8339501953125	-0.1983642578125	-0.00762939453125	0.6103515625
2.553	0.1149609375	-0.02155517578125	9.85550537109375	-0.32806396484375	-0.030517578125	0.4730224609375
2.563	0.0431103515625	-0.12693603515625002	9.800419921875001	-0.43487548828125	-0.09918212890625	0.7171630859375
2.572	0.02155517578125	-0.047900390625000004	9.7668896484375	-0.12969970703125	-0.08392333984375	0.51116943359375
2.581	0.052690429687500005	-0.11735595703125	9.781259765625	-0.1373291015625	-0.03814697265625	0.67901611328125
2.59	0.06945556640625	-0.09340576171875001	9.75012451171875	-0.20599365234375	-0.19073486328125	0.66375732421875
2.599	0.047900390625000004	-0.0143701171875	9.79802490234375	-0.29754638671875	0.08392333984375	0.457763671875
2.609	0.11017089843750001	-0.07424560546875	9.75012451171875	-0.2288818359375	-0.00762939453125	0.35858154296875
2.618	0.05748046875	-0.10059082031250001	9.69743408203125	-0.18310546875	0.06866455078125	0.5950927734375
2.626	0.0	-0.067060546875	9.627978515625001	-0.030517578125	-0.06103515625	0.49591064453125
2.635	0.02155517578125	-0.055085449218750006	9.73575439453125	-0.30517578125	-0.23651123046875	0.5340576171875
2.644	0.1197509765625	-0.045505371093750004	9.733359375000001	-0.19073486328125	-0.00762939453125	0.46539306640625
2.654	0.0718505859375	-0.08382568359375	9.81	-0.17547607421875	-0.0152587890625	0.396728515625
2.663	0.050295410156250005	-0.086220703125	9.740544433593751	-0.20599365234375	-0.1983642578125	0.42724609375
2.672	0.05748046875	-0.09580078125000001	9.800419921875001	-0.06866455078125	-0.0152587890625	0.518798828125
2.681	0.028740234375	-0.05987548828125	9.75012451171875	-0.11444091796875	-0.18310546875	0.48065185546875
2.691	0.0814306640625	-0.047900390625000004	9.7189892578125	-0.20599365234375	-0.0457763671875	0.55694580078125
2.7	-0.02155517578125	-0.0814306640625	9.6998291015625	-0.22125244140625	-0.14495849609375	0.6103515625
2.709	0.07424560546875	-0.0383203125	9.776469726562501	0.00762939453125	-0.152587890625	0.43487548828125
2.718	0.10538085937500001	-0.01916015625	9.685458984375	-0.20599365234375	-0.28228759765625	0.67901611328125
2.727	0.04071533203125	-0.026345214843750003	9.800419921875001	-0.29754638671875	0.03814697265625	0.41961669921875
2.736	0.03592529296875	-0.01916015625	9.704619140625	-0.0762939453125	0.03814697265625	0.51116943359375
2.745	0.1149609375	-0.10059082031250001	9.77886474609375	-0.23651123046875	-0.14495849609375	0.4425048828125
2.754	0.09340576171875001	-0.07424560546875	9.75970458984375	0.030517578125	-0.091552734375	0.42724609375
2.763	0.0622705078125	-0.0335302734375	9.80281494140625	-0.25177001953125	-0.22125244140625	0.66375732421875
2.772	0.0718505859375	-0.07424560546875	9.82676513671875	-0.213623046875	-0.11444091796875	0.42724609375
2.782	0.06466552734375	-0.045505371093750004	9.72617431640625	-0.16021728515625	-0.05340576171875	0.701904296875
2.791	0.028740234375	-0.07903564453125	9.781259765625	-0.30517578125	-0.2593994140625	0.48828125
2.8	0.047900390625000004	-0.03113525390625	9.73096435546875	-0.213623046875	-0.1068115234375	0.5340576171875
2.809	0.09580078125000001	-0.0718505859375	9.75970458984375	-0.030517578125	-0.1068115234375	0.4730224609375
2.819	0.10538085937500001	-0.09580078125000001	9.77407470703125	-0.03814697265625	-0.213623046875	0.5035400390625
2.829	0.09580078125000001	-0.05987548828125	9.77886474609375	-0.17547607421875	-0.4425048828125	0.46539306640625
2.838	0.055085449218750006	-0.10538085937500001	9.68306396484375	-0.1678466796875	-0.1373291015625	0.6866455078125
2.847	0.1293310546875	-0.086220703125	9.769284667968751	-0.12969970703125	-0.18310546875	0.42724609375
2.856	0.07903564453125	-0.05748046875	9.7860498046875	-0.11444091796875	0.03814697265625	0.72479248046875
2.866	0.08861572265625	-0.11256591796875001	9.740544433593751	-0.02288818359375	-0.12969970703125	0.54931640625
2.875	0.050295410156250005	-0.023950195312500002	9.814790039062501	-0.18310546875	0.0	0.29754638671875
2.884	0.08861572265625	-0.076640625	9.7189892578125	-0.17547607421875	-0.17547607421875	0.5340576171875
2.893	-0.0047900390625	-0.009580078125	9.742939453125	-0.1983642578125	-0.12969970703125	0.40435791015625
2.903	0.03592529296875	-0.0622705078125	9.72617431640625	-0.1220703125	-0.05340576171875	0.54931640625
2.912	0.0383203125	-0.047900390625000004	9.81239501953125	-0.1983642578125	0.08392333984375	0.5035400390625
2.92	0.08382568359375	-0.023950195312500002	9.702224121093751	-0.152587890625	-0.274658203125	0.26702880859375
2.93	0.076640625	-0.09819580078125001	9.68306396484375	-0.06103515625	0.0457763671875	0.64849853515625
2.938	0.13172607421875002	-0.0718505859375	9.8339501953125	-0.18310546875	0.2288818359375	0.5035400390625
2.948	0.11735595703125	-0.1293310546875	9.807604980468751	-0.030517578125	-0.06103515625	0.5035400390625
2.957	-0.009580078125	-0.12214599609375	9.76449462890625	-0.25177001953125	-0.11444091796875	0.57220458984375
2.967	0.06466552734375	-0.10538085937500001	9.7668896484375	0.0	-0.17547607421875	0.640869140625
2.975	0.0814306640625	-0.0718505859375	9.71419921875	-0.23651123046875	0.00762939453125	0.52642822265625
2.984	0.026345214843750003	-0.0383203125	9.800419921875001	-0.14495849609375	-0.22125244140625	0.51116943359375
2.994	0.08861572265625	-0.04071533203125	9.75012451171875	-0.2288818359375	-0.0762939453125	0.54168701171875
3.003	0.086220703125	-0.06466552734375	9.71419921875	-0.16021728515625	-0.02288818359375	0.57220458984375
3.012	0.11017089843750001	-0.0431103515625	9.742939453125	-0.06866455078125	-0.030517578125	0.60272216796875
3.021	0.052690429687500005	-0.076640625	9.71180419921875	-0.1068115234375	0.08392333984375	0.42724609375
3.031	0.01916015625	-0.0431103515625	9.8339501953125	-0.18310546875	-0.22125244140625	0.5340576171875
3.04	0.07424560546875	-0.08382568359375	9.81	0.00762939453125	-0.1068115234375	0.52642822265625
3.049	0.050295410156250005	-0.05748046875	9.742939453125	-0.213623046875	-0.34332275390625	0.57220458984375
3.058	0.0718505859375	-0.09101074218750001	9.7573095703125	-0.0152587890625	-0.32806396484375	0.4119873046875
3.067	0.011975097656250001	-0.0431103515625	9.7716796875	-0.17547607421875	-0.00762939453125	0.43487548828125
3.076	0.067060546875	-0.047900390625000004	9.75251953125	-0.152587890625	-0.06103515625	0.3814697265625
3.085	0.050295410156250005	-0.023950195312500002	9.78365478515625	-0.17547607421875	0.0762939453125	0.57220458984375
3.094	0.09340576171875001	-0.0622705078125	9.81718505859375	-0.091552734375	-0.152587890625	0.70953369140625
3.104	0.086220703125	-0.1149609375	9.7860498046875	-0.17547607421875	-0.1220703125	0.52642822265625
3.113	0.05748046875	-0.045505371093750004	9.740544433593751	-0.14495849609375	-0.1678466796875	0.32806396484375
3.123	0.09819580078125001	-0.0622705078125	9.77407470703125	-0.1220703125	-0.06103515625	0.49591064453125
3.132	0.026345214843750003	-0.18920654296875	9.742939453125	-0.22125244140625	0.08392333984375	0.58746337890625
3.141	0.026345214843750003	-0.0335302734375	9.781259765625	-0.16021728515625	0.0457763671875	0.5645751953125
3.149	-0.02155517578125	-0.076640625	9.754914550781251	-0.1220703125	0.02288818359375	0.66375732421875
3.159	0.1293310546875	-0.09340576171875001	9.82676513671875	-0.11444091796875	-0.17547607421875	0.55694580078125
3.168	0.076640625	-0.09580078125000001	9.80281494140625	-0.12969970703125	-0.02288818359375	0.55694580078125
3.177	0.124541015625	0.0047900390625	9.7189892578125	-0.08392333984375	-0.0457763671875	0.6103515625
3.186	0.026345214843750003	-0.09819580078125001	9.716594238281251	-0.091552734375	0.06103515625	0.6866455078125
3.195	0.11735595703125	-0.07424560546875	9.716594238281251	-0.1983642578125	-0.091552734375	0.6866455078125
3.205	0.086220703125	0.03113525390625	9.77886474609375	-0.1373291015625	-0.11444091796875	0.5340576171875
3.214	0.09580078125000001	-0.009580078125	9.704619140625	-0.152587890625	-0.02288818359375	0.61798095703125
3.223	0.0335302734375	-0.047900390625000004	9.8339501953125	-0.091552734375	-0.00762939453125	0.54931640625
3.231	0.11017089843750001	-0.11256591796875001	9.75251953125	-0.213623046875	0.06103515625	0.46539306640625
3.24	-0.01916015625	-0.06945556640625	9.7381494140625	-0.1678466796875	-0.030517578125	0.46539306640625
3.25	-0.00718505859375	-0.045505371093750004	9.7381494140625	-0.29754638671875	-0.0457763671875	0.4730224609375
3.259	0.1197509765625	-0.03113525390625	9.81718505859375	-0.26702880859375	-0.1068115234375	0.46539306640625
3.268	0.11256591796875001	-0.0814306640625	9.78365478515625	-0.0457763671875	-0.06866455078125	0.48828125
3.277	0.07903564453125	-0.05748046875	9.70701416015625	-0.18310546875	-0.06103515625	0.4425048828125
3.287	0.01676513671875	-0.023950195312500002	9.66869384765625	-0.11444091796875	0.06103515625	0.518798828125
3.296	0.028740234375	-0.086220703125	9.685458984375	-0.213623046875	-0.152587890625	0.579833984375
3.305	0.047900390625000004	-0.0383203125	9.793234863281251	-0.28228759765625	-0.152587890625	0.67138671875
3.314	0.08861572265625	-0.08382568359375	9.84113525390625	-0.23651123046875	-0.02288818359375	0.37384033203125
3.323	0.0718505859375	-0.07903564453125	9.79802490234375	-0.29754638671875	0.091552734375	0.457763671875
3.333	0.076640625	-0.1389111328125	9.7668896484375	-0.05340576171875	0.1068115234375	0.51116943359375
3.342	0.04071533203125	-0.08382568359375	9.77886474609375	-0.32806396484375	-0.14495849609375	0.457763671875
3.351	0.09340576171875001	-0.009580078125	9.7381494140625	-0.22125244140625	-0.12969970703125	0.6256103515625
3.36	0.050295410156250005	-0.0814306640625	9.79802490234375	-0.09918212890625	0.02288818359375	0.5035400390625
3.369	0.09580078125000001	-0.09819580078125001	9.71419921875	-0.1068115234375	-0.11444091796875	0.6561279296875
3.379	0.03113525390625	-0.03113525390625	9.81239501953125	-0.19073486328125	0.0152587890625	0.49591064453125
3.387	0.028740234375	-0.076640625	9.75970458984375	-0.17547607421875	0.08392333984375	0.57220458984375
3.396	0.10777587890625001	-0.028740234375	9.807604980468751	0.0457763671875	-0.34332275390625	0.579833984375
3.405	0.08861572265625	-0.055085449218750006	9.747729492187501	-0.2288818359375	-0.14495849609375	0.48828125
3.415	0.08861572265625	-0.09340576171875001	9.71419921875	-0.19073486328125	-0.030517578125	0.54168701171875
3.424	0.05987548828125	-0.03113525390625	9.781259765625	-0.03814697265625	0.09918212890625	0.51116943359375
3.433	0.023950195312500002	-0.08861572265625	9.6902490234375	-0.2288818359375	0.18310546875	0.58746337890625
3.442	0.0622705078125	-0.076640625	9.821975097656251	-0.09918212890625	-0.08392333984375	0.43487548828125
3.451	0.067060546875	-0.028740234375	9.7716796875	-0.25177001953125	0.03814697265625	0.54168701171875
3.461	0.08382568359375	-0.076640625	9.7381494140625	-0.14495849609375	-0.05340576171875	0.45013427734375
3.47	0.03113525390625	-0.11735595703125	9.781259765625	-0.38909912109375	-0.06103515625	0.6256103515625
3.479	0.07903564453125	-0.067060546875	9.7860498046875	-0.1373291015625	-0.244140625	0.43487548828125
3.488	0.05987548828125	-0.10298583984375001	9.69743408203125	-0.213623046875	-0.23651123046875	0.41961669921875
3.499	0.086220703125	-0.08382568359375	9.75970458984375	-0.08392333984375	-0.213623046875	0.4119873046875
3.508	0.03592529296875	-0.0383203125	9.7668896484375	-0.16021728515625	-0.16021728515625	0.60272216796875
3.517	0.09101074218750001	-0.09340576171875001	9.75251953125	-0.4119873046875	-0.274658203125	0.579833984375
3.526	0.06466552734375	-0.08861572265625	9.75251953125	-0.17547607421875	0.0152587890625	0.457763671875
3.535	0.00239501953125	-0.050295410156250005	9.70701416015625	-0.25177001953125	-0.23651123046875	0.4425048828125
3.545	-0.0047900390625	-0.04071533203125	9.72617431640625	-0.335693359375	-0.28228759765625	0.48828125
3.554	0.086220703125	-0.050295410156250005	9.80281494140625	-0.30517578125	-0.17547607421875	0.67138671875
3.563	0.00718505859375	-0.124541015625	9.72617431640625	-0.3662109375	-0.2288818359375	0.63323974609375
3.572	0.0718505859375	-0.0718505859375	9.75970458984375	-0.18310546875	-0.05340576171875	0.58746337890625
3.581	0.09340576171875001	-0.08861572265625	9.716594238281251	-0.2288818359375	-0.0762939453125	0.58746337890625
3.592	0.05987548828125	-0.08861572265625	9.71180419921875	-0.2593994140625	-0.244140625	0.58746337890625
3.601	0.06466552734375	-0.10059082031250001	9.747729492187501	-0.29754638671875	-0.38909912109375	0.58746337890625
3.61	0.028740234375	-0.026345214843750003	9.75012451171875	-0.12969970703125	-0.48065185546875	0.49591064453125
3.619	0.12214599609375	-0.0383203125	9.747729492187501	-0.4425048828125	-0.457763671875	0.61798095703125
3.629	0.10298583984375001	-0.055085449218750006	9.73096435546875	-0.3204345703125	-0.60272216796875	0.518798828125
3.639	0.06466552734375	-0.0622705078125	9.75251953125	-0.396728515625	-0.89263916015625	0.6256103515625
3.648	0.0383203125	-0.045505371093750004	9.77886474609375	-0.46539306640625	-0.74005126953125	0.4730224609375
3.657	0.0622705078125	-0.052690429687500005	9.75012451171875	-0.6103515625	-1.09100341796875	0.57220458984375
3.667	0.086220703125	-0.086220703125	9.7956298828125	-0.2899169921875	-1.03759765625	0.67901611328125
3.677	0.028740234375	-0.09819580078125001	9.762099609375001	-0.45013427734375	-0.8087158203125	0.61798095703125
3.687	0.09340576171875001	-0.0383203125	9.8243701171875	-0.29754638671875	-1.01470947265625	0.45013427734375
3.696	0.09101074218750001	0.03113525390625	9.89861572265625	-0.58746337890625	-1.67083740234375	0.5950927734375
3.705	0.17244140625	-0.03592529296875	9.77407470703125	-0.274658203125	-0.2288818359375	0.6561279296875
3.715	0.05987548828125	-0.052690429687500005	9.762099609375001	-0.08392333984375	-0.37384033203125	0.57220458984375
3.725	0.0718505859375	-0.09340576171875001	9.754914550781251	-0.3204345703125	-0.8392333984375	0.58746337890625
3.734	0.10059082031250001	-0.050295410156250005	9.793234863281251	-0.244140625	-0.54931640625	0.60272216796875
3.743	0.10298583984375001	-0.10298583984375001	9.85071533203125	-0.08392333984375	-0.2899169921875	0.54931640625
3.753	0.2442919921875	-0.076640625	9.776469726562501	-0.3204345703125	-0.213623046875	0.518798828125
3.763	0.09101074218750001	-0.0814306640625	9.81	-0.14495849609375	-0.06866455078125	0.48828125
3.772	0.0622705078125	-0.086220703125	9.829160156250001	0.11444091796875	-0.67138671875	0.6256103515625
3.781	-0.0431103515625	-0.0335302734375	9.92256591796875	-0.08392333984375	-1.28173828125	0.6866455078125
3.791	0.0718505859375	-0.05987548828125	9.73096435546875	-0.02288818359375	-0.67901611328125	0.823974609375
3.801	0.050295410156250005	-0.10298583984375001	9.829160156250001	0.0	-0.6561279296875	0.66375732421875
3.809	0.0047900390625	-0.10059082031250001	9.709409179687501	-0.03814697265625	-1.57928466796875	0.67901611328125
3.818	0.07424560546875	-0.09580078125000001	9.73575439453125	0.03814697265625	-0.4425048828125	0.69427490234375
3.827	0.009580078125	0.02155517578125	9.853110351562501	0.17547607421875	-1.25885009765625	0.74005126953125
3.836	-0.009580078125	-0.028740234375	9.85550537109375	0.06103515625	-1.35040283203125	0.732421875
3.846	0.15088623046875002	-0.07903564453125	9.742939453125	0.0457763671875	-1.129150390625	0.7781982421875
3.855	0.26105712890625	-0.1149609375	9.7956298828125	0.3509521484375	-0.0152587890625	0.8087158203125
3.864	0.06945556640625	-0.1197509765625	9.81239501953125	0.244140625	-0.69427490234375	0.70953369140625
3.874	0.5987548828125	-0.08382568359375	9.53936279296875	-0.03814697265625	1.9683837890625	1.06048583984375
3.885	0.21555175781250002	-0.59396484375	9.69264404296875	-0.3204345703125	-0.77056884765625	0.55694580078125
3.894	0.19160156250000002	-0.07424560546875	9.838740234375	0.03814697265625	-0.72479248046875	0.9765625
3.903	0.0814306640625	-0.45026367187500005	9.709409179687501	-0.02288818359375	-0.9002685546875	1.12152099609375
3.913	-0.052690429687500005	-0.25387207031250003	9.8243701171875	-0.244140625	-1.67083740234375	2.70843505859375
3.924	0.28740234375	-0.6945556640625	9.7716796875	-0.32806396484375	-1.09100341796875	2.58636474609375
3.934	0.37601806640625	-0.6682104492187501	9.72617431640625	-0.1373291015625	0.885009765625	3.74603271484375
3.945	0.12693603515625002	-0.852626953125	9.814790039062501	-0.4425048828125	-1.21307373046875	3.65447998046875
3.954	0.11735595703125	-1.3843212890625	9.912985839843751	-0.52642822265625	-1.46484375	0.70953369140625
3.965	0.31853759765625	-0.95082275390625	9.814790039062501	-0.1373291015625	-0.83160400390625	-1.64794921875
3.976	-0.28500732421875	-0.8765771484375	9.71419921875	-0.42724609375	-1.38092041015625	-0.25177001953125
3.986	0.05748046875	-0.83586181640625	9.72617431640625	-0.244140625	-1.129150390625	-1.94549560546875
3.996	0.1580712890625	-1.0298583984375	9.680668945312501	-0.1678466796875	-0.06103515625	-5.3863525390625
4.007	-0.03592529296875	-0.9915380859375	9.81	-0.2899169921875	-0.20599365234375	-4.1351318359375
4.018	-0.15088623046875002	-0.9915380859375	9.800419921875001	-0.16021728515625	-1.190185546875	-2.58636474609375
4.028	0.25147705078125	-0.85502197265625	9.821975097656251	-0.23651123046875	-0.1983642578125	-0.8544921875
4.038	-0.14609619140625002	-0.99393310546875	9.742939453125	-0.02288818359375	-0.42724609375	-0.1983642578125
4.048	-0.04071533203125	-0.99872314453125	9.8052099609375	0.030517578125	-0.12969970703125	-0.19073486328125
4.058	0.0718505859375	-0.910107421875	9.829160156250001	0.030517578125	0.091552734375	1.800537109375
4.068	-0.16525634765625	-1.08494384765625	9.754914550781251	-0.2593994140625	0.58746337890625	4.49371337890625
4.078	-0.21555175781250002	-1.18553466796875	9.793234863281251	-0.18310546875	0.2288818359375	6.64520263671875
4.087	-0.29458740234375	-1.08494384765625	9.82676513671875	0.1068115234375	0.2288818359375	9.10186767578125
4.098	0.0	-1.3867163085937502	9.8483203125	-0.2288818359375	0.4119873046875	10.23101806640625
4.108	0.18920654296875	-1.676513671875	9.819580078125	-0.1220703125	-0.57220458984375	10.30731201171875
4.118	0.3065625	-1.5232324218750002	9.73575439453125	-0.38909912109375	-0.78582763671875	10.009765625
4.129	0.14130615234375002	-1.5855029296875	9.776469726562501	-0.20599365234375	-0.6866455078125	10.19287109375
4.14	-0.21555175781250002	-1.1927197265625	9.9249609375	-0.08392333984375	-1.068115234375	11.03973388671875
4.151	-0.10298583984375001	-1.8609301757812502	9.78844482421875	-0.52642822265625	-0.9307861328125	13.153076171875
4.161	0.229921875	-1.7483642578125	9.84113525390625	-0.6561279296875	-0.69427490234375	11.993408203125
4.171	-0.0047900390625	-1.9591259765625002	9.857900390625	-0.4425048828125	-0.4425048828125	9.95635986328125
4.182	0.2347119140625	-1.9399658203125	9.740544433593751	-0.0152587890625	-0.8087158203125	6.53839111328125
4.192	0.03592529296875	-1.983076171875	9.66869384765625	0.43487548828125	-1.6632080078125	1.6937255859375
4.201	0.39996826171875	-1.8489550781250002	9.79802490234375	0.43487548828125	-0.6256103515625	-6.3629150390625
4.211	0.36164794921875004	-1.36755615234375	9.75970458984375	0.05340576171875	-0.46539306640625	-8.8958740234375
4.222	-0.15328125	-1.0921289062500001	9.73096435546875	0.213623046875	-0.29754638671875	-9.613037109375
4.233	-0.0143701171875	-0.8406518554687501	9.807604980468751	-0.11444091796875	0.4119873046875	-8.91876220703125
4.243	-0.8214916992187501	-0.6753955078125	9.807604980468751	-0.00762939453125	1.91497802734375	-3.02886962890625
4.254	-0.97477294921875	-0.6179150390625	9.7573095703125	-0.244140625	2.197265625	1.2664794921875
4.264	-0.622705078125	-0.30177246093750004	9.89861572265625	-0.9002685546875	2.44140625	7.77435302734375
4.275	0.12693603515625002	-0.55803955078125	9.8052099609375	0.19073486328125	2.288818359375	4.638671875
4.284	0.27063720703125	-0.718505859375	9.800419921875001	0.030517578125	1.4495849609375	1.79290771484375
4.294	0.50055908203125	-0.8047265625000001	9.754914550781251	0.213623046875	1.64031982421875	-4.08172607421875
4.304	0.34248779296875004	-0.7280859375000001	9.86508544921875	-0.23651123046875	0.49591064453125	-6.89697265625
4.315	0.10298583984375001	-0.5053491210937501	9.7860498046875	-0.6256103515625	1.0528564453125	-7.0037841796875
4.325	-0.00239501953125	-0.6059399414062501	9.71419921875	-1.129150390625	1.47247314453125	-0.7781982421875
4.335	0.05748046875	-0.67060546875	9.97525634765625	-0.8544921875	-0.19073486328125	0.96893310546875
4.345	0.0431103515625	-0.10538085937500001	9.8626904296875	-0.90789794921875	-0.885009765625	1.556396484375
4.356	0.53408935546875	-0.661025390625	9.77407470703125	-0.8087158203125	0.2899169921875	2.28118896484375
4.365	0.21794677734375	-0.3209326171875	9.896220703125001	-0.6256103515625	0.11444091796875	-3.77655029296875
4.376	0.54366943359375	-0.79275146484375	9.8052099609375	-0.31280517578125	0.86212158203125	-4.73785400390625
4.386	0.21794677734375	-0.60114990234375	9.769284667968751	-0.70953369140625	1.03759765625	-7.98797607421875
4.397	0.009580078125	-0.5269042968750001	9.762099609375001	-0.43487548828125	1.373291015625	-7.9498291015625
4.407	-0.12693603515625002	-0.44307861328125003	9.69264404296875	-0.06866455078125	1.190185546875	-8.35418701171875
4.416	0.00718505859375	-0.59635986328125	9.836345214843751	0.0152587890625	0.640869140625	-9.08660888671875
4.426	0.2347119140625	-0.52929931640625	9.72617431640625	-0.28228759765625	-0.030517578125	-10.498046875
4.436	0.40236328125000004	-0.83107177734375	9.7189892578125	-0.274658203125	0.26702880859375	-13.092041015625
4.448	0.3448828125	-0.99872314453125	9.81239501953125	-0.41961669921875	-0.40435791015625	-15.75469970703125
4.458	0.24908203125	-0.890947265625	9.8483203125	-0.60272216796875	-0.08392333984375	-16.9677734375
4.468	0.055085449218750006	-0.9580078125	9.781259765625	-0.3662109375	0.0152587890625	-17.88330078125
4.478	-0.28979736328125	-0.76880126953125	9.814790039062501	-0.14495849609375	-0.335693359375	-16.845703125
4.49	-0.22034179687500002	-0.76880126953125	9.829160156250001	-0.1983642578125	-0.05340576171875	-15.75469970703125
4.5	-0.26345214843750003	-0.5652246093750001	9.793234863281251	0.06103515625	-0.1983642578125	-12.87078857421875
4.51	-0.3400927734375	-0.7640112304687501	9.78844482421875	0.12969970703125	-0.4425048828125	-13.37432861328125
4.521	0.335302734375	-0.6059399414062501	9.793234863281251	-0.75531005859375	-1.6326904296875	-9.27734375
4.532	-0.08861572265625	-1.02746337890625	9.7956298828125	-0.1678466796875	1.44195556640625	-11.53564453125
4.543	-0.19160156250000002	-0.77838134765625	9.776469726562501	-0.45013427734375	0.335693359375	-15.1214599609375
4.553	0.10059082031250001	-0.8646020507812501	9.742939453125	-0.20599365234375	0.92315673828125	-17.87567138671875
4.564	-0.49576904296875	-0.6251000976562501	9.63037353515625	0.32806396484375	-0.1983642578125	-12.03155517578125
4.575	-0.052690429687500005	-0.6179150390625	9.769284667968751	0.23651123046875	0.16021728515625	-13.3056640625
4.585	0.04071533203125	-0.76880126953125	9.67587890625	-0.1220703125	-0.6103515625	-12.359619140625
4.595	0.1293310546875	-0.95561279296875	9.742939453125	-0.18310546875	0.43487548828125	-14.678955078125
4.606	0.5077441406250001	-1.005908203125	9.6998291015625	-1.434326171875	-0.32806396484375	-16.76177978515625
4.617	0.239501953125	-1.4322216796875	9.455537109375001	-1.48773193359375	-3.68499755859375	-14.76287841796875
4.628	-0.5029541015625	0.09101074218750001	9.9680712890625	-6.78253173828125	-2.716064453125	-3.28826904296875
4.638	-0.13172607421875002	-0.1149609375	9.704619140625	1.0223388671875	-2.18963623046875	-3.08990478515625
4.648	0.06945556640625	-0.58198974609375	9.86987548828125	0.49591064453125	-0.48828125	-9.613037109375
4.66	0.64905029296875	-0.6442602539062501	9.73096435546875	-1.35040283203125	-0.09918212890625	-15.19775390625
4.67	0.7616162109375001	-0.28021728515625	9.582473144531251	-0.20599365234375	1.18255615234375	-17.43316650390625
4.68	0.40475830078125	-0.27303222656250004	9.7285693359375	0.2899169921875	2.15911865234375	-21.728515625
4.691	0.39038818359375	-0.5460644531250001	9.60642333984375	1.33514404296875	4.99725341796875	-29.47998046875
4.702	0.3113525390625	-0.5221142578125	9.80281494140625	1.02996826171875	3.9215087890625	-37.23907470703125
4.712	0.2347119140625	-0.20118164062500002	9.92256591796875	0.8087158203125	2.410888671875	-41.534423828125
4.722	-0.11256591796875001	0.1484912109375	9.838740234375	0.26702880859375	2.5787353515625	-43.19000244140625
4.732	-0.12693603515625002	0.32332763671875003	9.853110351562501	0.20599365234375	1.556396484375	-39.6728515625
4.743	-0.1293310546875	0.45744873046875	9.762099609375001	0.14495849609375	1.953125	-35.60638427734375
4.753	-0.12693603515625002	0.7041357421875001	9.75012451171875	0.6866455078125	2.25830078125	-32.89794921875
4.762	0.0	0.67779052734375	9.81239501953125	0.396728515625	2.17437744140625	-30.120849609375
4.772	0.40236328125000004	0.28740234375	9.75970458984375	0.9002685546875	1.27410888671875	-27.6947021484375
4.783	0.7472460937500001	0.16046630859375	9.65911376953125	0.823974609375	0.32806396484375	-30.11322021484375
4.793	0.63468017578125	-0.10298583984375001	9.838740234375	-0.05340576171875	-0.48065185546875	-35.46142578125
4.803	0.795146484375	0.086220703125	9.814790039062501	-0.213623046875	-0.11444091796875	-35.2630615234375
4.813	0.661025390625	0.07903564453125	9.79802490234375	-0.05340576171875	0.63323974609375	-32.96661376953125
4.823	0.3975732421875	0.51732421875	9.79083984375	0.40435791015625	-0.06103515625	-30.0140380859375
4.834	-0.93884765625	0.5700146484375	10.54527099609375	0.66375732421875	-1.12152099609375	-27.64129638671875
4.844	0.2682421875	0.61552001953125	9.704619140625	0.30517578125	-1.35040283203125	-25.77972412109375
4.854	0.3784130859375	0.7616162109375001	9.75012451171875	0.244140625	-0.6103515625	-28.26690673828125
4.864	0.54366943359375	0.335302734375	9.695039062500001	0.3509521484375	-0.69427490234375	-25.421142578125
4.875	0.63468017578125	0.81191162109375	9.723779296875	-0.4730224609375	-0.29754638671875	-24.7344970703125
4.885	0.22752685546875	1.1735595703125001	9.666298828125	-0.274658203125	0.274658203125	-22.369384765625
4.895	0.25626708984375	1.4705419921875	9.71419921875	-0.17547607421875	-1.07574462890625	-14.9993896484375
4.905	0.0047900390625	1.88009033203125	9.6710888671875	-0.1220703125	-1.5869140625	-13.43536376953125
4.917	-0.26105712890625	1.6693286132812502	9.814790039062501	-1.25885009765625	-2.44903564453125	-9.97161865234375
4.927	0.009580078125	2.0812719726562503	9.6040283203125	-0.64849853515625	0.25177001953125	-9.0789794921875
4.936	0.17244140625	1.829794921875	9.723779296875	-0.23651123046875	0.61798095703125	-8.68988037109375
4.947	-0.45265869140625004	2.0836669921875	9.436376953125	-0.28228759765625	1.62506103515625	-9.185791015625
4.958	0.13172607421875002	2.31119384765625	9.7860498046875	-0.92315673828125	0.30517578125	-9.5367431640625
4.968	-0.4167333984375	2.51237548828125	9.73575439453125	-0.40435791015625	0.946044921875	-8.9569091796875
4.979	-2.8596533203125003	7.189848632812501	9.48667236328125	-0.244140625	-2.3956298828125	7.24029541015625
4.989	-3.4536181640625	6.95513671875	9.53936279296875	0.19073486328125	0.7476806640625	22.56011962890625
5.0	-0.7256909179687501	4.80919921875	9.649533691406251	-0.1373291015625	0.60272216796875	34.99603271484375
5.011	-1.9303857421875001	5.939648437500001	9.70701416015625	-1.0833740234375	-4.00543212890625	46.51641845703125
5.022	0.25147705078125	3.9445971679687504	9.78844482421875	-1.4495849609375	-2.15911865234375	45.17364501953125
5.032	0.34248779296875004	3.1925610351562503	9.80281494140625	-1.6326904296875	-1.0986328125	29.68597412109375
5.043	0.11735595703125	1.5328125000000001	9.716594238281251	-2.75421142578125	1.70135498046875	6.00433349609375
5.053	0.12693603515625002	-0.086220703125	9.49625244140625	-3.68499755859375	2.7313232421875	0.66375732421875
5.063	0.42152343750000004	-0.13651611328125002	9.4651171875	-1.6632080078125	5.6304931640625	2.2735595703125
5.073	-0.011975097656250001	-0.08382568359375	9.7716796875	-1.53350830078125	1.28173828125	2.8228759765625
5.083	-0.1772314453125	-0.296982421875	9.7668896484375	-0.1220703125	1.6326904296875	1.40380859375
5.093	-0.0143701171875	-0.16046630859375	9.647138671875	-0.091552734375	0.52642822265625	0.3814697265625
5.102	0.055085449218750006	-0.14609619140625002	9.76449462890625	0.12969970703125	0.11444091796875	0.51116943359375
5.11	0.05987548828125	-0.11735595703125	9.627978515625001	0.31280517578125	-0.274658203125	0.67901611328125
5.121	0.09580078125000001	-0.09580078125000001	9.733359375000001	0.32806396484375	-0.6561279296875	0.67901611328125
5.13	-0.023950195312500002	-0.09819580078125001	9.73096435546875	0.30517578125	-1.51824951171875	0.5645751953125
5.139	0.045505371093750004	-0.11017089843750001	9.76449462890625	0.12969970703125	-1.7547607421875	0.54168701171875
5.148	0.05987548828125	-0.1676513671875	9.754914550781251	0.274658203125	-2.15911865234375	0.396728515625
5.158	-0.076640625	-0.18920654296875	9.75012451171875	0.274658203125	-2.17437744140625	1.190185546875
5.169	-0.32572265625	-0.38080810546875005	9.695039062500001	0.274658203125	-1.5411376953125	1.36566162109375
5.179	-0.39278320312500004	-0.3784130859375	9.7285693359375	0.16021728515625	-1.46484375	0.55694580078125
5.19	-0.74006103515625	-0.47181884765625004	9.747729492187501	-0.45013427734375	-1.46484375	-1.06048583984375
5.2	-0.8765771484375	-0.4358935546875	9.72138427734375	-0.2899169921875	-1.27410888671875	-2.0751953125
5.212	-0.775986328125	-0.38320312500000003	9.79083984375	-0.2899169921875	-1.1444091796875	-2.72369384765625
5.223	-1.04662353515625	-0.62989013671875	9.7573095703125	-0.43487548828125	-1.06048583984375	-4.8370361328125
5.234	-0.613125	-0.24189697265625001	9.85071533203125	-1.07574462890625	-1.19781494140625	-8.03375244140625
5.245	-1.24780517578125	-0.30416748046875003	9.7381494140625	-0.51116943359375	-2.05230712890625	-7.7362060546875
5.257	-1.76512939453125	-0.30177246093750004	9.656718750000001	-0.60272216796875	-2.410888671875	-7.89642333984375
5.267	-1.67890869140625	-0.28261230468750004	9.6902490234375	-0.70953369140625	-1.42669677734375	-7.53021240234375
5.278	-1.99984130859375	-0.07903564453125	9.63037353515625	-0.74005126953125	-1.6632080078125	-4.70733642578125
5.289	-1.983076171875	-0.1772314453125	9.7189892578125	-0.55694580078125	-0.96893310546875	-0.762939453125
5.3	-1.4561718750000001	-0.239501953125	9.7381494140625	-0.63323974609375	-1.373291015625	2.72369384765625
5.31	-1.7483642578125	-0.31374755859375003	9.71419921875	-0.48828125	0.31280517578125	5.706787109375
5.32	-1.8226098632812502	-0.56282958984375	9.8483203125	-0.69427490234375	0.4119873046875	6.95037841796875
5.33	-1.57831787109375	-0.54366943359375	9.5178076171875	-0.4730224609375	-0.213623046875	6.87408447265625
5.342	-0.7879614257812501	-0.4167333984375	9.36692138671875	-1.22833251953125	-1.45721435546875	8.4991455078125
5.352	-2.69439697265625	-0.30416748046875003	10.28181884765625	0.5950927734375	2.03704833984375	1.67083740234375
5.363	-1.8010546875000002	-0.3592529296875	10.21475830078125	-1.89971923828125	-9.8724365234375	1.1444091796875
5.373	-0.7831713867187501	-0.20357666015625	9.103469238281251	0.28228759765625	3.84521484375	4.8980712890625
5.384	-1.6334033203125	-0.20597167968750002	9.4794873046875	-0.28228759765625	-1.8157958984375	8.209228515625
5.395	-1.4944921875000001	-0.21794677734375	9.8052099609375	-0.35858154296875	-3.35693359375	11.17706298828125
5.406	-0.46702880859375	-0.3113525390625	9.402846679687501	-1.4801025390625	-5.77545166015625	12.603759765625
5.416	-0.5125341796875	-0.5221142578125	9.342971191406251	-0.16021728515625	2.11334228515625	12.4969482421875
5.427	-0.54366943359375	-0.44307861328125003	9.52020263671875	0.48828125	1.16729736328125	13.99993896484375
5.437	-0.43828857421875	-0.737666015625	9.129814453125	1.2054443359375	0.7171630859375	14.59503173828125
5.448	-0.41912841796875	-0.5484594726562501	9.1920849609375	-1.4801025390625	-4.50897216796875	12.24517822265625
5.459	-1.0394384765625	-0.01916015625	10.0638720703125	-0.7781982421875	-8.1329345703125	13.51165771484375
5.47	-0.5795947265625	-0.36404296875000003	9.27112060546875	0.14495849609375	-3.13568115234375	16.9525146484375
5.48	-0.689765625	-0.1580712890625	10.05668701171875	-0.43487548828125	-5.98907470703125	18.280029296875
5.491	-1.0969189453125001	-0.46702880859375	9.920170898437501	-1.1749267578125	-0.35858154296875	12.22991943359375
5.501	-0.48379394531250003	-0.22752685546875	9.3262060546875	-0.00762939453125	0.45013427734375	8.36944580078125
5.512	0.11017089843750001	-0.13172607421875002	9.927355957031251	-0.34332275390625	-0.87738037109375	9.3994140625
5.522	-0.5987548828125	0.009580078125	9.76449462890625	-0.0152587890625	-1.62506103515625	7.66754150390625
5.532	-1.235830078125	0.26105712890625	9.98483642578125	-0.63323974609375	-2.6092529296875	10.50567626953125
5.542	-0.7472460937500001	0.18202148437500001	9.84592529296875	-0.06866455078125	-0.66375732421875	11.54327392578125
5.553	-0.09340576171875001	-0.0143701171875	9.73096435546875	-0.55694580078125	1.617431640625	14.70184326171875
5.563	0.39517822265625	-0.18681152343750002	9.57768310546875	-0.54931640625	-1.77764892578125	16.83807373046875
5.573	0.03592529296875	-0.5269042968750001	9.6615087890625	0.69427490234375	-2.47955322265625	17.98248291015625
5.583	0.143701171875	-0.29219238281250004	8.58135498046875	2.11334228515625	9.4451904296875	8.03375244140625
5.593	0.3400927734375	0.28500732421875	9.69743408203125	0.213623046875	-0.38909912109375	10.07080078125
5.603	-0.75922119140625	0.18441650390625	9.73096435546875	0.0762939453125	-0.8697509765625	7.40814208984375
5.613	-0.5412744140625	0.16046630859375	9.94651611328125	-0.396728515625	-1.5411376953125	6.4239501953125
5.623	-0.21315673828125	0.08382568359375	9.63995361328125	0.0152587890625	-0.8697509765625	9.9639892578125
5.634	-0.5867797851562501	0.124541015625	10.0351318359375	-0.74005126953125	-5.05828857421875	10.61248779296875
5.644	-0.49576904296875	0.0431103515625	9.687854003906251	-0.4425048828125	1.73187255859375	8.24737548828125
5.654	0.12214599609375	0.21315673828125	9.75012451171875	-0.57220458984375	-2.29644775390625	7.86590576171875
5.663	0.07903564453125	0.1676513671875	9.96328125	-0.18310546875	1.02996826171875	6.73675537109375
5.672	-0.14609619140625002	-0.4646337890625	9.5465478515625	-0.05340576171875	0.48828125	5.94329833984375
5.683	0.4742138671875	0.0383203125	9.9393310546875	-0.45013427734375	-2.0904541015625	5.92803955078125
5.692	0.51732421875	-0.1197509765625	9.656718750000001	0.3662109375	0.18310546875	5.7373046875
5.701	0.17244140625	-0.0335302734375	10.099797363281251	0.06103515625	0.518798828125	5.66864013671875
5.71	0.18681152343750002	0.09101074218750001	9.912985839843751	-0.86212158203125	1.51824951171875	3.74603271484375
5.721	-0.18202148437500001	-0.14609619140625002	9.7189892578125	0.2288818359375	1.0528564453125	-0.69427490234375
5.732	-0.08382568359375	-0.9819580078125001	10.032736816406251	1.25885009765625	-2.3345947265625	-7.77435302734375
5.742	0.29937744140625	0.06466552734375	9.867480468750001	-0.518798828125	-4.38690185546875	-1.35040283203125
5.751	1.9734960937500001	-0.469423828125	10.126142578125	0.74005126953125	0.4425048828125	0.43487548828125
5.762	0.39038818359375	-0.74964111328125	9.66390380859375	-1.2054443359375	5.27191162109375	-4.57000732421875
5.773	0.30895751953125	-0.1149609375	9.7189892578125	-0.9002685546875	3.05938720703125	-11.993408203125
5.783	-0.06945556640625	-0.277822265625	9.754914550781251	-0.5950927734375	3.15093994140625	-15.28167724609375
5.793	0.12214599609375	0.07424560546875	9.6519287109375	-0.08392333984375	1.617431640625	-16.0980224609375
5.804	0.5843847656250001	-0.01916015625	9.82676513671875	-0.6103515625	3.173828125	-18.56231689453125
5.814	0.067060546875	-0.25387207031250003	9.4603271484375	-0.6866455078125	4.0130615234375	-19.93560791015625
5.824	1.09931396484375	0.354462890625	9.742939453125	-0.1678466796875	2.62451171875	-16.92962646484375
5.835	1.49688720703125	-0.09340576171875001	9.63755859375	-0.213623046875	-2.38800048828125	-11.77215576171875
5.846	0.8765771484375	-0.21315673828125	9.9010107421875	0.29754638671875	-5.0506591796875	-14.01519775390625
5.857	1.02267333984375	0.12693603515625002	10.04231689453125	-0.152587890625	-2.227783203125	-20.86639404296875
5.867	0.5867797851562501	0.086220703125	9.85550537109375	-0.30517578125	-2.15911865234375	-23.56719970703125
5.877	0.5795947265625	0.22273681640625	9.77886474609375	-1.39617919921875	0.51116943359375	-28.0303955078125
5.888	-0.25626708984375	0.4742138671875	9.79802490234375	-1.67083740234375	2.9144287109375	-31.04400634765625
5.898	0.086220703125	0.44307861328125003	9.82676513671875	-0.55694580078125	2.43377685546875	-27.7557373046875
5.908	0.98914306640625	0.39038818359375	9.956096191406251	-0.84686279296875	1.21307373046875	-16.56341552734375
5.918	0.871787109375	0.16525634765625	9.7189892578125	-0.25177001953125	1.89208984375	-6.9732666015625
5.928	1.17116455078125	0.09340576171875001	9.66869384765625	-0.67138671875	0.89263916015625	0.5950927734375
5.939	0.8765771484375	-0.229921875	9.8339501953125	-0.7781982421875	-0.3509521484375	4.058837890625
5.949	0.7472460937500001	-0.15328125	9.83155517578125	-0.75531005859375	-0.762939453125	4.98199462890625
5.959	1.23822509765625	-0.36164794921875004	9.819580078125	0.396728515625	-2.105712890625	8.5601806640625
5.97	1.36755615234375	-0.3592529296875	9.68306396484375	-0.3509521484375	-7.049560546875	14.42718505859375
5.981	1.5495776367187502	-0.1484912109375	9.95130615234375	-0.03814697265625	-7.965087890625	19.10400390625
5.991	1.3651611328125002	-0.21076171875000002	9.580078125	-0.3509521484375	-6.622314453125	15.7928466796875
6.002	1.5376025390625	-0.39038818359375	9.7860498046875	-0.3204345703125	-5.6915283203125	11.0015869140625
6.012	1.97589111328125	-0.258662109375	9.81718505859375	-0.7171630859375	-5.645751953125	5.85174560546875
6.023	1.36037109375	-0.32811767578125	9.589658203125001	-0.457763671875	-5.79071044921875	-0.34332275390625
6.033	1.542392578125	-0.1389111328125	9.709409179687501	0.06866455078125	-4.40216064453125	-14.21356201171875
6.043	2.12917236328125	0.023950195312500002	9.814790039062501	-0.0762939453125	-2.0751953125	-21.96502685546875
6.054	2.44531494140625	0.22513183593750002	9.807604980468751	-0.8392333984375	-1.48773193359375	-23.64349365234375
6.065	1.56873779296875	0.32332763671875003	9.65432373046875	-0.2288818359375	-0.67901611328125	-24.05548095703125
6.075	1.6357983398437501	0.69695068359375	9.83155517578125	0.335693359375	0.8087158203125	-23.7274169921875
6.085	1.79865966796875	0.6562353515625	9.781259765625	-0.3509521484375	0.51116943359375	-21.8353271484375
6.096	1.8872753906250002	0.45026367187500005	9.9105908203125	-0.335693359375	-0.29754638671875	-21.94976806640625
6.107	2.4525	0.74964111328125	9.886640625	-1.07574462890625	-0.3662109375	-18.7835693359375
6.118	2.08606201171875	0.70892578125	9.72138427734375	-0.61798095703125	-0.8087158203125	-22.125244140625
6.128	2.53153564453125	0.53408935546875	9.6615087890625	-0.5645751953125	-0.9002685546875	-17.39501953125
6.139	2.3519091796875	0.5484594726562501	9.6998291015625	-1.10626220703125	-1.09100341796875	-12.01629638671875
6.15	2.1507275390625002	0.50055908203125	9.83155517578125	-0.95367431640625	0.00762939453125	-3.71551513671875
6.159	2.0932470703125	0.10059082031250001	9.7285693359375	-1.19781494140625	-0.06103515625	3.2958984375
6.17	1.9495458984375	-0.43349853515625003	9.838740234375	-1.41143798828125	-0.32806396484375	7.63702392578125
6.18	1.6477734375000002	-0.7137158203125	9.82676513671875	-0.8697509765625	0.74005126953125	9.4451904296875
6.192	1.0298583984375	-0.93645263671875	9.91777587890625	-1.51824951171875	1.47247314453125	8.087158203125
6.202	0.718505859375	-0.65863037109375	9.79083984375	-0.69427490234375	2.98309326171875	5.0811767578125
6.211	0.41433837890625	0.07424560546875	9.7668896484375	-0.14495849609375	1.89208984375	3.875732421875
6.221	0.32572265625	0.28979736328125	9.63037353515625	-0.61798095703125	0.98419189453125	4.791259765625
6.231	0.44068359375000005	0.536484375	10.05189697265625	-0.98419189453125	-0.25177001953125	5.950927734375
6.241	0.22752685546875	0.871787109375	9.886640625	-1.28936767578125	0.43487548828125	4.52423095703125
6.25	0.18441650390625	0.9077124023437501	10.00399658203125	-0.457763671875	0.244140625	3.57818603515625
6.261	-0.15328125	1.44898681640625	10.0255517578125	-1.068115234375	-0.25177001953125	-0.69427490234375
6.272	-0.14130615234375002	1.36276611328125	9.896220703125001	-0.29754638671875	1.56402587890625	-5.76019287109375
6.282	-0.124541015625	1.37713623046875	9.5273876953125	-0.1220703125	1.83868408203125	-7.568359375
6.292	-0.009580078125	1.6429833984375002	9.79802490234375	-0.35858154296875	0.67901611328125	-4.84466552734375
6.301	-0.03592529296875	1.4178515625	9.85071533203125	-0.3509521484375	0.87738037109375	-2.06756591796875
6.311	-0.34248779296875004	1.05620361328125	9.86987548828125	-0.19073486328125	1.24359130859375	0.030517578125
6.322	-0.19399658203125	1.235830078125	9.7573095703125	0.51116943359375	0.83160400390625	-0.5645751953125
6.331	-0.050295410156250005	1.74357421875	9.81239501953125	-0.26702880859375	-0.54168701171875	2.81524658203125
6.341	-0.047900390625000004	1.7507592773437501	9.886640625	-0.89263916015625	-0.84686279296875	4.39453125
6.351	-0.3305126953125	1.57352783203125	9.46751220703125	-0.48828125	0.6256103515625	2.69317626953125
6.362	-0.1484912109375	1.140029296875	9.6040283203125	-0.54168701171875	0.67138671875	-1.93023681640625
6.372	0.13651611328125002	0.8669970703125001	9.6183984375	0.45013427734375	1.12152099609375	-2.0599365234375
6.381	0.28740234375	1.2166699218750001	9.78365478515625	-0.41961669921875	-1.09100341796875	0.34332275390625
6.391	-0.1676513671875	1.3939013671875	9.75970458984375	-0.26702880859375	-0.23651123046875	1.53350830078125
6.401	-0.22752685546875	1.4729370117187501	9.7189892578125	0.4425048828125	0.45013427734375	2.49481201171875
6.411	-0.052690429687500005	1.52562744140625	9.76449462890625	0.244140625	0.54168701171875	5.706787109375
6.42	0.13651611328125002	1.5663427734375002	9.78365478515625	0.0152587890625	0.37384033203125	10.04791259765625
6.43	-0.0814306640625	1.5064672851562502	9.793234863281251	-0.51116943359375	-0.0457763671875	12.0697021484375
6.44	0.17483642578125	1.2214599609375	9.78365478515625	-0.213623046875	-0.3509521484375	11.6424560546875
6.45	0.3592529296875	1.1879296875	9.781259765625	0.06866455078125	-0.29754638671875	12.80975341796875
6.46	0.58198974609375	1.09452392578125	9.87945556640625	-0.43487548828125	-1.007080078125	17.4560546875
6.47	0.28740234375	1.1567944335937501	9.821975097656251	0.28228759765625	-1.0986328125	21.06475830078125
6.48	0.1197509765625	1.35797607421875	9.7285693359375	0.69427490234375	-1.312255859375	18.65386962890625
6.491	0.32572265625	0.6083349609375001	9.6998291015625	0.5645751953125	-0.41961669921875	18.1884765625
6.5	0.18202148437500001	0.6825805664062501	9.860295410156251	0.74005126953125	-3.97491455078125	13.824462890625
6.51	0.641865234375	0.4646337890625	9.79083984375	0.5645751953125	0.37384033203125	13.92364501953125
6.519	0.3592529296875	0.5867797851562501	9.793234863281251	0.4119873046875	-0.03814697265625	12.87078857421875
6.53	0.39517822265625	0.661025390625	9.7189892578125	0.579833984375	-0.2288818359375	12.6190185546875
6.539	0.17004638671875	0.7711962890625	9.79083984375	0.57220458984375	0.37384033203125	12.1307373046875
6.548	-0.055085449218750006	0.73527099609375	9.754914550781251	0.51116943359375	0.34332275390625	11.54327392578125
6.558	-0.15328125	0.67060546875	9.680668945312501	0.16021728515625	0.274658203125	8.49151611328125
6.568	0.948427734375	0.44786865234375	9.89382568359375	0.5645751953125	2.5787353515625	11.3525390625
6.579	-0.44068359375000005	0.929267578125	9.56331298828125	0.1678466796875	2.044677734375	11.566162109375
6.588	0.01676513671875	0.641865234375	9.754914550781251	0.762939453125	1.83868408203125	8.514404296875
6.598	0.52929931640625	0.65384033203125	9.7716796875	-0.152587890625	0.7476806640625	18.48602294921875
6.608	0.44068359375000005	0.51013916015625	9.73575439453125	-0.3662109375	-0.0762939453125	27.740478515625
6.618	0.15567626953125	0.28740234375	9.86508544921875	-0.6256103515625	0.030517578125	29.144287109375
6.627	0.4263134765625	-0.10298583984375001	9.8914306640625	-0.2593994140625	0.335693359375	26.06964111328125
6.637	0.5604345703125	-0.13651611328125002	9.81718505859375	-0.29754638671875	0.335693359375	21.76666259765625
6.646	0.51492919921875	-0.39996826171875	9.680668945312501	0.42724609375	0.51116943359375	15.7318115234375
6.657	0.5221142578125	-0.05748046875	9.723779296875	-0.29754638671875	0.823974609375	9.88006591796875
6.666	0.15088623046875002	-0.16525634765625	9.575288085937501	0.23651123046875	1.220703125	2.95257568359375
6.676	0.13172607421875002	0.47181884765625004	9.74533447265625	0.1220703125	1.01470947265625	0.25177001953125
6.685	0.0814306640625	0.7472460937500001	9.7716796875	0.7476806640625	0.3509521484375	2.83050537109375
6.695	-0.162861328125	0.8190966796875	9.733359375000001	-0.0762939453125	-0.3814697265625	8.64410400390625
6.706	-0.1484912109375	0.6514453125	9.9249609375	-0.244140625	-0.77056884765625	12.176513671875
6.716	-0.40236328125000004	0.49576904296875	9.72617431640625	-0.3204345703125	-1.861572265625	17.8985595703125
6.726	-0.124541015625	0.4742138671875	9.807604980468751	-0.640869140625	-1.86920166015625	25.6195068359375
6.737	-0.1293310546875	0.13412109375	9.79083984375	-1.15966796875	-1.18255615234375	30.17425537109375
6.748	-0.258662109375	0.27542724609375	9.8626904296875	-0.63323974609375	-0.12969970703125	32.90557861328125
6.758	-0.03113525390625	-0.15567626953125	9.915380859375	-0.89263916015625	0.28228759765625	36.58294677734375
6.767	0.00718505859375	-0.43349853515625003	9.4794873046875	0.20599365234375	-3.47900390625	34.3017578125
6.777	0.4742138671875	-0.37122802734375004	9.79802490234375	-0.81634521484375	-0.6561279296875	34.56878662109375
6.789	0.5269042968750001	-0.46223876953125004	9.84592529296875	-0.22125244140625	-1.02996826171875	31.82220458984375
6.798	0.47181884765625004	-0.38559814453125	9.747729492187501	0.1678466796875	-0.762939453125	28.7322998046875
6.809	0.53887939453125	-0.9436376953125001	9.84592529296875	-1.01470947265625	-0.152587890625	20.1263427734375
6.819	0.6825805664062501	-1.39869140625	9.7381494140625	-1.31988525390625	0.34332275390625	8.4075927734375
6.831	0.40954833984375	-0.7711962890625	9.73575439453125	-1.12152099609375	-0.77056884765625	5.22613525390625
6.84	0.11735595703125	-0.45984375	9.75251953125	-0.12969970703125	0.31280517578125	3.22723388671875
6.849	-0.00718505859375	-0.29937744140625	9.9680712890625	0.34332275390625	0.09918212890625	5.69915771484375
6.858	0.25626708984375	0.086220703125	9.82676513671875	0.45013427734375	0.55694580078125	13.84735107421875
6.87	-0.12693603515625002	0.41194335937500004	9.8052099609375	-1.21307373046875	1.47247314453125	21.8963623046875
6.879	0.076640625	-0.162861328125	9.7668896484375	0.732421875	1.88446044921875	25.96282958984375
6.889	0.20597167968750002	-0.28979736328125	9.85550537109375	-0.16021728515625	0.67138671875	28.228759765625
6.899	0.22034179687500002	-0.15088623046875002	9.67587890625	-0.0762939453125	-0.579833984375	26.64947509765625
6.909	0.37122802734375004	-0.35685791015625	9.656718750000001	0.79345703125	-0.08392333984375	24.0325927734375
6.92	0.9220825195312501	-0.5125341796875	10.3704345703125	1.09100341796875	-0.2593994140625	23.94866943359375
6.93	-0.1772314453125	-0.7640112304687501	9.78365478515625	2.09808349609375	-0.29754638671875	16.21246337890625
6.94	-0.067060546875	-0.97716796875	10.298583984375	2.166748046875	0.19073486328125	13.427734375
6.95	-0.03592529296875	-0.5867797851562501	9.77886474609375	1.068115234375	-0.396728515625	19.7906494140625
6.961	-0.5221142578125	0.047900390625000004	9.8722705078125	-0.457763671875	-0.37384033203125	23.68927001953125
6.971	-0.4646337890625	-0.10538085937500001	9.73096435546875	-0.48828125	1.41143798828125	21.6827392578125
6.981	-1.0777587890625	-0.28500732421875	9.06514892578125	0.9765625	0.22125244140625	15.7928466796875
6.992	0.72090087890625	-0.7903564453125	9.857900390625	1.18255615234375	1.220703125	23.91815185546875
7.002	-0.028740234375	-0.4454736328125	9.79802490234375	0.274658203125	0.55694580078125	25.390625
7.012	-0.3496728515625	-0.59635986328125	9.8626904296875	-0.244140625	1.47247314453125	18.9971923828125
7.022	0.0335302734375	-1.17595458984375	9.513017578125	-0.518798828125	1.54876708984375	10.23101806640625
7.032	0.27063720703125	-1.32923583984375	9.79083984375	-0.41961669921875	1.02996826171875	5.65338134765625
7.043	0.02155517578125	-0.73048095703125	9.73575439453125	-0.78582763671875	1.13677978515625	5.18798828125
7.053	-0.43828857421875	-0.7472460937500001	9.793234863281251	-0.70953369140625	1.62506103515625	1.983642578125
7.063	-0.067060546875	-0.6466552734375001	9.867480468750001	-0.8544921875	1.0223388671875	0.60272216796875
7.073	-0.19878662109375	-0.51013916015625	9.83155517578125	-0.5645751953125	1.39617919921875	6.62994384765625
7.084	-0.011975097656250001	-0.9627978515625001	9.635163574218751	-0.20599365234375	0.7781982421875	10.772705078125
7.094	0.1389111328125	-1.08015380859375	9.807604980468751	-0.3662109375	0.1983642578125	12.5274658203125
7.104	-0.22034179687500002	-1.01788330078125	9.90580078125	-0.48828125	0.213623046875	12.30621337890625
7.114	-0.43349853515625003	-0.6083349609375001	9.8626904296875	-0.48828125	0.25177001953125	12.4053955078125
7.126	-0.124541015625	-0.8646020507812501	9.85071533203125	-0.6561279296875	0.51116943359375	12.359619140625
7.136	0.18441650390625	-1.02746337890625	9.819580078125	-0.23651123046875	-0.12969970703125	14.495849609375
7.146	-0.19399658203125	-0.85981201171875	9.8626904296875	-0.26702880859375	-0.579833984375	18.66912841796875
7.156	-0.35206787109375004	-0.8382568359375	9.77407470703125	0.41961669921875	-0.58746337890625	21.17919921875
7.166	-0.229921875	-0.9029223632812501	9.742939453125	0.0457763671875	-0.84686279296875	22.5372314453125
7.178	-0.13412109375	-1.0154882812500001	9.953701171875	-0.57220458984375	-0.38909912109375	21.6827392578125
7.188	-0.32572265625	-1.72680908203125	9.747729492187501	-0.6256103515625	0.3204345703125	10.4522705078125
7.198	-0.19639160156250002	-1.9208056640625002	9.75970458984375	-0.9765625	0.58746337890625	-5.68389892578125
7.209	-0.25626708984375	-1.5232324218750002	9.695039062500001	-0.6866455078125	0.396728515625	-18.94378662109375
7.22	-0.22034179687500002	-1.28612548828125	9.75012451171875	-0.51116943359375	0.48065185546875	-22.57537841796875
7.231	-0.18920654296875	-1.2286450195312502	9.608818359375	-0.4425048828125	0.58746337890625	-21.820068359375
7.241	0.19878662109375	-1.28133544921875	9.800419921875001	-0.1983642578125	0.28228759765625	-17.3492431640625
7.251	0.08382568359375	-1.1639794921875	9.78844482421875	-0.31280517578125	-0.06103515625	-11.810302734375
7.262	0.30895751953125	-1.2981005859375	9.79802490234375	-0.63323974609375	-0.35858154296875	-6.744384765625
7.272	0.21555175781250002	-1.7028588867187502	9.82676513671875	-0.1678466796875	-0.34332275390625	-3.2958984375
7.283	0.47181884765625004	-1.638193359375	9.83155517578125	-0.1373291015625	-0.946044921875	-2.227783203125
7.293	1.312470703125	-2.70876708984375	9.4794873046875	0.213623046875	-0.5035400390625	1.6326904296875
7.304	0.20597167968750002	-1.5471826171875	9.75012451171875	-0.41961669921875	-0.43487548828125	1.46484375
7.313	0.07903564453125	-1.81781982421875	9.86508544921875	-0.274658203125	0.79345703125	-0.32806396484375
7.323	0.5412744140625	-1.8872753906250002	9.8052099609375	0.05340576171875	0.75531005859375	0.51116943359375
7.332	0.43349853515625003	-2.08606201171875	9.7716796875	0.17547607421875	1.007080078125	-0.7476806640625
7.343	0.50055908203125	-2.1243823242187503	9.68306396484375	0.11444091796875	1.03759765625	-3.3721923828125
7.353	0.29458740234375	-1.868115234375	9.75012451171875	0.091552734375	1.68609619140625	-4.5013427734375
7.363	0.39278320312500004	-1.6860937500000002	9.687854003906251	0.4119873046875	1.33514404296875	-3.37982177734375
7.373	0.3496728515625	-1.37234619140625	9.67827392578125	0.5645751953125	2.2430419921875	-3.92913818359375
7.383	0.16525634765625	-1.1831396484375	9.620793457031251	0.74005126953125	1.129150390625	-2.74658203125
7.394	-0.1293310546875	-1.0538085937500001	9.673483886718751	0.70953369140625	1.0833740234375	-3.28826904296875
7.403	0.0143701171875	-0.8071215820312501	9.8626904296875	0.64849853515625	1.7852783203125	-2.8839111328125
7.413	0.3975732421875	-0.5412744140625	9.8435302734375	1.0528564453125	2.197265625	-1.5106201171875
7.424	0.26345214843750003	-0.26105712890625	9.857900390625	1.28173828125	1.51824951171875	-1.3580322265625
7.434	0.40475830078125	-0.1197509765625	9.72617431640625	1.2664794921875	1.3427734375	-2.0751953125
7.444	0.6562353515625	-0.1197509765625	9.81239501953125	1.07574462890625	1.3580322265625	-3.3111572265625
7.454	1.1567944335937501	0.19639160156250002	9.687854003906251	0.99945068359375	-0.28228759765625	-5.1116943359375
7.463	1.35797607421875	0.21076171875000002	9.800419921875001	0.457763671875	0.6561279296875	-4.9591064453125
7.474	1.4465917968750002	0.09580078125000001	9.733359375000001	0.244140625	-0.1373291015625	-5.18035888671875
7.484	1.81302978515625	0.21315673828125	9.814790039062501	0.17547607421875	-0.3814697265625	-7.20977783203125
7.493	2.45489501953125	0.11256591796875001	9.7860498046875	0.1678466796875	0.274658203125	-9.43756103515625
7.504	2.366279296875	-0.0335302734375	9.829160156250001	0.26702880859375	-0.823974609375	-10.6353759765625
7.515	2.8979736328125	-0.239501953125	9.8483203125	0.396728515625	-0.91552734375	-9.49859619140625
7.525	2.42136474609375	-0.29937744140625	9.754914550781251	0.4730224609375	0.5950927734375	-6.8511962890625
7.535	2.0142114257812502	-0.18920654296875	9.702224121093751	0.11444091796875	1.2969970703125	-7.13348388671875
7.544	1.791474609375	-0.12214599609375	9.61600341796875	0.67901611328125	3.39508056640625	-5.16510009765625
7.555	1.67890869140625	-0.045505371093750004	9.72617431640625	0.274658203125	2.92205810546875	-3.7689208984375
7.565	1.5232324218750002	-0.0143701171875	9.6327685546875	0.1678466796875	2.8076171875	-3.21197509765625
7.575	1.101708984375	0.1293310546875	9.656718750000001	-0.08392333984375	4.40216064453125	-6.08062744140625
7.584	1.4513818359375001	0.0431103515625	9.695039062500001	-0.0457763671875	4.39453125	-10.9100341796875
7.595	1.6621435546875	0.0814306640625	9.769284667968751	-0.5035400390625	4.08172607421875	-13.06915283203125
7.606	1.2502001953125002	0.16525634765625	9.75012451171875	-0.31280517578125	6.50787353515625	-10.5743408203125
7.615	0.7831713867187501	0.316142578125	9.4986474609375	0.0762939453125	6.561279296875	-11.3983154296875
7.626	1.8345849609375	-0.050295410156250005	9.857900390625	-0.26702880859375	4.98199462890625	-10.4217529296875
7.636	2.16270263671875	-0.277822265625	9.742939453125	-0.06103515625	4.47845458984375	-7.20977783203125
7.646	1.7771044921875	-0.14130615234375002	9.77886474609375	0.03814697265625	5.04302978515625	-7.293701171875
7.656	2.0142114257812502	0.067060546875	9.9393310546875	-0.23651123046875	3.27301025390625	-8.2550048828125
7.666	1.4609619140625	0.09819580078125001	9.78844482421875	0.23651123046875	-2.3345947265625	-7.720947265625
7.677	1.65016845703125	-0.26584716796875	9.61600341796875	0.091552734375	-0.89263916015625	-9.09423828125
7.688	1.5376025390625	-0.01676513671875	9.695039062500001	0.52642822265625	-4.96673583984375	-10.61248779296875
7.698	2.2561083984375	-0.21076171875000002	9.702224121093751	0.2288818359375	-6.20269775390625	-9.521484375
7.708	0.9436376953125001	-0.026345214843750003	9.78365478515625	0.0152587890625	-5.55419921875	-17.822265625
7.719	0.7807763671875	-0.20836669921875	9.72138427734375	0.51116943359375	-3.84521484375	-22.60589599609375
7.73	1.70525390625	-0.49337402343750003	9.7381494140625	-0.1678466796875	-4.5166015625	-23.09417724609375
7.741	0.9268725585937501	-0.4071533203125	10.01836669921875	-1.13677978515625	-2.7618408203125	-25.1922607421875
7.752	1.1639794921875	0.09101074218750001	9.84592529296875	0.78582763671875	2.25830078125	-29.8004150390625
7.761	0.026345214843750003	0.45265869140625004	9.98483642578125	-0.06103515625	-1.861572265625	-25.90179443359375
7.773	1.37713623046875	0.3209326171875	9.81	-0.6256103515625	-3.13568115234375	-15.96832275390625
7.783	1.00830322265625	-0.85981201171875	9.7668896484375	0.732421875	-6.2103271484375	-10.6658935546875
7.794	0.99872314453125	-0.2347119140625	9.781259765625	1.45721435546875	-3.60870361328125	-16.4337158203125
7.804	0.53887939453125	-0.9029223632812501	9.6998291015625	0.54168701171875	-4.17327880859375	-23.79608154296875
7.816	0.62031005859375	-0.4454736328125	9.680668945312501	0.4730224609375	-3.448486328125	-20.660400390625
7.827	0.9196875	-0.7855664062500001	9.920170898437501	-0.41961669921875	-5.4473876953125	-18.4478759765625
7.837	0.96998291015625	0.7280859375000001	9.96328125	-0.274658203125	5.340576171875	-17.06695556640625
7.847	0.6083349609375001	-0.32332763671875003	9.733359375000001	-0.09918212890625	0.3509521484375	-11.14654541015625
7.858	1.2597802734375	-0.62989013671875	9.50583251953125	0.6561279296875	2.777099609375	-6.65283203125
7.868	0.5125341796875	-0.0814306640625	9.81	-0.2593994140625	0.38909912109375	-8.0718994140625
7.877	0.0	-0.45265869140625004	9.97525634765625	0.37384033203125	2.166748046875	-6.89697265625
7.888	-2.4836352539062503	1.0705737304687502	7.144343261718751	0.83160400390625	1.8157958984375	17.35687255859375
7.899	0.488583984375	-1.427431640625	9.5178076171875	0.152587890625	-0.244140625	-3.79180908203125
7.908	0.9532177734375	-0.3400927734375	9.78365478515625	0.0	0.54168701171875	-1.2054443359375
7.918	-0.5269042968750001	-0.39038818359375	9.66869384765625	0.0152587890625	1.617431640625	-8.30841064453125
7.928	0.18681152343750002	-0.6083349609375001	10.047106933593751	-0.3662109375	0.030517578125	-8.7738037109375
7.939	-0.277822265625	-0.3496728515625	9.8483203125	0.5645751953125	0.8544921875	-5.1727294921875
7.949	-0.10777587890625001	-0.11256591796875001	10.00399658203125	-0.18310546875	1.4495849609375	-10.03265380859375
7.959	-0.09819580078125001	-0.41433837890625	9.5178076171875	-0.3204345703125	0.19073486328125	-14.2974853515625
7.969	0.74964111328125	0.99872314453125	9.410031738281251	0.244140625	2.96783447265625	2.26593017578125
7.98	-0.65384033203125	-0.5221142578125	9.740544433593751	0.5340576171875	2.349853515625	-7.01141357421875
7.991	0.0622705078125	-0.5412744140625	9.60642333984375	-1.8768310546875	4.98199462890625	-10.70404052734375
8.001	-0.38559814453125	-0.09340576171875001	9.83155517578125	-0.3204345703125	1.28936767578125	-6.5460205078125
8.011	0.18681152343750002	-0.27303222656250004	9.793234863281251	-0.8392333984375	0.96893310546875	-0.6866455078125
8.022	2.22976318359375	0.56282958984375	9.98244140625	2.8533935546875	-3.5400390625	5.7373046875
8.032	-0.37122802734375004	-0.277822265625	9.84592529296875	-1.6632080078125	3.18145751953125	-2.4871826171875
8.042	-0.17244140625	-0.20118164062500002	9.75970458984375	0.6103515625	-0.091552734375	-6.78253173828125
8.053	-0.79275146484375	-0.7831713867187501	9.627978515625001	-0.213623046875	-0.38909912109375	-8.8958740234375
8.064	-0.5676196289062501	-0.31374755859375003	9.838740234375	0.31280517578125	3.72314453125	-13.37432861328125
8.075	-0.8190966796875	-0.05748046875	9.881850585937501	-1.3885498046875	4.5166015625	-18.01300048828125
8.085	-0.79275146484375	0.09101074218750001	9.9249609375	-1.0833740234375	4.9896240234375	-12.26043701171875
8.096	-1.120869140625	-0.0335302734375	9.702224121093751	-0.335693359375	3.72314453125	-10.53619384765625
8.107	-0.9053173828125001	-0.26345214843750003	9.59923828125	0.28228759765625	4.150390625	-9.1400146484375
8.118	-1.4513818359375001	-0.26105712890625	9.613608398437501	-0.38909912109375	3.08990478515625	-8.00323486328125
8.128	-1.68369873046875	-0.296982421875	9.747729492187501	-0.5645751953125	1.31988525390625	-8.65936279296875
8.138	-1.714833984375	-0.15088623046875002	9.7189892578125	0.08392333984375	0.35858154296875	-6.53076171875
8.148	-1.8729052734375	-0.15328125	9.78365478515625	0.2288818359375	0.49591064453125	-5.30242919921875
8.159	-2.0477416992187503	0.1293310546875	9.78365478515625	-0.37384033203125	0.8697509765625	-4.5623779296875
8.17	-2.040556640625	-0.21315673828125	9.733359375000001	-0.25177001953125	0.17547607421875	-4.43267822265625
8.179	-2.20581298828125	0.0718505859375	9.687854003906251	-0.1678466796875	0.06103515625	-0.32806396484375
8.188	-2.3519091796875	-0.20597167968750002	9.59205322265625	-0.05340576171875	-0.37384033203125	0.030517578125
8.199	-2.29682373046875	-0.15088623046875002	9.79083984375	0.29754638671875	-0.3662109375	1.0528564453125
8.209	-2.519560546875	-0.05748046875	9.723779296875	0.1373291015625	-0.5950927734375	3.07464599609375
8.219	-2.53153564453125	0.2347119140625	9.78844482421875	0.11444091796875	-1.0223388671875	4.92095947265625
8.229	-2.3614892578125	0.16046630859375	9.709409179687501	-0.091552734375	-0.29754638671875	5.37872314453125
8.24	-2.09564208984375	0.6873706054687501	9.881850585937501	-0.52642822265625	0.42724609375	9.2926025390625
8.25	-2.0980371093750003	0.1676513671875	9.754914550781251	-0.18310546875	0.0	11.86370849609375
8.259	-2.0932470703125	0.03113525390625	9.821975097656251	0.3204345703125	0.35858154296875	9.9639892578125
8.269	-2.1890478515625	-0.28979736328125	9.75970458984375	0.25177001953125	0.701904296875	7.659912109375
8.279	-2.1124072265625	-0.33290771484375004	9.66869384765625	0.06866455078125	1.64794921875	6.76727294921875
8.289	-1.7842895507812502	-0.30895751953125	9.81	0.274658203125	2.4261474609375	6.03485107421875
8.299	-1.983076171875	-0.25387207031250003	9.6710888671875	0.41961669921875	2.20489501953125	5.0811767578125
8.309	-2.06690185546875	-0.20597167968750002	9.781259765625	0.45013427734375	1.220703125	2.8839111328125
8.32	-1.18074462890625	-0.1772314453125	9.81	0.274658203125	0.75531005859375	-0.9765625
8.33	-0.73527099609375	-0.3305126953125	9.75251953125	0.52642822265625	1.1138916015625	-3.23486328125
8.34	-0.9723779296875	-0.229921875	9.71180419921875	0.457763671875	0.4425048828125	-5.19561767578125
8.35	-0.9148974609375	-0.33769775390625	9.77407470703125	0.49591064453125	0.40435791015625	-6.23321533203125
8.36	-0.6658154296875001	-0.3496728515625	9.71419921875	0.3814697265625	-0.6256103515625	-5.706787109375
8.371	-0.70892578125	-0.49576904296875	9.72617431640625	0.152587890625	0.1678466796875	-4.26483154296875
8.381	-0.852626953125	-0.5316943359375	9.649533691406251	0.28228759765625	-0.518798828125	-2.32696533203125
8.391	-0.14130615234375002	-0.17962646484375	9.75970458984375	0.43487548828125	-1.47247314453125	0.4730224609375
8.4	0.01916015625	-0.09819580078125001	9.754914550781251	0.57220458984375	-1.04522705078125	0.732421875
8.41	0.076640625	-0.06466552734375	9.63755859375	0.48065185546875	-1.13677978515625	0.67901611328125
8.42	0.026345214843750003	-0.08861572265625	9.7285693359375	0.37384033203125	-0.5340576171875	0.3204345703125
8.428	0.07903564453125	-0.086220703125	9.71419921875	0.38909912109375	-0.19073486328125	0.48828125
8.438	0.0047900390625	-0.11256591796875001	9.74533447265625	0.37384033203125	-0.1678466796875	0.5645751953125
8.446	0.05987548828125	-0.10059082031250001	9.8052099609375	0.41961669921875	0.12969970703125	0.57220458984375
8.456	0.05748046875	-0.076640625	9.71419921875	0.43487548828125	-0.18310546875	0.46539306640625
8.465	0.05748046875	-0.1149609375	9.6710888671875	0.41961669921875	-0.213623046875	0.54168701171875
8.474	-0.01676513671875	-0.050295410156250005	9.754914550781251	0.1373291015625	-0.17547607421875	0.57220458984375
8.483	0.10777587890625001	-0.1389111328125	9.754914550781251	0.0457763671875	-0.091552734375	0.54931640625
8.493	0.01676513671875	-0.14130615234375002	9.582473144531251	-0.1068115234375	-0.0762939453125	0.6256103515625
8.502	0.03592529296875	-0.11017089843750001	9.673483886718751	-0.2593994140625	0.18310546875	0.3662109375
8.511	0.052690429687500005	-0.06466552734375	9.77886474609375	-0.396728515625	0.030517578125	0.34332275390625
8.519	0.052690429687500005	-0.10777587890625001	9.7189892578125	-0.25177001953125	0.17547607421875	0.20599365234375
8.528	-0.0335302734375	-0.10059082031250001	9.723779296875	-0.32806396484375	0.78582763671875	0.4119873046875
8.539	0.0143701171875	-0.07424560546875	9.75012451171875	-0.2593994140625	0.1373291015625	0.54168701171875
8.547	0.00718505859375	-0.124541015625	9.716594238281251	0.00762939453125	-0.091552734375	0.4425048828125
8.556	0.0143701171875	-0.09819580078125001	9.769284667968751	-0.20599365234375	-0.152587890625	0.457763671875
8.565	0.052690429687500005	-0.04071533203125	9.7573095703125	0.0457763671875	-0.4425048828125	0.49591064453125
8.574	0.0431103515625	-0.05987548828125	9.723779296875	-0.06866455078125	-0.20599365234375	0.38909912109375
8.584	0.0718505859375	-0.13651611328125002	9.75970458984375	-0.152587890625	-0.06866455078125	0.6256103515625
8.593	0.0383203125	-0.0718505859375	9.81718505859375	0.05340576171875	-0.17547607421875	0.66375732421875
8.602	-0.11735595703125	-0.1676513671875	9.687854003906251	-0.02288818359375	-0.61798095703125	0.52642822265625
8.611	0.13412109375	-0.09101074218750001	9.733359375000001	-0.00762939453125	-0.40435791015625	0.77056884765625
8.621	0.05987548828125	-0.12693603515625002	9.7860498046875	0.0152587890625	-0.42724609375	0.7476806640625
8.63	0.01676513671875	-0.076640625	9.71419921875	-0.05340576171875	-0.18310546875	1.2054443359375
8.639	0.1149609375	-0.06466552734375	9.78365478515625	-0.0457763671875	0.213623046875	0.946044921875
8.649	0.10059082031250001	-0.052690429687500005	9.723779296875	-0.18310546875	-0.1068115234375	0.99945068359375
8.658	0.0431103515625	-0.0814306640625	9.709409179687501	-0.09918212890625	0.0152587890625	0.90789794921875
8.668	0.01676513671875	-0.143701171875	9.877060546875	-0.40435791015625	-0.1678466796875	0.8544921875
8.677	0.05987548828125	-0.10059082031250001	9.7189892578125	-0.457763671875	-0.152587890625	0.55694580078125
8.686	0.0383203125	-0.1484912109375	9.75970458984375	-0.40435791015625	0.20599365234375	0.61798095703125
8.695	0.0622705078125	-0.0814306640625	9.80281494140625	-0.4730224609375	0.49591064453125	0.23651123046875
8.705	0.0	-0.076640625	9.723779296875	-0.457763671875	0.74005126953125	0.457763671875
8.714	-0.01676513671875	-0.11735595703125	9.71419921875	-0.19073486328125	0.92315673828125	0.25177001953125
8.723	0.050295410156250005	-0.09340576171875001	9.75970458984375	-0.30517578125	0.80108642578125	0.48828125
8.732	0.028740234375	-0.055085449218750006	9.75012451171875	-0.22125244140625	0.7476806640625	0.29754638671875
8.741	0.0335302734375	-0.13172607421875002	9.6615087890625	-0.20599365234375	0.55694580078125	0.4119873046875
8.751	0.0047900390625	-0.055085449218750006	9.65911376953125	-0.37384033203125	0.1983642578125	0.41961669921875
8.759	0.023950195312500002	-0.11735595703125	9.781259765625	-0.37384033203125	-0.19073486328125	0.518798828125
8.769	0.10777587890625001	-0.12214599609375	9.63037353515625	-0.5340576171875	-0.54168701171875	0.3204345703125
8.778	0.011975097656250001	-0.04071533203125	9.754914550781251	-0.46539306640625	-0.8392333984375	0.6103515625
8.787	0.0047900390625	-0.09819580078125001	9.76449462890625	-0.42724609375	-0.5645751953125	0.52642822265625
8.797	0.050295410156250005	-0.09819580078125001	9.75251953125	-0.18310546875	-0.03814697265625	0.49591064453125
8.806	0.0718505859375	-0.11735595703125	9.77886474609375	-0.31280517578125	0.23651123046875	0.35858154296875
8.815	0.023950195312500002	-0.07903564453125	9.69743408203125	-0.23651123046875	0.091552734375	0.5340576171875
8.824	0.0143701171875	-0.07424560546875	9.75970458984375	-0.0457763671875	-0.48828125	0.457763671875
8.834	-0.0431103515625	-0.11017089843750001	9.77407470703125	-0.20599365234375	-0.32806396484375	0.48828125
8.843	0.00718505859375	-0.1197509765625	9.69264404296875	-0.20599365234375	-0.7171630859375	0.31280517578125
8.852	0.047900390625000004	-0.09580078125000001	9.60163330078125	-0.22125244140625	-0.34332275390625	0.38909912109375
8.861	0.03113525390625	-0.067060546875	9.75251953125	-0.091552734375	-0.4119873046875	0.55694580078125
8.871	0.00718505859375	-0.067060546875	9.7668896484375	-0.14495849609375	-0.46539306640625	0.579833984375
