Time	ax	ay	az	gx	gy	gz
0.014	-0.06466552734375	-0.045505371093750004	9.7189892578125	0.0762939453125	-0.091552734375	0.3662109375
0.023	-0.09580078125000001	-0.09340576171875001	9.723779296875	-0.1983642578125	-0.00762939453125	0.518798828125
0.031	0.028740234375	-0.055085449218750006	9.71180419921875	-0.00762939453125	-0.03814697265625	0.48065185546875
0.04	-0.06466552734375	-0.06945556640625	9.77886474609375	-0.18310546875	-0.1373291015625	0.30517578125
0.049	0.0047900390625	-0.047900390625000004	9.742939453125	-0.16021728515625	-0.06866455078125	0.46539306640625
0.057	-0.067060546875	-0.06466552734375	9.75970458984375	-0.152587890625	0.05340576171875	0.4119873046875
0.066	-0.0622705078125	-0.0431103515625	9.7381494140625	-0.1983642578125	0.22125244140625	0.17547607421875
0.075	-0.0622705078125	-0.03113525390625	9.83155517578125	-0.1373291015625	-0.0762939453125	0.54931640625
0.083	-0.00239501953125	0.01676513671875	9.85071533203125	-0.06103515625	-0.00762939453125	0.518798828125
0.092	0.00239501953125	-0.026345214843750003	9.77407470703125	-0.06103515625	-0.1983642578125	0.45013427734375
0.1	-0.028740234375	-0.047900390625000004	9.7285693359375	-0.02288818359375	-0.22125244140625	0.43487548828125
0.108	-0.03592529296875	-0.06466552734375	9.6710888671875	0.091552734375	-0.14495849609375	0.396728515625
0.117	-0.052690429687500005	-0.06466552734375	9.716594238281251	0.0762939453125	0.1678466796875	0.396728515625
0.126	-0.052690429687500005	-0.052690429687500005	9.781259765625	0.00762939453125	0.12969970703125	0.5340576171875
0.135	-0.009580078125	-0.0383203125	9.68306396484375	-0.1220703125	0.06103515625	0.32806396484375
0.143	-0.0383203125	0.00718505859375	9.73575439453125	0.030517578125	0.08392333984375	0.396728515625
0.151	-0.05748046875	-0.076640625	9.71180419921875	-0.244140625	0.02288818359375	0.41961669921875
0.16	0.0	-0.02155517578125	9.81718505859375	-0.396728515625	0.03814697265625	0.34332275390625
0.168	-0.0718505859375	-0.09819580078125001	9.70701416015625	-0.2593994140625	-0.0762939453125	0.43487548828125
0.178	-0.086220703125	-0.04071533203125	9.680668945312501	-0.14495849609375	-0.1068115234375	0.45013427734375
0.187	-0.023950195312500002	-0.07424560546875	9.747729492187501	-0.12969970703125	0.0457763671875	0.35858154296875
0.196	-0.045505371093750004	-0.09340576171875001	9.73096435546875	-0.1068115234375	0.1678466796875	0.46539306640625
0.205	-0.0143701171875	-0.0718505859375	9.7860498046875	-0.38909912109375	-0.18310546875	0.52642822265625
0.215	-0.050295410156250005	-0.10059082031250001	9.742939453125	-0.18310546875	0.0457763671875	0.2593994140625
0.224	-0.026345214843750003	-0.09101074218750001	9.7285693359375	-0.26702880859375	-0.20599365234375	0.3509521484375
0.233	-0.03592529296875	-0.11735595703125	9.71180419921875	-0.28228759765625	0.12969970703125	0.2593994140625
0.242	-0.09819580078125001	-0.07903564453125	9.76449462890625	-0.32806396484375	0.02288818359375	0.3204345703125
0.25	-0.00239501953125	-0.04071533203125	9.70701416015625	-0.3509521484375	0.25177001953125	0.46539306640625
0.26	-0.028740234375	-0.023950195312500002	9.6902490234375	-0.11444091796875	0.28228759765625	0.38909912109375
0.269	-0.11256591796875001	-0.07424560546875	9.723779296875	-0.31280517578125	0.2288818359375	0.3662109375
0.278	-0.067060546875	-0.04071533203125	9.75970458984375	-0.29754638671875	0.45013427734375	0.40435791015625
0.287	0.00239501953125	-0.045505371093750004	9.769284667968751	-0.3204345703125	0.4425048828125	0.4119873046875
0.295	-0.01916015625	-0.00239501953125	9.742939453125	-0.396728515625	0.48828125	0.5035400390625
0.304	-0.055085449218750006	-0.055085449218750006	9.627978515625001	-0.38909912109375	0.42724609375	0.32806396484375
0.313	-0.11256591796875001	-0.009580078125	9.673483886718751	-0.42724609375	0.34332275390625	0.31280517578125
0.322	-0.10298583984375001	-0.05987548828125	9.69743408203125	-0.42724609375	0.32806396484375	0.4730224609375
0.331	0.00239501953125	-0.028740234375	9.81718505859375	-0.335693359375	0.396728515625	0.3814697265625
0.339	0.17483642578125	-0.08861572265625	9.64474365234375	-0.22125244140625	0.0	0.35858154296875
0.348	-0.009580078125	-0.0622705078125	9.65911376953125	-0.00762939453125	0.1373291015625	0.3814697265625
0.357	-0.10538085937500001	-0.08382568359375	9.7381494140625	-0.03814697265625	-0.17547607421875	0.3509521484375
0.367	-0.10059082031250001	-0.067060546875	9.79083984375	-0.1373291015625	-0.1068115234375	0.55694580078125
0.376	-0.04071533203125	-0.10298583984375001	9.80281494140625	-0.0152587890625	-0.06103515625	0.2899169921875
0.385	-0.04071533203125	-0.055085449218750006	9.71180419921875	-0.17547607421875	0.16021728515625	0.48828125
0.394	-0.052690429687500005	-0.05748046875	9.7716796875	-0.06103515625	0.1373291015625	0.42724609375
0.402	-0.13412109375	-0.052690429687500005	9.733359375000001	0.03814697265625	-0.18310546875	0.579833984375
0.411	-0.0143701171875	-0.05987548828125	9.66390380859375	0.244140625	-0.17547607421875	0.5645751953125
0.42	-0.052690429687500005	-0.0383203125	9.6902490234375	0.19073486328125	-0.28228759765625	0.37384033203125
0.429	-0.00239501953125	-0.09340576171875001	9.67827392578125	0.03814697265625	-0.35858154296875	0.38909912109375
0.438	-0.055085449218750006	-0.10538085937500001	9.742939453125	0.152587890625	-0.8544921875	0.48828125
0.447	-0.0622705078125	-0.03592529296875	9.6902490234375	0.0152587890625	-0.6866455078125	0.34332275390625
0.456	-0.028740234375	-0.07903564453125	9.69743408203125	-0.19073486328125	-0.60272216796875	0.640869140625
0.465	-0.0047900390625	0.009580078125	9.702224121093751	-0.06866455078125	-0.37384033203125	0.457763671875
0.474	-0.067060546875	-0.04071533203125	9.81718505859375	-0.274658203125	-0.48065185546875	0.4119873046875
0.483	-0.07903564453125	-0.067060546875	9.733359375000001	-0.0457763671875	-0.518798828125	0.38909912109375
0.492	-0.05748046875	-0.07424560546875	9.800419921875001	0.0	-0.52642822265625	0.5950927734375
0.501	-0.02155517578125	-0.0383203125	9.709409179687501	0.0457763671875	-0.40435791015625	0.37384033203125
0.509	0.00718505859375	-0.03113525390625	9.742939453125	-0.1983642578125	-0.28228759765625	0.38909912109375
0.519	-0.01916015625	-0.09819580078125001	9.73575439453125	0.0457763671875	-0.1983642578125	0.37384033203125
0.527	-0.028740234375	-0.10059082031250001	9.776469726562501	-0.16021728515625	-0.030517578125	0.52642822265625
0.536	-0.055085449218750006	-0.08861572265625	9.7189892578125	-0.00762939453125	-0.1068115234375	0.49591064453125
0.545	-0.0383203125	-0.07903564453125	9.747729492187501	-0.0762939453125	0.02288818359375	0.52642822265625
0.555	0.0431103515625	-0.047900390625000004	9.71180419921875	-0.1373291015625	0.152587890625	0.4425048828125
0.563	-0.06466552734375	-0.0383203125	9.6519287109375	-0.05340576171875	-0.02288818359375	0.67138671875
0.572	-0.0814306640625	-0.067060546875	9.695039062500001	-0.152587890625	0.1678466796875	0.41961669921875
0.581	-0.009580078125	-0.0335302734375	9.687854003906251	-0.2899169921875	0.335693359375	0.32806396484375
0.59	-0.03113525390625	-0.0814306640625	9.78844482421875	-0.18310546875	0.61798095703125	0.54168701171875
0.6	-0.08382568359375	-0.09101074218750001	9.716594238281251	-0.1678466796875	0.06103515625	0.57220458984375
0.608	0.0143701171875	-0.07903564453125	9.65432373046875	-0.16021728515625	0.42724609375	0.63323974609375
0.617	-0.07903564453125	-0.028740234375	9.716594238281251	-0.14495849609375	0.23651123046875	0.457763671875
0.626	-0.10059082031250001	-0.01916015625	9.673483886718751	-0.20599365234375	0.05340576171875	0.40435791015625
0.635	0.00239501953125	-0.05987548828125	9.7573095703125	-0.152587890625	0.1983642578125	0.66375732421875
0.644	-0.023950195312500002	-0.07903564453125	9.829160156250001	-0.1678466796875	0.31280517578125	0.28228759765625
0.653	0.00718505859375	-0.0814306640625	9.733359375000001	-0.335693359375	0.3204345703125	0.48828125
0.662	-0.06945556640625	-0.00718505859375	9.71419921875	-0.1373291015625	0.55694580078125	0.54168701171875
0.671	-0.07424560546875	-0.076640625	9.793234863281251	-0.05340576171875	0.58746337890625	0.8544921875
0.679	0.0047900390625	-0.045505371093750004	9.72617431640625	-0.06103515625	0.3814697265625	1.068115234375
0.689	-0.0431103515625	-0.07903564453125	9.7860498046875	-0.06103515625	0.5340576171875	1.2664794921875
0.697	0.00718505859375	-0.026345214843750003	9.695039062500001	-0.02288818359375	0.08392333984375	2.86102294921875
0.706	-0.10538085937500001	-0.0814306640625	9.733359375000001	-0.00762939453125	0.05340576171875	2.3345947265625
0.715	-0.04071533203125	-0.0431103515625	9.702224121093751	-0.213623046875	0.31280517578125	1.24359130859375
0.724	-0.01916015625	-0.10059082031250001	9.7189892578125	-0.08392333984375	0.06866455078125	0.7476806640625
0.733	-0.04071533203125	-0.03592529296875	9.71180419921875	0.0152587890625	0.030517578125	0.35858154296875
0.741	-0.03113525390625	-0.076640625	9.680668945312501	-0.244140625	-0.18310546875	0.6866455078125
0.75	-0.0622705078125	-0.023950195312500002	9.627978515625001	-0.05340576171875	0.08392333984375	0.41961669921875
0.759	-0.055085449218750006	-0.047900390625000004	9.70701416015625	-0.19073486328125	-0.1068115234375	0.42724609375
0.769	-0.0718505859375	-0.05748046875	9.723779296875	-0.0152587890625	-0.152587890625	0.23651123046875
0.778	0.02155517578125	0.0	9.687854003906251	-0.28228759765625	0.06103515625	0.29754638671875
0.785	-0.09819580078125001	-0.050295410156250005	9.73575439453125	-0.244140625	0.05340576171875	0.30517578125
0.794	-0.04071533203125	-0.06945556640625	9.695039062500001	-0.1983642578125	-0.30517578125	0.4119873046875
0.803	-0.0718505859375	-0.0143701171875	9.6615087890625	-0.29754638671875	0.02288818359375	0.3509521484375
0.813	-0.0335302734375	-0.07903564453125	9.733359375000001	-0.19073486328125	-0.12969970703125	0.274658203125
0.822	-0.0143701171875	-0.07903564453125	9.673483886718751	-0.1678466796875	-0.2593994140625	0.40435791015625
0.832	-0.05987548828125	-0.0622705078125	9.79802490234375	-0.152587890625	-0.26702880859375	0.54931640625
0.84	-0.02155517578125	-0.05748046875	9.740544433593751	-0.030517578125	-0.46539306640625	0.46539306640625
0.85	-0.05987548828125	-0.06945556640625	9.64474365234375	-0.2288818359375	-0.54168701171875	0.3662109375
0.86	-0.07903564453125	-0.0431103515625	9.72617431640625	-0.11444091796875	-0.43487548828125	0.30517578125
0.869	-0.06466552734375	-0.02155517578125	9.747729492187501	-0.16021728515625	-0.3509521484375	0.42724609375
0.878	-0.00718505859375	-0.1149609375	9.776469726562501	-0.30517578125	-0.3814697265625	0.3814697265625
0.887	-0.028740234375	-0.050295410156250005	9.76449462890625	-0.1678466796875	-0.3204345703125	0.67901611328125
0.897	-0.009580078125	-0.047900390625000004	9.79083984375	0.030517578125	-0.1983642578125	0.43487548828125
0.905	0.0	-0.045505371093750004	9.73575439453125	-0.03814697265625	-0.244140625	0.41961669921875
0.913	-0.0335302734375	-0.07424560546875	9.762099609375001	-0.1220703125	-0.06103515625	0.579833984375
0.922	-0.011975097656250001	-0.052690429687500005	9.695039062500001	-0.1983642578125	0.00762939453125	0.35858154296875
0.931	-0.05987548828125	-0.05987548828125	9.702224121093751	-0.20599365234375	-0.1678466796875	0.3814697265625
0.941	-0.067060546875	-0.09819580078125001	9.7573095703125	-0.28228759765625	-0.335693359375	0.42724609375
0.95	-0.07424560546875	-0.03113525390625	9.6710888671875	-0.1373291015625	0.0	0.37384033203125
0.959	-0.04071533203125	-0.06466552734375	9.6327685546875	-0.0152587890625	-0.38909912109375	0.640869140625
0.968	-0.01676513671875	-0.0383203125	9.75012451171875	-0.05340576171875	-0.2593994140625	0.38909912109375
0.976	-0.0047900390625	-0.09340576171875001	9.81718505859375	-0.06866455078125	-0.37384033203125	0.55694580078125
0.986	-0.0047900390625	-0.055085449218750006	9.666298828125	0.05340576171875	-0.2288818359375	0.32806396484375
0.994	-0.009580078125	-0.055085449218750006	9.776469726562501	-0.244140625	-0.1373291015625	0.46539306640625
1.003	-0.07424560546875	-0.09580078125000001	9.6998291015625	-0.02288818359375	-0.11444091796875	0.54168701171875
1.012	-0.06945556640625	-0.023950195312500002	9.776469726562501	-0.03814697265625	-0.06103515625	0.3814697265625
1.021	-0.0143701171875	-0.04071533203125	9.723779296875	-0.1983642578125	-0.12969970703125	0.4730224609375
1.032	-0.045505371093750004	-0.076640625	9.73575439453125	-0.16021728515625	-0.14495849609375	0.244140625
1.041	-0.045505371093750004	-0.08382568359375	9.70701416015625	-0.0457763671875	0.11444091796875	0.3204345703125
1.05	-0.047900390625000004	-0.050295410156250005	9.72617431640625	-0.16021728515625	0.1068115234375	0.46539306640625
1.059	0.02155517578125	-0.0431103515625	9.78365478515625	-0.06866455078125	-0.03814697265625	0.35858154296875
1.068	-0.03592529296875	-0.06945556640625	9.709409179687501	-0.02288818359375	-0.09918212890625	0.26702880859375
1.077	-0.0047900390625	-0.028740234375	9.73096435546875	-0.1220703125	-0.213623046875	0.38909912109375
1.086	-0.052690429687500005	-0.023950195312500002	9.695039062500001	-0.091552734375	-0.152587890625	0.4730224609375
1.095	-0.03113525390625	-0.050295410156250005	9.78365478515625	-0.08392333984375	-0.1220703125	0.579833984375
1.104	-0.04071533203125	-0.045505371093750004	9.78365478515625	-0.16021728515625	0.00762939453125	0.5950927734375
1.114	-0.07424560546875	-0.1149609375	9.829160156250001	-0.16021728515625	0.2899169921875	0.3204345703125
1.123	-0.0622705078125	0.011975097656250001	9.69264404296875	-0.34332275390625	0.2288818359375	0.5340576171875
1.132	-0.050295410156250005	-0.067060546875	9.67587890625	-0.28228759765625	0.16021728515625	0.396728515625
1.141	-0.009580078125	-0.04071533203125	9.69264404296875	-0.2593994140625	0.244140625	0.396728515625
1.152	-0.06945556640625	-0.076640625	9.723779296875	-0.30517578125	0.16021728515625	0.40435791015625
1.161	-0.07903564453125	-0.047900390625000004	9.704619140625	-0.18310546875	0.09918212890625	0.52642822265625
1.17	-0.01676513671875	-0.086220703125	9.8052099609375	-0.29754638671875	0.1068115234375	0.3204345703125
1.179	-0.086220703125	-0.0047900390625	9.687854003906251	-0.18310546875	-0.0152587890625	0.37384033203125
1.188	-0.047900390625000004	-0.11017089843750001	9.73096435546875	-0.2593994140625	0.12969970703125	0.3509521484375
1.198	-0.07424560546875	-0.11017089843750001	9.7956298828125	-0.16021728515625	0.18310546875	0.3509521484375
1.207	-0.045505371093750004	-0.050295410156250005	9.72617431640625	-0.17547607421875	0.0762939453125	0.48065185546875
1.217	-0.03592529296875	-0.06945556640625	9.716594238281251	-0.213623046875	-0.43487548828125	0.35858154296875
1.226	-0.0383203125	-0.0383203125	9.72138427734375	-0.1220703125	-0.26702880859375	0.52642822265625
1.235	-0.055085449218750006	-0.009580078125	9.79083984375	-0.152587890625	-0.32806396484375	0.38909912109375
1.245	-0.0047900390625	-0.028740234375	9.7956298828125	-0.06866455078125	-0.05340576171875	0.3814697265625
1.254	-0.0383203125	-0.09101074218750001	9.76449462890625	-0.20599365234375	-0.23651123046875	0.48828125
1.263	-0.055085449218750006	-0.0047900390625	9.73575439453125	-0.2288818359375	0.00762939453125	0.42724609375
1.271	-0.01676513671875	-0.08861572265625	9.704619140625	-0.06866455078125	-0.12969970703125	0.52642822265625
1.282	-0.09819580078125001	-0.09101074218750001	9.65911376953125	-0.12969970703125	-0.11444091796875	0.4119873046875
1.291	-0.07424560546875	-0.0335302734375	9.7189892578125	-0.3814697265625	-0.12969970703125	0.23651123046875
1.301	-0.026345214843750003	-0.076640625	9.6902490234375	-0.38909912109375	-0.31280517578125	0.3509521484375
1.31	-0.03592529296875	-0.0335302734375	9.747729492187501	-0.2899169921875	-0.16021728515625	0.4425048828125
1.319	-0.05748046875	-0.09340576171875001	9.7716796875	-0.25177001953125	-0.1373291015625	0.45013427734375
1.329	-0.09101074218750001	-0.01916015625	9.67827392578125	-0.152587890625	0.05340576171875	0.396728515625
1.338	-0.05987548828125	-0.03113525390625	9.6615087890625	-0.091552734375	-0.00762939453125	0.49591064453125
1.347	-0.0143701171875	-0.045505371093750004	9.733359375000001	-0.28228759765625	-0.091552734375	0.54168701171875
1.356	-0.047900390625000004	-0.055085449218750006	9.6710888671875	-0.09918212890625	0.19073486328125	0.3509521484375
1.366	0.00718505859375	-0.028740234375	9.740544433593751	-0.16021728515625	0.1983642578125	0.35858154296875
1.375	-0.0431103515625	-0.052690429687500005	9.84592529296875	-0.02288818359375	0.2593994140625	0.4730224609375
1.384	0.0	-0.0814306640625	9.762099609375001	-0.12969970703125	0.40435791015625	0.4119873046875
1.392	-0.07424560546875	-0.047900390625000004	9.64474365234375	-0.1220703125	0.579833984375	0.30517578125
1.401	-0.03113525390625	-0.0335302734375	9.7189892578125	-0.20599365234375	0.396728515625	0.30517578125
1.411	-0.055085449218750006	-0.047900390625000004	9.733359375000001	-0.16021728515625	0.4730224609375	0.29754638671875
1.42	-0.05987548828125	-0.04071533203125	9.76449462890625	-0.1373291015625	0.67138671875	0.49591064453125
1.429	-0.0431103515625	-0.052690429687500005	9.754914550781251	-0.0762939453125	0.5035400390625	0.41961669921875
1.438	-0.05987548828125	-0.08861572265625	9.7956298828125	-0.16021728515625	0.2899169921875	0.16021728515625
1.448	-0.11256591796875001	-0.0383203125	9.7716796875	-0.25177001953125	0.335693359375	0.4119873046875
1.458	-0.00718505859375	-0.0814306640625	9.776469726562501	-0.1678466796875	-0.00762939453125	0.31280517578125
1.467	-0.028740234375	-0.009580078125	9.781259765625	-0.244140625	0.14495849609375	0.54168701171875
1.476	-0.0335302734375	-0.028740234375	9.747729492187501	-0.3662109375	0.25177001953125	0.3204345703125
1.485	-0.050295410156250005	-0.0335302734375	9.73575439453125	-0.12969970703125	0.22125244140625	0.45013427734375
1.495	-0.05987548828125	-0.086220703125	9.66390380859375	-0.30517578125	0.0457763671875	0.518798828125
1.504	-0.08861572265625	-0.050295410156250005	9.716594238281251	-0.14495849609375	0.1068115234375	0.34332275390625
1.513	-0.052690429687500005	-0.07424560546875	9.7381494140625	-0.1983642578125	0.12969970703125	0.4730224609375
1.522	-0.0431103515625	-0.0335302734375	9.68306396484375	-0.14495849609375	0.25177001953125	0.3814697265625
1.531	-0.0431103515625	0.026345214843750003	9.716594238281251	-0.23651123046875	-0.1220703125	0.4119873046875
1.541	-0.05748046875	-0.023950195312500002	9.68306396484375	-0.213623046875	0.030517578125	0.42724609375
1.549	-0.09340576171875001	-0.1149609375	9.702224121093751	-0.1373291015625	0.03814697265625	0.28228759765625
1.558	-0.052690429687500005	-0.07424560546875	9.7716796875	-0.05340576171875	-0.274658203125	0.40435791015625
1.568	-0.0718505859375	-0.10538085937500001	9.695039062500001	-0.14495849609375	-0.05340576171875	0.55694580078125
1.579	-0.076640625	-0.0814306640625	9.76449462890625	-0.12969970703125	-0.2288818359375	0.43487548828125
1.588	-0.067060546875	-0.11017089843750001	9.807604980468751	-0.244140625	-0.02288818359375	0.41961669921875
1.597	-0.023950195312500002	-0.076640625	9.7189892578125	-0.14495849609375	-0.091552734375	0.32806396484375
1.606	-0.050295410156250005	-0.045505371093750004	9.680668945312501	-0.09918212890625	-0.1220703125	0.396728515625
1.616	-0.04071533203125	-0.09101074218750001	9.78844482421875	-0.1220703125	-0.0762939453125	0.42724609375
1.626	-0.05987548828125	-0.028740234375	9.754914550781251	-0.0152587890625	-0.1220703125	0.457763671875
1.635	-0.028740234375	-0.045505371093750004	9.7668896484375	-0.30517578125	0.05340576171875	0.34332275390625
1.644	-0.05987548828125	-0.00718505859375	9.70701416015625	-0.25177001953125	-0.19073486328125	0.244140625
1.653	-0.03113525390625	-0.055085449218750006	9.7668896484375	-0.45013427734375	0.06866455078125	0.4730224609375
1.662	-0.02155517578125	-0.076640625	9.73096435546875	-0.11444091796875	-0.06103515625	0.48828125
1.672	-0.06466552734375	-0.10538085937500001	9.7668896484375	0.00762939453125	0.0	0.48828125
1.68	-0.08861572265625	-0.08861572265625	9.72617431640625	-0.0457763671875	0.0	0.3509521484375
1.689	-0.009580078125	-0.10777587890625001	9.740544433593751	-0.08392333984375	-0.0457763671875	0.48065185546875
1.699	-0.08861572265625	-0.047900390625000004	9.81239501953125	-0.274658203125	-0.22125244140625	0.3204345703125
1.709	-0.045505371093750004	-0.03592529296875	9.7285693359375	-0.28228759765625	-0.2288818359375	0.48828125
1.718	-0.050295410156250005	-0.0383203125	9.65911376953125	-0.17547607421875	-0.2899169921875	0.35858154296875
1.728	-0.06945556640625	-0.08861572265625	9.75012451171875	-0.030517578125	-0.40435791015625	0.52642822265625
1.737	-0.00239501953125	-0.050295410156250005	9.73096435546875	-0.31280517578125	-0.1678466796875	0.396728515625
1.745	-0.052690429687500005	-0.06945556640625	9.73575439453125	0.030517578125	-0.2593994140625	0.40435791015625
1.755	-0.0143701171875	-0.05748046875	9.860295410156251	-0.1220703125	-0.213623046875	0.3509521484375
1.764	0.00239501953125	-0.01916015625	9.68306396484375	-0.1068115234375	-0.1678466796875	0.396728515625
1.773	-0.05987548828125	-0.0383203125	9.7381494140625	0.030517578125	-0.335693359375	0.29754638671875
1.782	-0.0814306640625	0.00239501953125	9.76449462890625	0.0152587890625	-0.05340576171875	0.48065185546875
1.79	-0.01916015625	-0.076640625	9.807604980468751	0.0762939453125	-0.2899169921875	0.457763671875
1.8	-0.05987548828125	0.026345214843750003	9.7285693359375	-0.03814697265625	-0.48065185546875	0.457763671875
1.81	-0.06945556640625	-0.1149609375	9.7716796875	-0.12969970703125	-0.3662109375	0.55694580078125
1.819	0.009580078125	-0.067060546875	9.6710888671875	-0.1983642578125	-0.3662109375	0.43487548828125
1.828	-0.01916015625	-0.04071533203125	9.71419921875	-0.11444091796875	-0.45013427734375	0.457763671875
1.838	-0.045505371093750004	-0.0335302734375	9.71419921875	-0.1678466796875	-0.5035400390625	0.34332275390625
1.847	-0.0431103515625	-0.026345214843750003	9.7285693359375	-0.1678466796875	-0.43487548828125	0.31280517578125
1.857	-0.0814306640625	-0.06945556640625	9.71180419921875	-0.1983642578125	-0.48065185546875	0.32806396484375
1.866	-0.03592529296875	-0.067060546875	9.747729492187501	-0.34332275390625	-0.2593994140625	0.40435791015625
1.875	-0.052690429687500005	-0.0143701171875	9.723779296875	-0.29754638671875	-0.06866455078125	0.35858154296875
1.885	-0.04071533203125	-0.050295410156250005	9.71419921875	-0.34332275390625	-0.0152587890625	0.4730224609375
1.895	-0.23231689453125	-0.01916015625	9.70701416015625	-0.14495849609375	-0.08392333984375	0.3814697265625
1.904	-0.05748046875	-0.08382568359375	9.81	-0.3814697265625	-0.152587890625	0.14495849609375
1.913	-0.0383203125	-0.0431103515625	9.695039062500001	0.0152587890625	-0.1983642578125	0.34332275390625
1.923	-0.028740234375	-0.0383203125	9.762099609375001	-0.08392333984375	-0.05340576171875	0.43487548828125
1.932	-0.11256591796875001	-0.045505371093750004	9.762099609375001	-0.09918212890625	-0.2288818359375	0.3814697265625
1.941	-0.05987548828125	-0.0335302734375	9.73096435546875	0.06103515625	0.16021728515625	0.31280517578125
1.949	-0.04071533203125	-0.026345214843750003	9.769284667968751	0.09918212890625	-0.03814697265625	0.55694580078125
1.958	-0.067060546875	-0.023950195312500002	9.75251953125	0.17547607421875	-0.1373291015625	0.518798828125
1.968	-0.0718505859375	-0.14130615234375002	9.73575439453125	0.0457763671875	-0.40435791015625	0.58746337890625
1.977	-0.01676513671875	-0.0335302734375	9.66390380859375	0.2288818359375	-0.49591064453125	0.5035400390625
1.986	-0.03592529296875	-0.09819580078125001	9.73096435546875	0.32806396484375	-0.55694580078125	0.48828125
1.996	-0.10538085937500001	-0.04071533203125	9.7860498046875	0.0	-0.92315673828125	0.4119873046875
2.006	-0.086220703125	-0.09580078125000001	9.73096435546875	0.14495849609375	-1.07574462890625	0.579833984375
2.015	-0.009580078125	-0.04071533203125	9.742939453125	0.09918212890625	-0.99945068359375	0.69427490234375
2.025	-0.047900390625000004	-0.05987548828125	9.7573095703125	-0.06866455078125	-0.84686279296875	0.74005126953125
2.034	-0.00239501953125	-0.04071533203125	9.776469726562501	-0.16021728515625	-0.6561279296875	0.946044921875
2.043	0.050295410156250005	-0.023950195312500002	9.66869384765625	-0.03814697265625	-0.32806396484375	0.83160400390625
2.053	-0.03113525390625	-0.045505371093750004	9.704619140625	-0.1983642578125	-0.5950927734375	0.7171630859375
2.062	-0.07424560546875	-0.0047900390625	9.7189892578125	-0.091552734375	-0.41961669921875	1.28173828125
2.071	-0.10298583984375001	-0.050295410156250005	9.7956298828125	0.0152587890625	-0.3204345703125	1.22833251953125
2.081	-0.03592529296875	-0.086220703125	9.685458984375	-0.1678466796875	-0.28228759765625	1.800537109375
2.091	0.028740234375	-0.09101074218750001	9.74533447265625	-0.03814697265625	-0.1373291015625	2.5787353515625
2.1	0.045505371093750004	-0.050295410156250005	9.7381494140625	-0.0762939453125	0.12969970703125	2.00653076171875
2.11	-0.10777587890625001	-0.028740234375	9.72138427734375	-0.274658203125	0.18310546875	2.13623046875
2.119	0.011975097656250001	-0.01916015625	9.723779296875	-0.32806396484375	-0.06866455078125	1.89971923828125
2.128	-0.01676513671875	-0.05987548828125	9.69264404296875	-0.35858154296875	0.17547607421875	1.18255615234375
2.138	-0.0335302734375	-0.026345214843750003	9.74533447265625	-0.396728515625	0.18310546875	0.6256103515625
2.147	0.009580078125	-0.050295410156250005	9.829160156250001	-0.3662109375	-0.38909912109375	0.518798828125
2.156	0.028740234375	0.0143701171875	9.8052099609375	-0.67138671875	0.23651123046875	0.46539306640625
2.164	-0.009580078125	-0.045505371093750004	9.72617431640625	-0.49591064453125	0.5035400390625	0.41961669921875
2.173	-0.009580078125	-0.10059082031250001	9.7860498046875	-0.67901611328125	0.02288818359375	0.2899169921875
2.183	-0.067060546875	-0.09580078125000001	9.78844482421875	-0.823974609375	-0.02288818359375	0.518798828125
2.193	-0.0335302734375	-0.076640625	9.7381494140625	-0.6866455078125	0.274658203125	0.579833984375
2.202	-0.0718505859375	-0.047900390625000004	9.596843261718751	-0.6256103515625	0.40435791015625	0.35858154296875
2.211	-0.055085449218750006	-0.04071533203125	9.73096435546875	-0.3509521484375	0.22125244140625	0.42724609375
2.221	0.067060546875	-0.19878662109375	9.462722167968751	-0.48065185546875	0.64849853515625	0.51116943359375
2.23	-0.011975097656250001	-0.11256591796875001	9.800419921875001	-0.0457763671875	0.45013427734375	0.48065185546875
2.239	0.06945556640625	-0.04071533203125	9.79802490234375	-0.06103515625	0.20599365234375	0.31280517578125
2.247	-0.05987548828125	-0.055085449218750006	9.613608398437501	0.030517578125	0.1983642578125	0.57220458984375
2.256	-0.00718505859375	-0.05748046875	9.747729492187501	-0.03814697265625	0.14495849609375	0.66375732421875
2.265	-0.028740234375	0.0047900390625	9.67827392578125	-0.28228759765625	0.6103515625	0.46539306640625
2.274	0.011975097656250001	-0.0335302734375	9.7668896484375	-0.28228759765625	0.20599365234375	0.3814697265625
2.283	-0.05748046875	-0.0814306640625	9.71419921875	-0.457763671875	-0.40435791015625	0.43487548828125
2.292	-0.03592529296875	-0.067060546875	9.704619140625	-0.5340576171875	-0.16021728515625	0.25177001953125
2.301	-0.02155517578125	-0.028740234375	9.69743408203125	-0.34332275390625	-0.4730224609375	0.63323974609375
2.312	0.09340576171875001	-0.0335302734375	9.78365478515625	-0.396728515625	-0.3662109375	0.54931640625
2.321	0.0143701171875	-0.03592529296875	9.8243701171875	-0.20599365234375	0.06866455078125	0.57220458984375
2.329	-0.009580078125	-0.10298583984375001	9.73096435546875	0.0457763671875	0.19073486328125	0.40435791015625
2.338	-0.09101074218750001	-0.0335302734375	9.79083984375	-0.091552734375	0.030517578125	0.48828125
2.348	-0.03113525390625	-0.08382568359375	9.70701416015625	0.02288818359375	-0.22125244140625	0.41961669921875
2.356	-0.052690429687500005	-0.03592529296875	9.704619140625	0.14495849609375	-0.51116943359375	0.60272216796875
2.365	-0.0431103515625	-0.13651611328125002	9.7573095703125	0.1220703125	-0.38909912109375	0.45013427734375
2.374	-0.047900390625000004	-0.067060546875	9.747729492187501	0.18310546875	-0.63323974609375	0.4425048828125
2.384	-0.09819580078125001	-0.0383203125	9.73096435546875	0.0457763671875	-0.3204345703125	0.38909912109375
2.393	-0.026345214843750003	-0.05987548828125	9.836345214843751	0.06103515625	-0.4119873046875	0.40435791015625
2.402	-0.0143701171875	-0.0622705078125	9.67827392578125	0.0457763671875	-0.45013427734375	0.4119873046875
2.412	-0.047900390625000004	-0.076640625	9.84113525390625	0.11444091796875	-0.80108642578125	0.61798095703125
2.421	-0.01676513671875	-0.076640625	9.73096435546875	0.19073486328125	-0.79345703125	0.4425048828125
2.43	0.0143701171875	-0.05987548828125	9.81718505859375	0.213623046875	-0.90789794921875	0.518798828125
2.441	-0.10538085937500001	-0.09101074218750001	9.781259765625	0.0762939453125	-0.8544921875	0.4730224609375
2.45	-0.023950195312500002	-0.10059082031250001	9.762099609375001	0.11444091796875	-0.9918212890625	0.58746337890625
2.459	0.00239501953125	-0.06945556640625	9.8052099609375	0.14495849609375	-1.41143798828125	0.3662109375
2.468	-0.0622705078125	-0.09580078125000001	9.6710888671875	0.00762939453125	-1.0223388671875	0.701904296875
2.479	-0.03592529296875	-0.086220703125	9.80281494140625	-0.02288818359375	-1.12152099609375	0.40435791015625
2.488	-0.023950195312500002	-0.01676513671875	9.742939453125	0.20599365234375	-0.9307861328125	0.41961669921875
2.497	0.023950195312500002	-0.0718505859375	9.7716796875	0.02288818359375	-0.95367431640625	0.5035400390625
2.506	0.00718505859375	-0.04071533203125	9.77886474609375	0.11444091796875	-1.09100341796875	0.5340576171875
2.515	-0.050295410156250005	-0.04071533203125	9.776469726562501	0.14495849609375	-0.86212158203125	0.49591064453125
2.526	-0.067060546875	-0.067060546875	9.78365478515625	0.19073486328125	-0.8697509765625	0.60272216796875
2.535	-0.00718505859375	-0.03113525390625	9.769284667968751	0.20599365234375	-0.58746337890625	0.40435791015625
2.543	0.0143701171875	-0.05748046875	9.73575439453125	0.32806396484375	-0.54168701171875	0.579833984375
2.552	0.067060546875	-0.11735595703125	9.7860498046875	0.1678466796875	-0.152587890625	0.90789794921875
2.563	-0.10298583984375001	-0.36404296875000003	9.807604980468751	0.3204345703125	-0.5950927734375	6.1492919921875
2.573	-0.09101074218750001	-0.12693603515625002	9.723779296875	0.1678466796875	-0.762939453125	7.33184814453125
2.583	-0.01916015625	-0.09819580078125001	9.73096435546875	0.1373291015625	-0.7781982421875	7.88116455078125
2.593	-0.02155517578125	-0.0383203125	9.687854003906251	-0.0762939453125	-0.732421875	7.9345703125
2.603	0.06945556640625	0.07424560546875	9.814790039062501	-0.2288818359375	-0.80108642578125	7.74383544921875
2.613	0.086220703125	0.09580078125000001	9.733359375000001	-0.0152587890625	-0.48065185546875	5.66864013671875
2.622	0.03592529296875	0.023950195312500002	9.63995361328125	-0.17547607421875	-0.762939453125	3.6468505859375
2.631	-0.052690429687500005	0.0383203125	9.781259765625	-0.00762939453125	-1.02996826171875	1.9073486328125
2.64	-0.026345214843750003	-0.028740234375	9.73096435546875	-0.09918212890625	-1.15966796875	1.02996826171875
2.651	0.0143701171875	-0.050295410156250005	9.75012451171875	-0.37384033203125	-0.70953369140625	0.5950927734375
2.659	0.0047900390625	-0.00239501953125	9.685458984375	-0.0457763671875	-0.7171630859375	0.4425048828125
2.668	0.03592529296875	-0.00239501953125	9.77407470703125	-0.25177001953125	-0.5950927734375	0.46539306640625
2.676	0.009580078125	0.0335302734375	9.6998291015625	-0.54931640625	-0.1068115234375	0.5645751953125
2.685	0.050295410156250005	0.0	9.709409179687501	-0.66375732421875	0.091552734375	0.31280517578125
2.694	0.050295410156250005	-0.026345214843750003	9.747729492187501	-0.55694580078125	0.35858154296875	0.335693359375
2.703	0.04071533203125	-0.06466552734375	9.747729492187501	-0.55694580078125	0.35858154296875	0.34332275390625
2.712	-0.0718505859375	-0.06945556640625	9.73575439453125	-0.26702880859375	0.32806396484375	0.5035400390625
2.721	-0.03113525390625	-0.05987548828125	9.75012451171875	-0.20599365234375	0.40435791015625	0.274658203125
2.731	-0.06466552734375	-0.0622705078125	9.7716796875	-0.1983642578125	0.26702880859375	0.40435791015625
2.74	-0.03113525390625	-0.05748046875	9.7716796875	-0.152587890625	0.1220703125	0.54931640625
2.749	-0.0047900390625	-0.0047900390625	9.685458984375	-0.25177001953125	0.335693359375	0.52642822265625
2.758	0.00239501953125	-0.055085449218750006	9.79083984375	-0.0457763671875	0.12969970703125	0.77056884765625
2.766	0.023950195312500002	-0.06466552734375	9.793234863281251	-0.06103515625	0.35858154296875	0.60272216796875
2.776	0.01676513671875	-0.05748046875	9.807604980468751	-0.16021728515625	0.49591064453125	0.63323974609375
2.784	-0.050295410156250005	-0.10538085937500001	9.69743408203125	-0.12969970703125	0.2899169921875	0.48828125
2.793	-0.047900390625000004	-0.03592529296875	9.69264404296875	-0.06866455078125	0.22125244140625	0.38909912109375
2.802	-0.023950195312500002	-0.023950195312500002	9.78365478515625	-0.06866455078125	0.2899169921875	0.4119873046875
2.811	-0.0143701171875	-0.05987548828125	9.762099609375001	0.0	0.0152587890625	0.49591064453125
2.82	-0.05987548828125	-0.028740234375	9.776469726562501	-0.06103515625	0.25177001953125	0.5645751953125
2.829	-0.023950195312500002	-0.052690429687500005	9.687854003906251	-0.05340576171875	-0.00762939453125	0.6561279296875
2.838	0.00718505859375	-0.023950195312500002	9.673483886718751	0.0457763671875	0.0	0.701904296875
2.845	-0.00718505859375	-0.047900390625000004	9.75970458984375	-0.00762939453125	0.1068115234375	0.42724609375
2.854	-0.03592529296875	-0.06466552734375	9.7381494140625	-0.20599365234375	-0.05340576171875	0.28228759765625
2.864	-0.0335302734375	-0.11017089843750001	9.75970458984375	-0.1068115234375	0.05340576171875	0.57220458984375
2.873	-0.0047900390625	-0.04071533203125	9.7573095703125	-0.29754638671875	-0.152587890625	0.6103515625
2.882	0.06466552734375	-0.01916015625	9.733359375000001	-0.12969970703125	-0.2288818359375	0.52642822265625
2.891	0.055085449218750006	-0.028740234375	9.7573095703125	-0.42724609375	-0.12969970703125	0.43487548828125
2.9	-0.02155517578125	-0.045505371093750004	9.776469726562501	-0.152587890625	-0.03814697265625	0.48065185546875
2.91	0.03113525390625	-0.03592529296875	9.66390380859375	-0.14495849609375	0.1373291015625	0.5645751953125
2.919	-0.00239501953125	-0.050295410156250005	9.7381494140625	-0.1373291015625	0.18310546875	0.41961669921875
2.927	0.026345214843750003	-0.047900390625000004	9.79802490234375	-0.00762939453125	0.06866455078125	0.52642822265625
2.935	0.026345214843750003	-0.047900390625000004	9.747729492187501	-0.030517578125	-0.030517578125	0.42724609375
2.945	-0.047900390625000004	-0.08861572265625	9.733359375000001	-0.1220703125	0.20599365234375	0.396728515625
2.954	0.0335302734375	-0.076640625	9.776469726562501	-0.0762939453125	0.16021728515625	0.38909912109375
2.963	0.045505371093750004	-0.052690429687500005	9.807604980468751	0.12969970703125	-0.05340576171875	0.5645751953125
2.971	-0.0143701171875	-0.0718505859375	9.81	0.0152587890625	-0.12969970703125	0.640869140625
2.98	-0.050295410156250005	-0.009580078125	9.71180419921875	-0.0152587890625	0.0762939453125	0.4730224609375
2.99	-0.01676513671875	-0.0383203125	9.75970458984375	-0.06103515625	-0.18310546875	0.57220458984375
2.999	0.026345214843750003	-0.06945556640625	9.72138427734375	-0.16021728515625	0.23651123046875	0.46539306640625
3.007	-0.01676513671875	-0.05987548828125	9.7573095703125	-0.03814697265625	0.244140625	0.5340576171875
3.016	-0.00718505859375	-0.11017089843750001	9.673483886718751	-0.11444091796875	0.335693359375	0.37384033203125
3.025	-0.04071533203125	-0.067060546875	9.79802490234375	-0.22125244140625	0.0152587890625	0.6103515625
3.035	-0.0143701171875	-0.050295410156250005	9.800419921875001	-0.17547607421875	0.1220703125	0.61798095703125
3.044	-0.009580078125	-0.02155517578125	9.7668896484375	-0.274658203125	0.19073486328125	0.274658203125
3.053	-0.050295410156250005	-0.050295410156250005	9.70701416015625	-0.06103515625	0.244140625	0.61798095703125
3.062	-0.0335302734375	-0.07424560546875	9.7860498046875	-0.12969970703125	0.32806396484375	0.4730224609375
3.072	-0.0143701171875	0.00239501953125	9.71419921875	-0.18310546875	0.43487548828125	0.54168701171875
3.08	-0.0814306640625	-0.055085449218750006	9.71419921875	-0.23651123046875	0.58746337890625	0.5340576171875
3.089	-0.050295410156250005	-0.06466552734375	9.709409179687501	-0.3204345703125	0.57220458984375	0.55694580078125
3.099	-0.0335302734375	-0.0335302734375	9.79083984375	-0.274658203125	0.22125244140625	0.30517578125
3.107	-0.04071533203125	-0.028740234375	9.776469726562501	-0.29754638671875	0.5950927734375	0.32806396484375
3.117	0.0383203125	-0.050295410156250005	9.77407470703125	-0.19073486328125	0.2593994140625	0.5035400390625
3.126	-0.00239501953125	-0.10538085937500001	9.769284667968751	-0.4425048828125	0.14495849609375	0.67138671875
3.135	-0.04071533203125	-0.08861572265625	9.7189892578125	-0.213623046875	0.091552734375	0.48065185546875
3.144	-0.04071533203125	-0.0383203125	9.709409179687501	-0.25177001953125	0.16021728515625	0.51116943359375
3.153	0.0622705078125	0.00718505859375	9.79802490234375	-0.1678466796875	0.1068115234375	0.43487548828125
3.162	0.0047900390625	-0.009580078125	9.740544433593751	0.1220703125	0.05340576171875	0.14495849609375
3.17	-0.03592529296875	-0.086220703125	9.695039062500001	-0.2288818359375	0.11444091796875	0.54168701171875
3.18	-0.03113525390625	-0.04071533203125	9.857900390625	-0.14495849609375	0.1373291015625	0.4425048828125
3.188	-0.023950195312500002	-0.01676513671875	9.67587890625	0.030517578125	0.19073486328125	0.54168701171875
3.197	0.050295410156250005	-0.07424560546875	9.716594238281251	-0.152587890625	0.40435791015625	0.823974609375
3.207	0.023950195312500002	-0.13651611328125002	9.79802490234375	-0.18310546875	0.5035400390625	1.64031982421875
3.216	0.086220703125	-0.1580712890625	9.695039062500001	-0.00762939453125	0.54168701171875	2.3193359375
3.225	0.06945556640625	0.00718505859375	9.781259765625	-0.0457763671875	0.41961669921875	2.84576416015625
3.234	-0.0431103515625	-0.09101074218750001	9.695039062500001	-0.16021728515625	0.1068115234375	2.1209716796875
3.244	0.03113525390625	-0.047900390625000004	9.75251953125	-0.22125244140625	0.0457763671875	2.197265625
3.253	-0.023950195312500002	-0.0622705078125	9.754914550781251	-0.1983642578125	-0.23651123046875	1.2359619140625
3.263	-0.011975097656250001	0.0143701171875	9.75012451171875	-0.23651123046875	-0.32806396484375	0.7781982421875
3.272	-0.076640625	-0.05748046875	9.781259765625	-0.244140625	-0.63323974609375	0.5645751953125
3.281	-0.026345214843750003	-0.04071533203125	9.74533447265625	-0.31280517578125	-0.7171630859375	0.48828125
3.291	-0.00239501953125	0.00718505859375	9.742939453125	-0.2288818359375	-0.52642822265625	0.3204345703125
3.3	-0.0383203125	-0.028740234375	9.77407470703125	-0.28228759765625	-0.81634521484375	0.457763671875
3.31	-0.02155517578125	-0.0335302734375	9.71180419921875	-0.335693359375	-0.80108642578125	0.335693359375
3.319	-0.02155517578125	0.023950195312500002	9.7381494140625	-0.28228759765625	-0.6866455078125	0.42724609375
3.329	-0.05987548828125	-0.0814306640625	9.79083984375	-0.05340576171875	-0.6103515625	0.28228759765625
3.338	0.01676513671875	-0.0814306640625	9.716594238281251	-0.396728515625	-0.30517578125	0.3204345703125
3.347	-0.023950195312500002	-0.10538085937500001	9.838740234375	-0.34332275390625	0.14495849609375	0.2288818359375
3.356	-0.01676513671875	-0.08382568359375	9.70701416015625	-0.26702880859375	0.11444091796875	0.4119873046875
3.365	0.028740234375	0.00239501953125	9.7189892578125	-0.244140625	0.274658203125	0.48065185546875
3.375	-0.03592529296875	-0.03113525390625	9.7860498046875	-0.3814697265625	-0.16021728515625	0.2899169921875
3.384	0.0143701171875	-0.06945556640625	9.75251953125	-0.2593994140625	-0.152587890625	0.55694580078125
3.393	-0.011975097656250001	-0.009580078125	9.71180419921875	-0.26702880859375	-0.22125244140625	0.46539306640625
3.402	-0.011975097656250001	-0.16046630859375	9.747729492187501	-0.1068115234375	-0.17547607421875	0.38909912109375
3.411	-0.03113525390625	-0.10538085937500001	9.723779296875	-0.0457763671875	-0.23651123046875	0.55694580078125
3.422	-0.026345214843750003	-0.10059082031250001	9.829160156250001	-0.152587890625	-0.2899169921875	0.60272216796875
3.431	0.0143701171875	-0.055085449218750006	9.733359375000001	-0.1983642578125	-0.12969970703125	0.4119873046875
3.44	0.023950195312500002	-0.023950195312500002	9.7716796875	0.00762939453125	-0.31280517578125	0.55694580078125
3.448	-0.00718505859375	-0.052690429687500005	9.77886474609375	0.11444091796875	0.09918212890625	0.5035400390625
3.458	-0.01676513671875	-0.0718505859375	9.769284667968751	-0.03814697265625	0.14495849609375	0.579833984375
3.467	0.009580078125	-0.0383203125	9.709409179687501	-0.05340576171875	-0.1373291015625	0.43487548828125
3.475	-0.023950195312500002	-0.01676513671875	9.807604980468751	-0.1373291015625	0.1068115234375	0.58746337890625
3.484	-0.00239501953125	-0.05987548828125	9.75251953125	-0.14495849609375	-0.0152587890625	0.58746337890625
3.493	0.01916015625	-0.0143701171875	9.71419921875	-0.06103515625	0.0457763671875	0.48828125
3.502	0.01916015625	-0.09340576171875001	9.75012451171875	-0.11444091796875	-0.08392333984375	0.762939453125
3.511	0.0	-0.011975097656250001	9.723779296875	-0.213623046875	-0.11444091796875	0.54931640625
3.52	0.02155517578125	-0.052690429687500005	9.747729492187501	-0.37384033203125	-0.19073486328125	0.5645751953125
3.529	-0.03113525390625	-0.045505371093750004	9.814790039062501	-0.0152587890625	-0.25177001953125	0.5645751953125
3.538	-0.045505371093750004	-0.023950195312500002	9.687854003906251	-0.1220703125	-0.35858154296875	0.54168701171875
3.548	-0.05987548828125	-0.08861572265625	9.7956298828125	-0.06866455078125	-0.1983642578125	0.52642822265625
3.558	-0.06466552734375	-0.10059082031250001	9.680668945312501	-0.1983642578125	-0.3204345703125	0.40435791015625
3.567	-0.0335302734375	-0.08861572265625	9.8052099609375	-0.06866455078125	-0.0762939453125	0.701904296875
3.576	0.01676513671875	-0.02155517578125	9.77407470703125	0.14495849609375	-0.40435791015625	0.41961669921875
3.586	-0.01916015625	-0.09819580078125001	9.7716796875	-0.0152587890625	-0.46539306640625	0.762939453125
3.595	0.03113525390625	-0.023950195312500002	9.747729492187501	0.1678466796875	-0.64849853515625	0.67901611328125
3.604	0.03113525390625	0.0047900390625	9.793234863281251	0.22125244140625	-0.335693359375	0.640869140625
3.612	-0.045505371093750004	-0.1197509765625	9.723779296875	0.2288818359375	-0.396728515625	0.84686279296875
3.622	-0.0814306640625	-0.08861572265625	9.78365478515625	0.29754638671875	-1.3427734375	0.83160400390625
3.633	-0.067060546875	-0.13172607421875002	9.7668896484375	0.00762939453125	-1.45721435546875	1.4190673828125
3.643	-0.08861572265625	-0.3975732421875	9.67587890625	-0.3204345703125	-1.09100341796875	5.8746337890625
3.653	0.00718505859375	-0.296982421875	9.7860498046875	-0.55694580078125	-0.66375732421875	8.4991455078125
3.663	-0.0047900390625	-0.49097900390625004	9.733359375000001	-0.55694580078125	-0.81634521484375	10.4217529296875
3.673	0.0383203125	-0.51971923828125	9.716594238281251	-0.6103515625	-0.95367431640625	11.383056640625
3.683	-0.0431103515625	-0.5269042968750001	9.814790039062501	-0.64849853515625	-0.60272216796875	12.22991943359375
3.694	-0.09580078125000001	-0.7879614257812501	9.7381494140625	-0.80108642578125	-0.28228759765625	14.71710205078125
3.705	-0.26345214843750003	-0.6562353515625	9.79802490234375	-0.54168701171875	-1.2969970703125	13.86260986328125
3.716	-0.21076171875000002	-0.83586181640625	9.79083984375	-0.3204345703125	-0.5035400390625	11.71112060546875
3.727	-0.28261230468750004	-0.8382568359375	9.80281494140625	-0.72479248046875	-0.457763671875	8.85772705078125
3.737	-0.47181884765625004	-1.063388671875	9.821975097656251	-0.63323974609375	-0.42724609375	8.09478759765625
3.747	-0.37122802734375004	-1.159189453125	9.9010107421875	-0.3204345703125	-0.34332275390625	7.6904296875
3.758	-0.25147705078125	-1.2597802734375	9.7716796875	-0.26702880859375	0.20599365234375	7.62176513671875
3.768	0.03113525390625	-1.4992822265625	9.733359375000001	-0.3814697265625	0.30517578125	9.14764404296875
3.778	0.2442919921875	-1.85135009765625	9.84113525390625	-0.51116943359375	0.244140625	9.2926025390625
3.787	0.18681152343750002	-1.73638916015625	9.79083984375	-0.5035400390625	0.0152587890625	11.932373046875
3.799	0.18202148437500001	-1.64537841796875	9.877060546875	-0.732421875	-0.732421875	15.625
3.809	-0.1580712890625	-1.46335693359375	9.84113525390625	-0.26702880859375	-0.4730224609375	16.7388916015625
3.82	-0.5245092773437501	-1.1088940429687502	9.754914550781251	-0.213623046875	-1.35040283203125	16.22772216796875
3.83	-0.871787109375	-0.93645263671875	9.85071533203125	-0.06103515625	-1.12152099609375	16.632080078125
3.842	-0.929267578125	-0.88855224609375	9.69264404296875	-0.23651123046875	-2.17437744140625	15.23590087890625
3.853	-0.50055908203125	-1.1160791015625	9.7189892578125	-0.19073486328125	-1.3275146484375	16.0064697265625
3.863	-0.30177246093750004	-1.2549902343750001	9.89382568359375	0.03814697265625	-1.85394287109375	20.28656005859375
3.873	-0.20597167968750002	-1.69806884765625	9.88424560546875	0.26702880859375	-0.70953369140625	19.85931396484375
3.885	-0.19639160156250002	-1.43701171875	9.8914306640625	0.11444091796875	-1.617431640625	15.11383056640625
3.895	-0.05987548828125	-1.28133544921875	9.7381494140625	-0.51116943359375	-2.3345947265625	14.47296142578125
3.905	0.03592529296875	-1.1639794921875	9.84113525390625	-0.63323974609375	-1.5106201171875	13.824462890625
3.916	0.16046630859375	-1.0394384765625	9.709409179687501	-0.45013427734375	-0.18310546875	11.31439208984375
3.927	0.1580712890625	-1.0202783203125	9.79802490234375	-0.6866455078125	-0.23651123046875	10.82611083984375
3.937	-0.162861328125	-0.890947265625	9.860295410156251	-0.48065185546875	-1.15966796875	10.00213623046875
3.948	0.12214599609375	-1.13763427734375	9.85550537109375	-0.95367431640625	-0.79345703125	9.77325439453125
3.958	-0.023950195312500002	-1.3699511718750002	9.814790039062501	-0.63323974609375	-0.946044921875	5.62286376953125
3.97	-0.296982421875	-1.427431640625	9.82676513671875	-0.946044921875	1.068115234375	-0.74005126953125
3.98	-0.19878662109375	-1.4992822265625	9.81	-0.52642822265625	1.53350830078125	-6.4239501953125
3.991	-0.04071533203125	-1.2502001953125002	9.800419921875001	-0.1220703125	3.3416748046875	-10.53619384765625
4.001	0.09101074218750001	-1.00830322265625	9.874665527343751	-0.06103515625	3.15093994140625	-11.66534423828125
4.012	-0.03592529296875	-0.9867480468750001	9.821975097656251	-0.11444091796875	1.31988525390625	-12.18414306640625
4.022	-0.07903564453125	-1.02267333984375	9.742939453125	0.08392333984375	0.732421875	-15.31219482421875
4.033	0.11735595703125	-0.96998291015625	9.73575439453125	-0.26702880859375	-0.1983642578125	-14.80865478515625
4.043	-0.0431103515625	-0.8406518554687501	9.814790039062501	-0.3662109375	-0.030517578125	-11.72637939453125
4.054	-0.23710693359375	-0.85502197265625	9.76449462890625	0.030517578125	-0.335693359375	-8.94927978515625
4.064	-0.3113525390625	-0.7424560546875001	9.762099609375001	0.3662109375	-0.1068115234375	-8.941650390625
4.074	-0.0047900390625	-0.67060546875	9.838740234375	0.45013427734375	-0.3662109375	-6.15692138671875
4.084	-0.22273681640625	-0.5029541015625	9.7716796875	0.90789794921875	-1.04522705078125	-7.07244873046875
4.096	-0.055085449218750006	-0.40236328125000004	9.81718505859375	0.518798828125	-1.10626220703125	-11.46697998046875
4.106	0.20118164062500002	-0.6562353515625	9.79802490234375	-0.17547607421875	-1.64031982421875	-13.37432861328125
4.117	0.15328125	-0.74006103515625	9.61600341796875	0.48828125	-1.3427734375	-16.38031005859375
4.127	0.18441650390625	-0.7328759765625	9.79083984375	0.06103515625	-0.89263916015625	-18.3563232421875
4.137	-0.05748046875	-0.7520361328125	9.723779296875	0.31280517578125	-0.87738037109375	-20.56121826171875
4.149	-0.19878662109375	-0.689765625	9.776469726562501	0.17547607421875	-1.0528564453125	-21.8658447265625
4.159	-0.20836669921875	-0.5269042968750001	9.70701416015625	-0.06103515625	-0.66375732421875	-21.58355712890625
4.169	-0.29937744140625	-0.25147705078125	9.88424560546875	-0.06866455078125	-0.31280517578125	-18.1121826171875
4.179	-0.277822265625	-0.22752685546875	9.7716796875	-0.0152587890625	-0.69427490234375	-16.31927490234375
4.191	-0.17962646484375	-0.29937744140625	9.69264404296875	-0.244140625	0.2288818359375	-14.892578125
4.201	-0.29458740234375	-0.19878662109375	9.72617431640625	-0.55694580078125	0.5035400390625	-12.9547119140625
4.211	-0.01676513671875	-0.229921875	9.793234863281251	-0.28228759765625	0.93841552734375	-11.1541748046875
4.221	0.48139892578125004	-0.6083349609375001	9.410031738281251	1.21307373046875	1.41143798828125	-10.162353515625
4.231	-0.00239501953125	-0.047900390625000004	9.5657080078125	0.64849853515625	-0.34332275390625	-6.6070556640625
4.241	-0.11256591796875001	0.17962646484375	9.7716796875	0.3662109375	0.5645751953125	-6.40869140625
4.251	-0.10059082031250001	-0.026345214843750003	9.733359375000001	-0.30517578125	1.01470947265625	-7.89642333984375
4.261	-0.18920654296875	0.16046630859375	9.81	-0.06103515625	0.42724609375	-8.30078125
4.271	-0.10538085937500001	0.3065625	9.74533447265625	-0.14495849609375	0.58746337890625	-6.28662109375
4.281	-0.20118164062500002	0.39278320312500004	9.723779296875	-0.0152587890625	0.74005126953125	-2.00653076171875
4.29	0.26105712890625	0.21794677734375	9.889035644531251	-0.9002685546875	0.89263916015625	1.62506103515625
4.3	0.60114990234375	-0.32332763671875003	9.793234863281251	-0.5645751953125	0.6561279296875	0.55694580078125
4.311	0.77838134765625	-0.40475830078125	9.762099609375001	-0.640869140625	0.52642822265625	-3.1585693359375
4.321	0.71132080078125	-0.45265869140625004	9.857900390625	-1.01470947265625	0.48828125	-10.76507568359375
4.331	0.5987548828125	-0.25387207031250003	9.81	-1.1749267578125	0.45013427734375	-20.6146240234375
4.342	0.55324951171875	-0.28261230468750004	9.704619140625	-0.67138671875	0.9613037109375	-28.4423828125
4.352	0.48139892578125004	-0.00718505859375	9.853110351562501	-0.23651123046875	0.17547607421875	-28.61785888671875
4.362	0.277822265625	0.30177246093750004	9.867480468750001	-0.0762939453125	0.0	-24.83367919921875
4.371	0.009580078125	0.21555175781250002	9.8914306640625	-0.46539306640625	-0.213623046875	-18.28765869140625
4.381	0.011975097656250001	0.36164794921875004	9.536967773437501	-1.495361328125	1.28936767578125	-10.9710693359375
4.39	0.14609619140625002	-0.12693603515625002	9.61121337890625	-0.00762939453125	0.48065185546875	1.30462646484375
4.4	0.08382568359375	0.045505371093750004	9.66390380859375	0.35858154296875	0.518798828125	8.087158203125
4.409	0.3688330078125	-0.011975097656250001	9.8483203125	-0.00762939453125	0.52642822265625	5.02777099609375
4.419	0.53887939453125	-0.36404296875000003	9.836345214843751	-0.34332275390625	-0.09918212890625	-0.70953369140625
4.429	0.57240966796875	-0.25626708984375	9.733359375000001	-0.2899169921875	-1.068115234375	-6.40869140625
4.44	0.41194335937500004	-0.18441650390625	9.769284667968751	-0.8544921875	-0.30517578125	-12.451171875
4.451	0.0622705078125	-0.076640625	9.8052099609375	-0.92315673828125	-0.38909912109375	-16.68548583984375
4.46	0.07424560546875	0.04071533203125	9.673483886718751	-0.66375732421875	0.244140625	-20.02716064453125
4.47	0.0718505859375	0.067060546875	9.7285693359375	-0.7476806640625	-0.05340576171875	-18.05877685546875
4.481	-0.239501953125	0.1772314453125	9.821975097656251	-0.92315673828125	0.31280517578125	-16.05224609375
4.491	-0.028740234375	0.15328125	9.71180419921875	-0.396728515625	0.8087158203125	-12.115478515625
4.5	0.26345214843750003	0.023950195312500002	9.7189892578125	-0.4730224609375	-0.02288818359375	-9.7503662109375
4.511	0.4263134765625	-0.07903564453125	9.8435302734375	-0.35858154296875	-1.09100341796875	-8.26263427734375
4.521	0.3209326171875	-0.09340576171875001	9.90819580078125	-0.81634521484375	-1.44195556640625	-9.46044921875
4.532	0.488583984375	-0.045505371093750004	9.867480468750001	0.579833984375	-2.20489501953125	-6.55364990234375
4.542	-0.009580078125	0.13651611328125002	9.877060546875	-0.41961669921875	-1.373291015625	-10.223388671875
4.552	0.3113525390625	-0.045505371093750004	9.66390380859375	-0.55694580078125	-1.4801025390625	-11.077880859375
4.562	0.19160156250000002	-0.05748046875	9.65911376953125	-0.5340576171875	-1.1749267578125	-9.0179443359375
4.573	0.10059082031250001	0.33769775390625	9.75251953125	-0.5035400390625	-1.53350830078125	-6.27899169921875
4.583	-0.124541015625	0.20836669921875	9.9105908203125	-0.32806396484375	-1.83868408203125	-4.6539306640625
4.593	0.11735595703125	0.47660888671875	9.69743408203125	-0.74005126953125	-0.8392333984375	-3.15093994140625
4.602	0.050295410156250005	0.00239501953125	9.74533447265625	-0.1983642578125	-0.30517578125	-4.81414794921875
4.613	0.20118164062500002	0.15088623046875002	9.81	-0.52642822265625	-0.98419189453125	-6.88934326171875
4.622	0.38080810546875005	0.03592529296875	9.695039062500001	0.0152587890625	-0.96893310546875	-6.4239501953125
4.632	0.086220703125	0.18681152343750002	9.71419921875	-0.75531005859375	-0.8544921875	-8.7738037109375
4.643	0.12214599609375	0.469423828125	9.8052099609375	-0.55694580078125	-1.129150390625	-10.9405517578125
4.654	0.27542724609375	0.56282958984375	9.8339501953125	-0.29754638671875	-0.8697509765625	-11.3067626953125
4.664	0.27063720703125	0.51732421875	9.793234863281251	-0.31280517578125	-0.63323974609375	-9.83428955078125
4.674	0.12693603515625002	0.488583984375	9.66869384765625	-0.3662109375	-0.762939453125	-7.9803466796875
4.684	0.2347119140625	0.9460327148437501	9.793234863281251	-0.17547607421875	-0.58746337890625	-7.25555419921875
4.695	0.1580712890625	0.9867480468750001	9.67587890625	-0.12969970703125	-0.457763671875	-6.96563720703125
4.704	0.19878662109375	1.20948486328125	9.71419921875	0.0	-0.8697509765625	-8.21685791015625
4.715	0.28021728515625	1.3364208984375001	9.8243701171875	-0.091552734375	-0.9307861328125	-8.270263671875
4.725	0.3975732421875	1.34360595703125	9.7285693359375	-0.1068115234375	-1.35040283203125	-6.256103515625
4.736	0.34248779296875004	1.62861328125	9.78365478515625	0.06866455078125	-1.60980224609375	-9.0484619140625
4.746	0.24908203125	1.82021484375	9.75251953125	0.19073486328125	-1.62506103515625	-12.8021240234375
4.757	-0.07424560546875	2.34951416015625	9.709409179687501	0.457763671875	-0.8392333984375	-20.80535888671875
4.767	-0.37601806640625	2.5171655273437503	9.7573095703125	0.885009765625	-0.885009765625	-28.7933349609375
4.779	-0.5316943359375	2.58422607421875	9.7189892578125	1.129150390625	-0.55694580078125	-31.47125244140625
4.789	-0.69216064453125	2.62254638671875	9.6998291015625	0.701904296875	-0.396728515625	-30.3192138671875
4.799	-0.93884765625	2.4740551757812503	9.754914550781251	0.54931640625	0.12969970703125	-27.67181396484375
4.809	-1.17595458984375	2.4908203125	9.75970458984375	0.3509521484375	0.25177001953125	-21.1944580078125
4.82	-1.2334350585937501	2.60578125	9.71419921875	-0.12969970703125	0.2593994140625	-15.6402587890625
4.831	-1.40108642578125	2.35669921875	9.800419921875001	-0.25177001953125	0.1373291015625	-9.66644287109375
4.842	-1.3651611328125002	2.1076171875000003	9.680668945312501	-0.48828125	-0.86212158203125	-3.94439697265625
4.853	-0.97477294921875	1.57352783203125	9.59923828125	-0.7781982421875	-1.47247314453125	-1.30462646484375
4.864	-0.93645263671875	1.1903247070312502	9.6519287109375	-0.55694580078125	-0.57220458984375	0.86212158203125
4.875	-1.00351318359375	1.1112890625	9.680668945312501	-1.10626220703125	-1.51824951171875	2.75421142578125
4.885	-0.8238867187500001	0.7520361328125	9.695039062500001	-0.35858154296875	-0.640869140625	1.8768310546875
4.895	-0.98914306640625	0.641865234375	9.723779296875	-0.89263916015625	-0.51116943359375	1.6632080078125
4.905	-1.17116455078125	0.46223876953125004	9.829160156250001	-0.70953369140625	-1.6937255859375	1.21307373046875
4.916	-1.32205078125	0.3065625	9.733359375000001	-0.30517578125	0.2288818359375	-0.0457763671875
4.926	-1.33402587890625	0.18441650390625	9.723779296875	-0.38909912109375	-0.96893310546875	1.5869140625
4.936	-1.1687695312500002	0.09819580078125001	9.81	-0.32806396484375	-0.37384033203125	2.25830078125
4.946	-1.101708984375	-0.1772314453125	9.62558349609375	0.244140625	1.0833740234375	3.62396240234375
4.957	-1.2885205078125002	-0.086220703125	9.886640625	-0.80108642578125	-0.25177001953125	5.94329833984375
4.967	-1.2597802734375	-0.29937744140625	9.61600341796875	-0.40435791015625	0.52642822265625	8.11767578125
4.977	-1.85135009765625	0.03592529296875	8.516689453125	-0.64849853515625	4.38690185546875	-3.387451171875
4.987	-1.638193359375	-0.57719970703125	9.575288085937501	0.4730224609375	-0.26702880859375	-1.434326171875
4.998	-1.0011181640625	-0.51492919921875	9.853110351562501	0.17547607421875	-0.274658203125	7.2784423828125
5.009	-1.29570556640625	-0.30177246093750004	9.8914306640625	-0.335693359375	-1.73187255859375	15.7928466796875
5.019	-1.312470703125	-0.38320312500000003	9.74533447265625	-0.11444091796875	-2.105712890625	16.15142822265625
5.03	-1.0873388671875	-0.74006103515625	9.702224121093751	0.32806396484375	-1.10626220703125	13.67950439453125
5.042	-0.9604028320312501	-0.6753955078125	9.8052099609375	-0.14495849609375	-2.00653076171875	13.1683349609375
5.052	-0.41433837890625	-0.44786865234375	9.762099609375001	-0.86212158203125	-0.2899169921875	11.1236572265625
5.062	-0.6658154296875001	-0.5508544921875	9.716594238281251	-0.66375732421875	0.42724609375	3.8604736328125
5.072	-0.6849755859375001	-0.59635986328125	9.5848681640625	0.579833984375	1.50299072265625	1.953125
5.083	-0.47181884765625004	-0.4742138671875	9.814790039062501	0.45013427734375	-0.72479248046875	4.4708251953125
5.093	-0.59635986328125	-0.28261230468750004	9.716594238281251	0.40435791015625	-0.37384033203125	6.62994384765625
5.102	-0.4981640625	-0.28021728515625	9.6902490234375	0.457763671875	1.129150390625	10.7269287109375
5.112	-0.3879931640625	-0.20357666015625	9.69743408203125	0.09918212890625	0.1678466796875	15.8233642578125
5.123	-0.32811767578125	-0.07903564453125	10.08063720703125	-0.60272216796875	0.91552734375	18.66912841796875
5.133	-0.43349853515625003	-0.27542724609375	9.75251953125	-0.274658203125	0.091552734375	15.1824951171875
5.143	-0.13412109375	-0.3113525390625	9.666298828125	-0.42724609375	0.030517578125	11.1236572265625
5.153	-0.30416748046875003	-0.10059082031250001	9.68306396484375	-0.8544921875	0.80108642578125	8.85009765625
5.164	-0.20836669921875	0.239501953125	9.72617431640625	-0.3204345703125	0.3204345703125	5.8441162109375
5.173	0.01676513671875	0.28261230468750004	9.89861572265625	-0.28228759765625	-0.30517578125	8.41522216796875
5.183	-0.29937744140625	0.26345214843750003	9.84592529296875	-0.3509521484375	-1.861572265625	13.60321044921875
5.193	-0.38559814453125	0.38320312500000003	9.74533447265625	0.5340576171875	-1.13677978515625	20.28656005859375
5.203	-0.59396484375	0.37362304687500003	9.71419921875	0.19073486328125	0.9765625	26.85546875
5.213	-0.5652246093750001	0.09101074218750001	9.560917968750001	-0.05340576171875	1.06048583984375	30.63201904296875
5.223	-0.023950195312500002	-0.13651611328125002	9.781259765625	-0.152587890625	-0.213623046875	30.05218505859375
5.233	0.1389111328125	-0.26584716796875	9.82676513671875	-0.2593994140625	0.0152587890625	25.96282958984375
5.242	0.0143701171875	-0.009580078125	9.723779296875	-0.1678466796875	-0.8544921875	21.96502685546875
5.253	-0.047900390625000004	-0.09580078125000001	9.68306396484375	-0.23651123046875	0.5340576171875	19.56939697265625
5.262	0.34727783203125	-0.15567626953125	9.70701416015625	-0.213623046875	0.03814697265625	20.294189453125
5.272	0.09819580078125001	0.0622705078125	9.8339501953125	-0.40435791015625	0.25177001953125	19.95086669921875
5.282	-0.17004638671875	0.13412109375	9.82676513671875	-0.2288818359375	1.52587890625	20.20263671875
5.293	-0.30416748046875003	0.11256591796875001	9.72138427734375	-0.6561279296875	3.31878662109375	20.91217041015625
5.302	-0.43110351562500004	0.13651611328125002	9.8339501953125	-0.7171630859375	2.52532958984375	22.3388671875
5.312	-0.24908203125	0.011975097656250001	9.853110351562501	-0.06866455078125	1.62506103515625	22.3541259765625
5.322	-0.1580712890625	0.02155517578125	9.793234863281251	-0.3814697265625	2.44903564453125	23.5595703125
5.331	0.0	-0.1293310546875	9.76449462890625	-0.58746337890625	0.30517578125	23.8037109375
5.341	0.1676513671875	-0.02155517578125	9.78365478515625	-0.46539306640625	0.55694580078125	21.76666259765625
5.35	-0.13651611328125002	0.0047900390625	9.93693603515625	-0.46539306640625	0.091552734375	18.74542236328125
5.36	0.18681152343750002	0.08861572265625	9.86987548828125	-0.640869140625	-0.335693359375	17.8070068359375
5.369	0.17004638671875	0.00718505859375	9.72617431640625	-0.4119873046875	1.76239013671875	16.38031005859375
5.38	0.07424560546875	0.047900390625000004	9.69743408203125	-0.762939453125	0.244140625	16.0675048828125
5.39	-0.14130615234375002	-0.09819580078125001	9.656718750000001	-0.26702880859375	0.52642822265625	14.2974853515625
5.399	0.14130615234375002	-0.10538085937500001	9.61600341796875	0.1068115234375	0.89263916015625	11.9171142578125
5.409	-0.067060546875	-0.045505371093750004	9.829160156250001	0.0762939453125	-0.152587890625	9.23919677734375
5.419	0.28500732421875	0.18681152343750002	9.680668945312501	-0.00762939453125	0.0152587890625	6.103515625
5.428	0.4167333984375	-0.21315673828125	9.65911376953125	-0.28228759765625	-0.46539306640625	4.82177734375
5.439	0.613125	-0.1772314453125	9.77407470703125	-0.43487548828125	-1.251220703125	8.49151611328125
5.449	1.312470703125	-0.2442919921875	9.85550537109375	-0.41961669921875	-0.83160400390625	13.90838623046875
5.459	1.3699511718750002	-0.4646337890625	9.8722705078125	-0.5340576171875	4.28009033203125	17.15087890625
5.47	0.3209326171875	-0.1389111328125	9.70701416015625	0.18310546875	2.0751953125	10.41412353515625
5.48	0.58198974609375	-0.24668701171875002	9.889035644531251	-0.35858154296875	1.24359130859375	9.4146728515625
5.489	0.51732421875	-0.45026367187500005	9.704619140625	0.23651123046875	0.86212158203125	14.91546630859375
5.498	0.03113525390625	-0.26345214843750003	9.59923828125	-0.0457763671875	0.25177001953125	21.8658447265625
5.509	-0.13651611328125002	0.00239501953125	9.7716796875	-0.54931640625	0.0457763671875	25.00152587890625
5.518	-0.11256591796875001	0.18681152343750002	9.69743408203125	0.35858154296875	-0.3204345703125	25.81024169921875
5.528	0.1580712890625	0.3305126953125	9.987231445312501	-0.57220458984375	0.80108642578125	25.634765625
5.537	0.30895751953125	0.052690429687500005	9.886640625	0.05340576171875	3.07464599609375	22.4761962890625
5.547	0.076640625	-0.09101074218750001	9.91777587890625	-0.7476806640625	4.99725341796875	21.26312255859375
5.557	-0.0143701171875	0.01916015625	9.7668896484375	-1.64794921875	3.79180908203125	20.2484130859375
5.567	0.6035449218750001	-0.17244140625	9.85071533203125	-1.42669677734375	3.82232666015625	21.4385986328125
5.578	0.81191162109375	-0.3688330078125	9.881850585937501	-0.518798828125	1.1749267578125	17.63916015625
5.588	0.4550537109375	-0.35206787109375004	9.69264404296875	-0.37384033203125	-0.9918212890625	12.0391845703125
5.598	0.41194335937500004	-0.29458740234375	9.98483642578125	-0.69427490234375	-0.1220703125	5.5694580078125
5.608	0.61552001953125	-0.20836669921875	9.6615087890625	-0.12969970703125	-0.11444091796875	1.82342529296875
5.618	0.7903564453125	0.02155517578125	9.7860498046875	0.38909912109375	0.61798095703125	1.068115234375
5.627	0.8238867187500001	-0.0718505859375	9.78365478515625	-0.244140625	1.129150390625	3.30352783203125
5.638	0.737666015625	0.24668701171875002	9.98483642578125	-0.396728515625	0.52642822265625	5.16510009765625
5.647	0.55324951171875	-0.01916015625	9.75012451171875	-0.335693359375	1.5411376953125	4.8828125
5.656	0.335302734375	0.086220703125	9.7668896484375	-0.3204345703125	2.0904541015625	3.0059814453125
5.665	0.26345214843750003	0.009580078125	9.687854003906251	0.1220703125	1.983642578125	-1.07574462890625
5.676	0.54366943359375	-0.18920654296875	9.740544433593751	0.1220703125	1.4801025390625	-1.68609619140625
5.685	0.27063720703125	-0.22513183593750002	9.877060546875	0.0457763671875	2.0751953125	0.84686279296875
5.695	0.14130615234375002	-0.229921875	9.66869384765625	-0.57220458984375	3.41796875	5.706787109375
5.705	-0.045505371093750004	-0.13412109375	9.742939453125	-0.95367431640625	3.753662109375	15.06805419921875
5.715	0.0814306640625	-0.09340576171875001	9.74533447265625	-0.61798095703125	3.72314453125	22.1405029296875
5.726	-0.0718505859375	-0.13651611328125002	9.8626904296875	-1.129150390625	3.82232666015625	28.25164794921875
5.737	-0.15567626953125	-0.1293310546875	9.77407470703125	-0.99945068359375	2.7313232421875	32.4554443359375
5.747	-0.0431103515625	-0.27542724609375	9.709409179687501	-1.251220703125	2.13623046875	35.9649658203125
5.757	0.09101074218750001	-0.39517822265625	9.762099609375001	-1.5411376953125	2.166748046875	40.1763916015625
5.768	-0.03113525390625	-0.10298583984375001	9.620793457031251	-1.4190673828125	0.1220703125	39.9627685546875
5.778	-0.05748046875	0.11735595703125	9.754914550781251	-1.25885009765625	0.19073486328125	34.820556640625
5.788	0.28740234375	0.2682421875	9.7573095703125	-0.99945068359375	-1.3275146484375	28.778076171875
5.798	0.24189697265625001	0.29219238281250004	9.8243701171875	-1.06048583984375	-2.38800048828125	23.13995361328125
5.809	0.30416748046875003	0.18441650390625	9.7860498046875	-1.09100341796875	-4.364013671875	16.65496826171875
5.819	0.03592529296875	0.3305126953125	9.781259765625	-1.2359619140625	-5.13458251953125	11.6424560546875
5.829	0.36643798828125	-0.009580078125	9.85071533203125	-1.07574462890625	-5.126953125	6.34765625
5.838	0.44307861328125003	0.03592529296875	9.78365478515625	-0.6561279296875	-4.73785400390625	1.07574462890625
5.849	1.06099365234375	-0.19399658203125	9.7668896484375	-0.29754638671875	-2.55584716796875	-0.4730224609375
5.86	1.178349609375	-0.335302734375	9.72138427734375	-0.8544921875	-2.197265625	2.349853515625
5.869	1.4561718750000001	0.05987548828125	9.656718750000001	-0.4425048828125	-3.84521484375	0.75531005859375
5.88	1.67890869140625	0.277822265625	9.77886474609375	-0.43487548828125	-4.180908203125	-5.157470703125
5.891	1.79865966796875	0.5604345703125	9.71419921875	-0.2593994140625	-3.60107421875	-14.678955078125
5.901	1.5328125000000001	0.6274951171875001	9.704619140625	0.18310546875	-4.058837890625	-27.3284912109375
5.912	1.65974853515625	0.8095166015625	9.695039062500001	0.66375732421875	-4.1656494140625	-42.0074462890625
5.922	1.21906494140625	0.996328125	9.75970458984375	0.701904296875	-2.777099609375	-60.40191650390625
5.934	0.91250244140625	0.6514453125	9.742939453125	1.12152099609375	-2.410888671875	-75.72174072265625
5.945	0.9867480468750001	0.7041357421875001	9.6519287109375	1.04522705078125	-1.47247314453125	-80.50537109375
5.956	1.24780517578125	0.64905029296875	9.754914550781251	0.8544921875	-1.07574462890625	-78.78875732421875
5.966	1.20948486328125	0.7472460937500001	9.7716796875	1.02996826171875	0.18310546875	-74.91302490234375
5.977	1.1448193359375	0.8622070312500001	9.71180419921875	0.99945068359375	1.54876708984375	-72.1588134765625
5.988	0.9532177734375	0.929267578125	9.80281494140625	1.0223388671875	1.06048583984375	-70.3887939453125
5.998	-0.9651928710937501	0.46702880859375	9.201665039062501	0.83160400390625	3.95965576171875	-69.305419921875
6.009	1.312470703125	1.1735595703125001	9.8052099609375	1.07574462890625	-0.90789794921875	-64.6514892578125
6.02	0.4071533203125	1.37234619140625	9.52499267578125	1.0986328125	-1.312255859375	-59.98992919921875
6.031	0.7520361328125	1.580712890625	9.73096435546875	0.9613037109375	-0.80108642578125	-52.11639404296875
6.041	0.00239501953125	1.43940673828125	9.53936279296875	0.518798828125	-1.88446044921875	-44.921875
6.05	0.00718505859375	1.140029296875	9.695039062500001	0.54168701171875	-1.91497802734375	-35.51483154296875
6.062	-0.18681152343750002	1.3962963867187501	9.656718750000001	0.1220703125	-0.7781982421875	-25.08544921875
6.072	0.05987548828125	1.07296875	9.819580078125	-0.3204345703125	0.83160400390625	-19.21844482421875
6.082	-0.143701171875	0.9148974609375	9.580078125	-0.48065185546875	2.532958984375	-12.9547119140625
6.093	0.689765625	1.2669653320312502	9.877060546875	-0.640869140625	1.1749267578125	-5.79833984375
6.103	0.050295410156250005	1.140029296875	9.8435302734375	-0.54168701171875	1.0986328125	-1.13677978515625
6.113	-0.009580078125	1.1951147460937501	9.81	-0.78582763671875	1.6326904296875	0.9307861328125
6.123	0.34248779296875004	0.98914306640625	9.702224121093751	-0.90789794921875	2.3040771484375	5.2490234375
6.133	0.46223876953125004	0.6251000976562501	9.68306396484375	-0.8087158203125	1.6326904296875	8.6669921875
6.144	0.26345214843750003	0.5316943359375	9.73096435546875	-0.46539306640625	1.80816650390625	11.39068603515625
6.154	0.28740234375	0.95082275390625	9.8052099609375	-0.54168701171875	1.42669677734375	13.87786865234375
6.164	0.22034179687500002	1.044228515625	9.733359375000001	-0.66375732421875	2.0904541015625	16.2200927734375
6.174	-0.42391845703125003	0.85981201171875	9.716594238281251	-0.9613037109375	2.06756591796875	17.21954345703125
6.184	-0.41433837890625	0.89813232421875	9.68306396484375	-0.35858154296875	1.59454345703125	15.7012939453125
6.195	-0.05748046875	1.082548828125	9.75251953125	-0.26702880859375	1.3427734375	16.4031982421875
6.205	-0.19878662109375	0.9915380859375	9.66390380859375	0.03814697265625	0.67138671875	18.5394287109375
6.214	-0.22513183593750002	0.8238867187500001	9.613608398437501	0.06866455078125	0.14495849609375	17.6849365234375
6.224	-0.15088623046875002	1.0298583984375	9.7381494140625	0.2288818359375	-0.244140625	16.44134521484375
6.235	-0.33769775390625	1.34360595703125	9.7381494140625	0.3662109375	-0.11444091796875	15.6707763671875
6.244	-0.28740234375	1.02267333984375	9.687854003906251	0.46539306640625	0.12969970703125	12.58087158203125
6.254	-0.28979736328125	0.6514453125	9.762099609375001	0.14495849609375	-0.12969970703125	10.90240478515625
6.264	0.22034179687500002	0.1389111328125	9.613608398437501	1.27410888671875	-0.8697509765625	13.05389404296875
6.275	0.4071533203125	0.076640625	9.7860498046875	0.8697509765625	-0.9307861328125	20.34759521484375
6.284	0.143701171875	0.09580078125000001	9.733359375000001	0.1373291015625	-0.38909912109375	26.0162353515625
6.294	0.4263134765625	0.5700146484375	9.680668945312501	-0.4425048828125	-2.60162353515625	29.16717529296875
6.304	-0.162861328125	0.354462890625	9.388476562500001	0.335693359375	-3.448486328125	31.73828125
6.315	-0.052690429687500005	0.7256909179687501	9.84113525390625	-0.28228759765625	-2.06756591796875	35.4156494140625
6.326	-0.1772314453125	0.4742138671875	9.80281494140625	-0.28228759765625	-1.77764892578125	37.1551513671875
6.336	-0.488583984375	0.69695068359375	9.85071533203125	-0.40435791015625	-0.7171630859375	34.53826904296875
6.346	-0.17004638671875	0.699345703125	9.63755859375	-0.1373291015625	0.3662109375	30.2276611328125
6.356	-0.41194335937500004	0.6059399414062501	9.7668896484375	-0.69427490234375	0.885009765625	27.24456787109375
6.366	-0.04071533203125	0.43110351562500004	9.702224121093751	0.0152587890625	1.1444091796875	24.5513916015625
6.375	-0.04071533203125	0.30895751953125	9.76449462890625	-0.396728515625	0.57220458984375	23.5443115234375
6.385	0.24668701171875002	0.1772314453125	9.75970458984375	-0.23651123046875	0.244140625	23.0712890625
6.394	-0.10298583984375001	0.023950195312500002	9.635163574218751	-0.35858154296875	0.19073486328125	19.52362060546875
6.405	-0.1197509765625	0.0143701171875	9.8339501953125	-0.29754638671875	-0.213623046875	14.7552490234375
6.415	-0.1389111328125	0.35206787109375004	9.742939453125	-0.17547607421875	-0.701904296875	12.4664306640625
6.424	-0.011975097656250001	0.35206787109375004	9.723779296875	0.1068115234375	-1.80816650390625	12.359619140625
6.434	-0.050295410156250005	0.51492919921875	9.627978515625001	-0.58746337890625	-1.27410888671875	25.6500244140625
6.445	-0.277822265625	0.296982421875	9.7573095703125	-0.8392333984375	-0.701904296875	32.40203857421875
6.455	-0.36164794921875004	0.10298583984375001	9.75012451171875	-0.67138671875	-0.32806396484375	31.94427490234375
6.465	-0.14609619140625002	-0.21076171875000002	9.6998291015625	-0.38909912109375	0.12969970703125	27.48870849609375
6.475	0.07903564453125	-0.045505371093750004	9.78844482421875	-0.80108642578125	0.89263916015625	22.3236083984375
6.484	0.047900390625000004	-0.045505371093750004	9.67587890625	-0.3509521484375	0.4730224609375	16.8914794921875
6.495	0.143701171875	-0.09819580078125001	9.656718750000001	-0.60272216796875	0.91552734375	9.5367431640625
6.504	0.00718505859375	0.277822265625	9.8483203125	-0.37384033203125	1.3580322265625	0.6103515625
6.513	0.07424560546875	0.1772314453125	9.695039062500001	0.152587890625	1.56402587890625	-4.15802001953125
6.523	-0.10298583984375001	0.239501953125	9.7285693359375	-0.17547607421875	0.8087158203125	-7.31658935546875
6.534	0.09819580078125001	0.38080810546875005	9.867480468750001	-0.2899169921875	0.457763671875	-6.96563720703125
6.543	0.162861328125	0.3400927734375	9.6902490234375	-0.640869140625	0.8087158203125	-5.8441162109375
6.553	0.086220703125	0.41194335937500004	9.800419921875001	-0.3814697265625	0.5645751953125	-3.85284423828125
6.562	0.25626708984375	0.34727783203125	9.7381494140625	-0.213623046875	-0.18310546875	-0.6256103515625
6.573	0.3448828125	0.17244140625	9.702224121093751	-0.1373291015625	-0.08392333984375	1.24359130859375
6.582	0.53408935546875	0.13172607421875002	9.781259765625	-0.0152587890625	0.06866455078125	2.58636474609375
6.591	0.6251000976562501	-0.19639160156250002	9.829160156250001	-0.41961669921875	1.38092041015625	2.86102294921875
6.6	0.354462890625	0.28021728515625	9.73575439453125	-0.32806396484375	0.38909912109375	2.81524658203125
6.61	0.45265869140625004	0.7640112304687501	9.79083984375	-0.31280517578125	1.25885009765625	3.2196044921875
6.621	0.51732421875	-0.11735595703125	9.4315869140625	-0.31280517578125	-0.22125244140625	6.03485107421875
6.63	0.47660888671875	-0.1149609375	9.857900390625	1.251220703125	-0.64849853515625	4.32586669921875
6.64	0.11735595703125	1.2406201171875	9.65911376953125	0.1678466796875	-1.89971923828125	1.6937255859375
6.649	0.15088623046875002	0.83107177734375	9.747729492187501	-0.42724609375	0.67138671875	2.89154052734375
6.66	0.37122802734375004	0.38080810546875005	10.219548339843751	0.90789794921875	2.2125244140625	6.3629150390625
6.669	0.57719970703125	0.1772314453125	9.769284667968751	-0.030517578125	-0.67138671875	11.9171142578125
6.678	0.17962646484375	-0.33290771484375004	9.762099609375001	0.5645751953125	0.3204345703125	12.7410888671875
6.688	0.4358935546875	-0.21315673828125	9.77407470703125	0.19073486328125	0.9613037109375	10.74981689453125
6.697	0.63228515625	-0.3688330078125	9.6998291015625	0.030517578125	0.69427490234375	13.9923095703125
6.708	0.0431103515625	-0.6251000976562501	9.82676513671875	0.25177001953125	-0.1068115234375	12.74871826171875
6.718	0.12693603515625002	-0.5053491210937501	9.886640625	-0.48828125	1.6021728515625	7.46917724609375
6.727	-0.0718505859375	-0.6179150390625	9.7189892578125	0.0457763671875	1.617431640625	2.716064453125
6.737	-0.2442919921875	-0.25626708984375	9.70701416015625	-0.34332275390625	1.4495849609375	-0.69427490234375
6.748	-0.3065625	-0.10777587890625001	9.8722705078125	-0.23651123046875	2.197265625	0.640869140625
6.758	-0.33290771484375004	-0.18681152343750002	9.776469726562501	-0.06103515625	1.3885498046875	2.73895263671875
6.767	-0.21794677734375	-0.03592529296875	9.673483886718751	0.05340576171875	1.68609619140625	4.23431396484375
6.776	-0.18681152343750002	0.49576904296875	9.89861572265625	-0.4425048828125	2.02178955078125	5.57708740234375
6.787	-0.239501953125	0.5460644531250001	9.635163574218751	-0.09918212890625	1.8768310546875	8.7432861328125
6.797	-0.3784130859375	0.31853759765625	9.76449462890625	-0.244140625	0.5950927734375	9.45281982421875
6.806	-0.17962646484375	0.09340576171875001	9.73096435546875	-0.0457763671875	0.35858154296875	7.20977783203125
6.815	-0.20357666015625	-0.00239501953125	9.740544433593751	-0.43487548828125	1.0833740234375	3.9520263671875
6.825	0.14130615234375002	-0.42391845703125003	9.73575439453125	-0.274658203125	1.0986328125	2.899169921875
6.836	0.27542724609375	-0.83107177734375	9.680668945312501	-0.152587890625	-0.06103515625	5.08880615234375
6.846	-0.22034179687500002	-1.35797607421875	9.6998291015625	-0.92315673828125	4.98199462890625	1.861572265625
6.857	-0.26584716796875	-1.48251708984375	9.64474365234375	0.83160400390625	0.5340576171875	-8.4381103515625
6.866	0.36164794921875004	-0.51492919921875	9.73096435546875	0.5950927734375	1.42669677734375	-11.19232177734375
6.877	0.026345214843750003	-0.4263134765625	9.79802490234375	0.51116943359375	2.51007080078125	-15.73944091796875
6.887	0.04071533203125	-1.04183349609375	9.733359375000001	0.3814697265625	2.471923828125	-20.233154296875
6.897	0.14609619140625002	-0.9532177734375	9.709409179687501	0.274658203125	0.9613037109375	-19.47784423828125
6.907	0.17244140625	-0.77838134765625	9.64474365234375	0.28228759765625	0.8087158203125	-15.75469970703125
6.919	-0.10298583984375001	-0.6179150390625	9.695039062500001	0.08392333984375	1.73187255859375	-16.0980224609375
6.929	-0.25147705078125	-0.89334228515625	9.762099609375001	-0.213623046875	1.861572265625	-17.26531982421875
6.94	-0.1484912109375	-1.0154882812500001	9.829160156250001	0.1373291015625	2.58636474609375	-19.805908203125
6.95	-0.07424560546875	-1.302890625	9.93214599609375	-0.19073486328125	3.265380859375	-21.69036865234375
6.962	-0.22513183593750002	-1.1831396484375	9.77407470703125	-0.244140625	2.8228759765625	-23.39935302734375
6.973	-0.06945556640625	-1.2693603515625	9.6998291015625	-0.05340576171875	2.2735595703125	-22.369384765625
6.983	-0.25387207031250003	-1.4082714843750002	9.65911376953125	0.19073486328125	1.9073486328125	-20.74432373046875
6.993	0.047900390625000004	-1.2070898437500002	10.2315234375	-0.0457763671875	1.15203857421875	-15.4876708984375
7.004	-0.20836669921875	-1.22385498046875	9.69264404296875	-0.396728515625	0.70953369140625	-11.016845703125
7.014	-0.10777587890625001	-1.2502001953125002	9.814790039062501	0.152587890625	0.0762939453125	-5.11932373046875
7.024	-0.316142578125	-1.41066650390625	9.71180419921875	0.579833984375	-0.396728515625	-3.56292724609375
7.035	-0.30895751953125	-1.4226416015625	9.7860498046875	0.1373291015625	-0.19073486328125	-4.547119140625
7.045	-0.23231689453125	-1.504072265625	9.72617431640625	0.0457763671875	-0.06103515625	-5.05828857421875
7.055	-0.22273681640625	-1.49688720703125	9.7860498046875	-0.0457763671875	-0.335693359375	-7.32421875
7.065	-0.01916015625	-1.36276611328125	9.90580078125	0.0152587890625	-0.34332275390625	-9.14764404296875
7.075	-0.011975097656250001	-1.4801220703125	9.73096435546875	0.09918212890625	1.28936767578125	-9.2010498046875
7.087	0.086220703125	-1.3843212890625	9.7668896484375	-0.02288818359375	-0.244140625	-10.16998291015625
7.097	0.0335302734375	-1.4178515625	9.781259765625	0.29754638671875	-0.84686279296875	-9.8419189453125
7.107	0.0814306640625	-1.561552734375	9.702224121093751	0.32806396484375	-0.63323974609375	-7.8582763671875
7.117	-0.11735595703125	-1.47533203125	9.515412597656251	-0.0152587890625	-0.58746337890625	-5.523681640625
7.128	0.10538085937500001	-1.4034814453125	9.90580078125	-0.45013427734375	0.40435791015625	-0.14495849609375
7.138	-0.055085449218750006	-1.33881591796875	9.793234863281251	-0.23651123046875	-0.60272216796875	4.93621826171875
7.148	0.124541015625	-1.12326416015625	9.73575439453125	-0.77056884765625	-0.8697509765625	12.969970703125
7.158	-0.17004638671875	-1.5471826171875	9.838740234375	-0.55694580078125	0.25177001953125	18.06640625
7.17	-0.3448828125	-1.46335693359375	9.704619140625	-0.5035400390625	-1.251220703125	15.6707763671875
7.18	0.047900390625000004	-1.38192626953125	9.857900390625	-0.74005126953125	1.800537109375	14.2059326171875
7.191	-0.11017089843750001	-1.68848876953125	9.695039062500001	-0.93841552734375	1.0986328125	17.57049560546875
7.201	0.0718505859375	-1.5471826171875	9.77886474609375	-1.22833251953125	0.51116943359375	23.8189697265625
7.212	0.09819580078125001	-1.5184423828125	9.66869384765625	-1.33514404296875	0.40435791015625	27.83966064453125
7.222	0.08861572265625	-1.39869140625	9.79802490234375	-1.24359130859375	0.92315673828125	30.03692626953125
7.233	0.20357666015625	-1.55197265625	9.723779296875	-0.99945068359375	2.44140625	29.205322265625
7.243	0.17962646484375	-1.2502001953125002	9.838740234375	-1.06048583984375	4.150390625	27.12249755859375
7.255	0.34727783203125	-0.93166259765625	9.75012451171875	-1.312255859375	4.5013427734375	25.99334716796875
7.265	0.40475830078125	-0.72090087890625	9.6519287109375	-1.33514404296875	4.1961669921875	28.58734130859375
7.275	0.87418212890625	-0.488583984375	9.81239501953125	-1.56402587890625	4.0435791015625	34.149169921875
7.286	0.76880126953125	-0.40954833984375	9.7189892578125	-1.7547607421875	3.10516357421875	41.3970947265625
7.297	0.833466796875	-0.31853759765625	9.7381494140625	-1.76239013671875	2.2735595703125	47.149658203125
7.307	0.59396484375	-0.18681152343750002	9.6040283203125	-1.68609619140625	0.396728515625	50.8270263671875
7.317	0.7137158203125	-0.3305126953125	9.75012451171875	-2.02178955078125	0.274658203125	53.77197265625
7.327	0.31853759765625	-0.44786865234375	9.63995361328125	-1.6021728515625	0.0	55.8624267578125
7.337	-0.19160156250000002	-0.0143701171875	10.17643798828125	-1.71661376953125	1.6632080078125	48.50006103515625
7.348	0.35685791015625	-0.39278320312500004	9.69743408203125	-1.0223388671875	0.9918212890625	41.8853759765625
7.359	1.005908203125	-0.37122802734375004	9.8483203125	-1.1444091796875	-1.80816650390625	45.0897216796875
7.369	0.57719970703125	-0.42870849609375	9.374106445312501	0.8087158203125	-1.28173828125	44.71588134765625
7.379	0.143701171875	0.0335302734375	9.79083984375	-1.129150390625	-0.396728515625	31.951904296875
7.39	0.775986328125	-0.19878662109375	9.8722705078125	-1.007080078125	0.96893310546875	27.61077880859375
7.4	1.4681469726562502	-0.1484912109375	9.702224121093751	-1.220703125	0.05340576171875	28.49578857421875
7.411	1.5663427734375002	-0.27303222656250004	9.86987548828125	-1.4495849609375	-0.81634521484375	32.98187255859375
7.421	1.4801220703125	-0.23710693359375	9.69743408203125	-1.15966796875	-1.18255615234375	35.56060791015625
7.433	1.063388671875	-0.15567626953125	9.7573095703125	-0.77056884765625	-1.1749267578125	29.25872802734375
7.443	0.97716796875	-0.0383203125	9.64474365234375	-0.78582763671875	-1.739501953125	21.78192138671875
7.454	0.6682104492187501	0.0335302734375	9.821975097656251	-1.27410888671875	-1.8463134765625	14.862060546875
7.463	0.28021728515625	-0.03592529296875	9.7381494140625	-0.091552734375	-2.23541259765625	7.17926025390625
7.473	0.28740234375	0.01676513671875	9.62558349609375	0.732421875	-2.34222412109375	1.1444091796875
7.483	0.9675878906250001	-0.0047900390625	9.860295410156251	0.08392333984375	-1.47247314453125	-6.01959228515625
7.493	1.2885205078125002	-0.10538085937500001	9.860295410156251	0.3814697265625	-1.4801025390625	-7.7362060546875
7.504	1.2406201171875	-0.009580078125	9.647138671875	-0.11444091796875	-2.37274169921875	-1.9378662109375
7.515	1.7483642578125	-0.55324951171875	9.649533691406251	1.13677978515625	-4.69207763671875	4.41741943359375
7.525	0.613125	0.22034179687500002	9.800419921875001	-0.32806396484375	-1.83868408203125	-0.579833984375
7.535	0.30177246093750004	0.10298583984375001	9.886640625	-0.25177001953125	-0.43487548828125	-15.1214599609375
7.545	1.16158447265625	-0.38320312500000003	9.7573095703125	0.03814697265625	-2.37274169921875	-20.56884765625
7.556	0.93645263671875	-0.3209326171875	9.88424560546875	0.86212158203125	-4.53948974609375	-21.026611328125
7.567	0.737666015625	-0.13172607421875002	9.79802490234375	1.38092041015625	-5.57708740234375	-29.0374755859375
7.577	0.5316943359375	-0.22034179687500002	9.8626904296875	0.9918212890625	-5.035400390625	-34.47723388671875
7.588	0.39038818359375	-0.10059082031250001	9.68306396484375	0.60272216796875	-3.2806396484375	-39.154052734375
7.599	0.11735595703125	-0.18681152343750002	9.7381494140625	1.46484375	-2.9754638671875	-42.07611083984375
7.609	0.5795947265625	-0.32332763671875003	9.66390380859375	1.953125	-2.73895263671875	-46.44012451171875
7.62	1.1136840820312501	-0.5484594726562501	9.881850585937501	1.28936767578125	-1.77764892578125	-52.3223876953125
7.631	0.8406518554687501	-0.73048095703125	9.67827392578125	0.96893310546875	-4.1046142578125	-51.47552490234375
7.642	0.61072998046875	-0.239501953125	9.829160156250001	0.6103515625	-3.12042236328125	-50.811767578125
7.653	2.3543041992187503	0.4263134765625	10.1692529296875	3.7078857421875	-14.2669677734375	-22.92633056640625
7.663	-0.4742138671875	-0.19639160156250002	9.673483886718751	0.7781982421875	2.2125244140625	-43.00689697265625
7.674	0.3784130859375	-0.536484375	9.90340576171875	1.190185546875	0.885009765625	-38.665771484375
7.685	0.95082275390625	-0.43349853515625003	10.145302734375	1.220703125	2.08282470703125	-30.81512451171875
7.695	0.011975097656250001	-0.10538085937500001	9.78365478515625	0.732421875	0.84686279296875	-28.472900390625
7.704	-0.40475830078125	0.05748046875	9.71180419921875	0.45013427734375	-0.2593994140625	-22.71270751953125
7.714	0.09101074218750001	0.10059082031250001	9.73575439453125	-0.0762939453125	-0.22125244140625	-17.3492431640625
7.725	0.37362304687500003	-0.047900390625000004	9.9968115234375	-0.03814697265625	0.95367431640625	-11.46697998046875
7.734	0.00718505859375	-0.14609619140625002	9.874665527343751	0.45013427734375	-0.00762939453125	-1.220703125
7.744	0.16046630859375	-0.3448828125	9.776469726562501	-0.1678466796875	-1.12152099609375	7.62939453125
7.753	0.050295410156250005	-0.22513183593750002	9.82676513671875	0.03814697265625	-1.9073486328125	6.96563720703125
7.764	-0.23710693359375	-0.7041357421875001	9.829160156250001	1.10626220703125	-0.19073486328125	-4.72259521484375
7.775	0.74964111328125	-0.7807763671875	9.72138427734375	0.48065185546875	1.47247314453125	-11.871337890625
7.786	0.8382568359375	-0.9053173828125001	9.695039062500001	0.38909912109375	0.946044921875	-11.4898681640625
7.796	0.9460327148437501	-1.04662353515625	9.627978515625001	-0.26702880859375	-0.091552734375	-12.09259033203125
7.806	0.28500732421875	-0.6753955078125	9.9584912109375	-0.43487548828125	0.67138671875	-19.1650390625
7.818	0.43110351562500004	-1.1256591796875	10.09500732421875	0.29754638671875	-0.946044921875	-21.53778076171875
7.829	0.8262817382812501	-0.9819580078125001	9.95130615234375	-0.1373291015625	-1.0223388671875	-18.8751220703125
7.839	0.8238867187500001	-0.699345703125	9.86508544921875	0.030517578125	-0.00762939453125	-19.59228515625
7.849	0.79754150390625	-0.73048095703125	9.627978515625001	0.19073486328125	-1.21307373046875	-20.6146240234375
7.86	1.0154882812500001	-0.47660888671875	9.754914550781251	0.579833984375	-0.518798828125	-26.89361572265625
7.871	0.8813671875000001	-0.46702880859375	9.54415283203125	0.396728515625	1.28936767578125	-34.90447998046875
7.88	0.05748046875	-0.20836669921875	9.58726318359375	1.03759765625	0.8392333984375	-48.88916015625
7.891	-0.25387207031250003	-0.03113525390625	9.6327685546875	2.349853515625	-1.27410888671875	-64.44549560546875
7.902	-0.14130615234375002	-0.050295410156250005	9.73575439453125	2.49481201171875	-0.34332275390625	-75.5615234375
7.913	1.6142431640625001	-0.31374755859375003	10.02794677734375	1.9989013671875	-1.96075439453125	-80.08575439453125
7.924	1.1160791015625	-0.41194335937500004	8.82564697265625	-3.04412841796875	4.39453125	-76.7669677734375
7.934	0.24908203125	-0.2442919921875	9.25196044921875	2.4261474609375	-2.34222412109375	-66.3909912109375
7.946	0.536484375	-0.2347119140625	9.67587890625	0.946044921875	-1.41143798828125	-61.8133544921875
7.956	-0.09101074218750001	-0.29937744140625	9.81239501953125	0.1678466796875	0.25177001953125	-56.83135986328125
7.966	-0.6562353515625	0.16046630859375	9.72617431640625	0.42724609375	1.24359130859375	-53.009033203125
7.976	-0.63468017578125	-0.0383203125	9.695039062500001	0.87738037109375	2.18963623046875	-48.43902587890625
7.987	-0.5484594726562501	-0.05748046875	9.860295410156251	1.007080078125	0.51116943359375	-41.75567626953125
7.997	-0.8574169921875	0.19399658203125	9.695039062500001	0.518798828125	2.4566650390625	-34.04998779296875
8.007	-1.5447875976562502	0.31374755859375003	9.673483886718751	0.4730224609375	1.67083740234375	-26.14593505859375
8.018	-0.1293310546875	0.00718505859375	9.340576171875	-0.81634521484375	-1.89971923828125	-11.71875
8.029	-1.1160791015625	-0.32811767578125	9.613608398437501	0.732421875	-1.8463134765625	19.22607421875
8.039	-1.22385498046875	0.0335302734375	9.73096435546875	-0.1373291015625	-1.04522705078125	20.660400390625
8.049	-1.28612548828125	0.02155517578125	9.60163330078125	-0.2899169921875	-0.60272216796875	23.76556396484375
8.059	-1.427431640625	0.08861572265625	9.627978515625001	-0.823974609375	0.3509521484375	25.44403076171875
8.07	-1.85614013671875	0.4263134765625	9.60642333984375	-0.42724609375	0.152587890625	25.91705322265625
8.08	-1.3699511718750002	0.08382568359375	9.838740234375	-0.5035400390625	0.03814697265625	27.9541015625
8.091	-1.2693603515625	-0.1293310546875	9.733359375000001	-0.732421875	-1.03759765625	28.3966064453125
8.101	-1.51365234375	0.03113525390625	9.702224121093751	-0.3509521484375	-1.5869140625	29.53338623046875
8.112	-1.4513818359375001	-0.20597167968750002	9.6998291015625	-0.17547607421875	-1.94549560546875	26.91650390625
8.123	-1.60226806640625	-0.41433837890625	9.7189892578125	-0.2899169921875	-0.14495849609375	15.29693603515625
8.133	-1.8010546875000002	-0.38320312500000003	9.73575439453125	-0.7781982421875	0.11444091796875	7.77435302734375
8.143	-1.53999755859375	-0.55564453125	9.73575439453125	-1.19781494140625	-0.05340576171875	4.50897216796875
8.155	-1.3915063476562501	-0.4742138671875	9.685458984375	-1.1444091796875	0.946044921875	5.28717041015625
8.165	-1.9423608398437502	-0.15328125	9.685458984375	-0.90789794921875	1.44195556640625	10.01739501953125
8.176	-2.212998046875	0.30416748046875003	9.71180419921875	-1.4190673828125	0.96893310546875	15.84625244140625
8.186	-2.6488916015625	0.52929931640625	9.6183984375	-1.33514404296875	0.2288818359375	20.0958251953125
8.197	-2.9195288085937503	0.7640112304687501	9.704619140625	-0.7781982421875	0.26702880859375	22.42279052734375
8.208	-2.8500732421875004	0.7424560546875001	9.635163574218751	-0.64849853515625	0.60272216796875	23.55194091796875
8.218	-2.232158203125	0.4742138671875	9.52020263671875	-0.244140625	0.30517578125	25.9552001953125
8.227	-2.117197265625	-0.124541015625	9.627978515625001	-0.54931640625	0.05340576171875	25.9857177734375
8.239	-2.0908520507812502	-0.4358935546875	9.8052099609375	-0.213623046875	0.41961669921875	19.43206787109375
8.249	-1.9471508789062502	-0.4358935546875	9.7189892578125	-0.30517578125	0.5340576171875	12.35198974609375
8.258	-1.66693359375	-0.47181884765625004	9.75012451171875	-0.00762939453125	-0.06103515625	6.65283203125
8.269	-1.1064990234375	-0.49337402343750003	9.7860498046875	-0.274658203125	-0.08392333984375	2.777099609375
8.279	-1.16637451171875	-0.32811767578125	9.781259765625	-0.29754638671875	-0.4730224609375	0.32806396484375
8.29	-0.73048095703125	-0.277822265625	9.716594238281251	-0.30517578125	-0.99945068359375	-0.29754638671875
8.3	-0.32572265625	-0.20118164062500002	9.807604980468751	-0.09918212890625	-1.8157958984375	0.3204345703125
8.309	-0.1484912109375	-0.050295410156250005	9.7860498046875	-0.35858154296875	-1.28936767578125	0.49591064453125
8.32	-0.0383203125	-0.06466552734375	9.71419921875	-0.11444091796875	-1.373291015625	0.43487548828125
8.33	-0.06466552734375	-0.0143701171875	9.6710888671875	-0.1678466796875	-1.91497802734375	0.46539306640625
8.34	-0.8861572265625001	-0.19399658203125	9.7956298828125	0.12969970703125	-7.476806640625	0.30517578125
8.349	-0.011975097656250001	-0.1484912109375	9.769284667968751	0.14495849609375	-2.29644775390625	0.54931640625
8.359	-0.067060546875	-0.06945556640625	9.68306396484375	0.31280517578125	-2.18963623046875	0.57220458984375
8.369	-0.05748046875	-0.08382568359375	9.68306396484375	0.14495849609375	-2.57110595703125	0.5340576171875
8.378	-0.023950195312500002	-0.08382568359375	9.81	0.1068115234375	-1.83868408203125	0.54168701171875
8.388	-0.0431103515625	-0.047900390625000004	9.76449462890625	0.34332275390625	-1.922607421875	0.732421875
8.397	-0.055085449218750006	-0.067060546875	9.7189892578125	0.29754638671875	-1.76239013671875	0.5645751953125
8.407	0.05748046875	-0.0335302734375	9.75012451171875	0.29754638671875	-1.01470947265625	0.5035400390625
8.416	-0.009580078125	-0.06945556640625	9.71419921875	0.09918212890625	-0.55694580078125	0.48828125
8.425	0.03592529296875	-0.076640625	9.793234863281251	0.08392333984375	-0.35858154296875	0.4425048828125
8.434	0.00718505859375	-0.10777587890625001	9.81	-0.091552734375	-0.2593994140625	0.63323974609375
8.443	0.0143701171875	-0.050295410156250005	9.723779296875	0.0152587890625	-0.22125244140625	0.38909912109375
8.452	-0.00718505859375	-0.1293310546875	9.6519287109375	-0.05340576171875	-0.0457763671875	0.5340576171875
8.461	0.0431103515625	-0.10059082031250001	9.71419921875	-0.152587890625	0.14495849609375	0.6256103515625
8.47	-0.023950195312500002	-0.07424560546875	9.747729492187501	-0.18310546875	0.244140625	0.3204345703125
8.479	-0.0143701171875	-0.076640625	9.78844482421875	-0.20599365234375	0.09918212890625	0.4425048828125
8.489	-0.08861572265625	-0.0622705078125	9.702224121093751	-0.37384033203125	0.2899169921875	0.518798828125
8.499	0.0	-0.06945556640625	9.70701416015625	-0.1220703125	0.1983642578125	0.30517578125
8.508	-0.03113525390625	-0.08861572265625	9.642348632812501	-0.2593994140625	0.18310546875	0.3814697265625
